fecha_emision,lead,fecha_pronostico,QC_hist,ens_prom,ens_1989,ens_1990,ens_1991,ens_1992,ens_1993,ens_1994,ens_1995,ens_1996,ens_1997,ens_1998,ens_1999,ens_2000,ens_2001,ens_2002,ens_2003,ens_2004,ens_2005,ens_2006,ens_2007,ens_2008,ens_2009,ens_2010,ens_2011,ens_2012,ens_2013,ens_2014,ens_2015,ens_2016,ens_2017,ens_2018,ens_2019,ens_2020
1990-01-15,1,1990-02-15,152.742,7.900,,,4.503,,4.553,4.503,,4.503,4.503,,,,5.663,42.230,,4.503,,6.440,,,4.503,,,4.503,4.989,24.281,4.503,,4.503,4.503,4.503,4.503
1990-01-15,2,1990-03-15,200.367,76.717,,,1.673,,1.722,1.673,,21.083,1.673,,,,65.864,1126.899,,1.673,,32.788,,,96.830,,,2.134,2.134,16.388,1.673,,1.673,1.673,1.673,1.673
1990-01-15,3,1990-04-15,199.016,55.350,,,0.622,,66.281,0.622,,252.801,0.622,,,,40.629,557.856,,3.896,,20.163,,,41.140,,,1.061,0.793,6.700,0.622,,0.622,0.622,0.622,0.622
1990-01-15,4,1990-05-15,158.565,54.752,,,1.024,,272.209,0.231,,82.853,0.231,,,,92.314,322.992,,183.844,,7.492,,,15.287,,,0.394,2.883,2.490,0.231,,0.325,0.272,0.232,0.231
1990-01-15,5,1990-06-15,100.938,136.636,,,44.259,,214.638,0.086,,50.707,29.220,,,,245.270,409.137,,313.430,,19.813,,,5.680,,,4.873,7.170,30.980,0.086,,0.235,10.615,418.947,654.299
1990-01-15,6,1990-07-15,50.780,213.560,,,629.239,,369.724,423.455,,45.474,38.043,,,,393.940,233.573,,165.314,,126.141,,,15.672,,,88.105,105.459,432.566,0.032,,53.122,266.946,278.610,178.672
1990-02-15,1,1990-03-15,200.367,213.382,,,61.666,,61.666,108.910,,299.205,70.007,,,,308.524,1299.928,,62.083,61.921,218.197,502.604,,446.925,,,157.514,61.784,69.377,61.666,,74.322,66.294,,61.666
1990-02-15,2,1990-04-15,199.016,134.791,,,22.914,,131.496,52.822,,487.159,30.217,,,,125.702,581.846,,43.466,490.463,81.849,142.126,,115.889,,,69.013,23.028,29.473,22.914,,33.853,53.893,,22.914
1990-02-15,3,1990-05-15,158.565,146.462,,,9.312,,320.545,45.129,,134.987,11.331,,,,165.450,330.325,,339.030,959.768,30.420,129.399,,43.257,,,25.644,72.209,11.391,8.514,,84.614,52.935,,8.514
1990-02-15,4,1990-06-15,100.938,218.012,,,58.828,,228.450,46.789,,78.270,218.228,,,,277.477,411.846,,360.300,1067.646,29.155,149.734,,18.709,,,119.737,77.190,113.480,3.164,,66.980,94.127,,722.114
1990-02-15,5,1990-07-15,50.780,265.895,,,643.138,,374.863,729.339,,59.654,116.248,,,,405.277,234.559,,179.563,393.069,131.400,68.060,,41.124,,,194.599,182.049,522.409,1.176,,200.906,389.744,,184.837
1990-02-15,6,1990-08-15,22.864,309.755,,,256.098,,564.427,447.285,,85.787,479.316,,,,181.667,519.554,,108.443,162.981,523.446,221.905,,88.810,,,314.420,293.835,149.270,599.955,,313.039,429.292,,145.824
1990-03-15,1,1990-04-15,199.016,194.457,,,79.679,,500.211,87.368,,482.296,101.497,,,,94.754,382.058,,239.621,804.567,95.978,101.256,,79.154,,,79.154,86.314,103.954,79.154,,102.036,201.330,79.154,109.615
1990-03-15,2,1990-05-15,158.565,198.051,,,221.780,,447.986,91.025,,128.676,44.800,,,,133.791,277.154,,505.009,1016.222,42.173,121.531,,29.412,,,29.412,278.818,76.714,29.412,,175.347,140.531,76.964,94.266
1990-03-15,3,1990-06-15,100.938,298.678,,,255.763,,265.228,79.915,,76.414,359.815,,,,263.629,392.413,,401.127,1082.430,57.620,149.591,,10.929,,,160.659,149.212,207.321,10.929,,104.180,145.504,727.023,1073.854
1990-03-15,4,1990-07-15,50.780,287.044,,,729.631,,388.614,765.975,,59.064,144.647,,,,400.725,227.721,,193.618,398.363,186.800,67.740,,14.596,,,209.084,216.979,557.084,4.061,,220.469,413.429,325.435,216.838
1990-03-15,5,1990-08-15,22.864,322.681,,,281.470,,569.422,454.643,,85.613,494.179,,,,180.022,517.007,,113.702,164.947,545.019,222.534,,65.983,,,319.671,306.602,159.792,779.107,,319.964,437.310,278.282,158.345
1990-03-15,6,1990-09-15,179.091,261.213,,,173.824,,176.235,394.286,,192.147,136.432,,,,275.162,162.232,,73.694,257.815,150.171,211.926,,104.909,,,236.208,846.406,452.863,226.333,,584.795,242.222,130.122,196.474
1990-04-15,1,1990-05-15,158.565,290.465,,,381.356,,372.048,200.361,107.190,,96.844,,,,230.664,220.942,782.779,518.062,879.402,82.292,320.893,,136.759,,,82.663,425.900,142.874,96.322,,275.999,,287.690,168.270
1990-04-15,2,1990-06-15,100.938,378.855,,,303.044,,243.289,129.164,200.454,,462.387,,,,301.904,370.283,635.704,400.418,1053.780,219.604,238.472,,92.779,,,352.989,185.654,253.091,44.747,,134.954,,829.766,1124.624
1990-04-15,3,1990-07-15,50.780,341.698,,,746.024,,380.463,792.642,934.446,,163.975,,,,413.550,220.525,214.901,193.139,388.467,281.167,96.937,,100.145,,,256.689,232.084,573.248,31.658,,234.993,,350.770,228.134
1990-04-15,4,1990-08-15,22.864,350.079,,,287.270,,566.439,462.478,185.617,,502.911,,,,184.651,514.298,297.299,113.531,161.276,578.631,242.317,,165.416,,,337.282,312.141,165.251,1149.446,,325.181,,287.574,162.577
1990-04-15,5,1990-09-15,179.091,269.697,,,175.978,,175.131,397.163,114.237,,139.308,,,,276.890,161.236,369.110,73.633,256.449,160.745,218.133,,158.721,,,242.516,848.459,454.925,252.962,,586.723,,133.567,198.059
1990-04-15,6,1990-10-15,210.094,224.056,,,231.597,,210.237,319.927,76.719,,103.051,,,,456.861,90.933,127.076,93.101,158.744,151.261,619.571,,345.739,,,300.137,164.228,241.930,369.041,,244.936,,90.341,85.689
1990-05-15,1,1990-06-15,100.938,377.606,,,238.198,,180.812,120.772,247.298,,565.121,,,,256.610,344.134,519.021,304.841,925.854,513.965,240.316,,132.220,,,498.835,118.848,252.903,87.185,,96.273,,776.137,1132.778
1990-05-15,2,1990-07-15,50.780,340.227,,,723.924,,356.456,790.445,950.604,,182.679,,,,399.461,212.580,183.707,164.728,356.975,355.062,92.423,,128.036,,,286.054,201.718,573.776,67.377,,212.416,,338.676,227.435
1990-05-15,3,1990-08-15,22.864,351.056,,,279.613,,558.069,461.455,190.735,,510.984,,,,179.950,511.337,285.514,102.701,149.706,603.260,246.516,,182.338,,,348.048,301.039,165.607,1181.517,,317.251,,283.143,162.334
1990-05-15,4,1990-09-15,179.091,269.714,,,173.134,,172.081,396.778,116.149,,142.035,,,,275.104,160.151,364.744,69.498,252.116,169.004,218.941,,164.984,,,246.449,844.356,455.048,260.005,,583.797,,131.924,197.975
1990-05-15,5,1990-10-15,210.094,224.084,,,230.538,,209.098,319.784,77.433,,104.089,,,,456.199,90.529,125.459,91.489,157.136,154.373,619.893,,348.357,,,301.606,162.733,241.977,371.718,,243.877,,89.729,85.657
1990-05-15,6,1990-11-15,352.589,124.660,,,98.177,,515.508,117.951,61.197,,90.777,,,,191.390,43.082,124.963,46.081,71.013,92.613,142.668,,234.744,,,141.393,75.124,151.854,118.506,,101.992,,40.691,33.473
1990-06-15,1,1990-07-15,50.780,267.737,,,631.581,,300.825,761.977,859.391,62.684,80.898,,,,317.160,122.843,76.323,89.503,209.628,263.481,46.169,,99.401,,,171.511,177.024,484.830,,,215.826,362.808,200.709,87.909
1990-06-15,2,1990-08-15,22.864,274.819,,,258.921,,540.094,455.759,171.023,81.043,458.817,,,,157.011,467.118,230.466,70.173,102.092,570.955,221.575,,163.853,,,305.891,291.064,143.740,,,318.274,423.805,236.149,103.387
1990-06-15,3,1990-09-15,179.091,254.756,,,165.453,,165.996,394.753,108.670,188.894,125.944,,,,265.842,146.385,345.168,56.236,232.171,157.282,211.191,,158.084,,,231.420,840.767,446.269,,,583.397,237.631,114.913,173.399
1990-06-15,4,1990-10-15,210.094,201.167,,,227.610,,206.798,319.035,74.605,99.495,97.796,,,,452.786,85.277,118.489,85.387,149.879,150.007,616.676,,345.431,,,295.968,161.511,238.820,,,243.812,95.048,83.342,76.739
1990-06-15,5,1990-11-15,352.589,115.525,,,97.089,,514.633,117.673,60.122,45.977,88.350,,,,190.143,41.101,122.253,43.640,68.318,90.989,141.538,,233.690,,,139.309,74.669,150.682,,,101.970,35.446,38.315,30.113
1990-06-15,6,1990-12-15,112.112,68.066,,,40.860,,194.977,43.807,31.429,17.084,241.165,,,,82.807,18.426,59.369,16.216,25.385,48.806,55.305,,258.814,,,101.297,32.422,84.722,,,37.890,13.171,14.237,11.189
1990-07-15,1,1990-08-15,22.864,183.656,,,107.641,,405.834,279.626,30.793,63.800,,,,,53.570,395.759,191.213,39.881,30.123,447.227,236.865,,117.084,,,221.266,197.194,28.793,,,222.857,285.186,134.756,
1990-07-15,2,1990-09-15,179.091,229.263,,,107.322,,131.698,339.934,38.277,177.472,,,,,203.761,129.347,331.443,41.225,180.570,126.487,215.174,,138.120,,,203.512,806.021,365.857,,,541.584,197.011,81.185,
1990-07-15,3,1990-10-15,210.094,199.314,,,201.848,,192.471,299.203,41.955,95.507,,,,,429.854,78.310,114.087,76.963,132.091,137.756,618.335,,336.606,,,285.142,151.199,214.863,,,231.074,80.136,69.562,
1990-07-15,4,1990-11-15,352.589,116.116,,,87.557,,508.892,110.451,44.685,44.404,,,,,182.407,38.371,120.374,40.235,61.721,86.393,142.093,,230.568,,,135.374,70.738,141.613,,,97.291,29.893,33.149,
1990-07-15,5,1990-12-15,112.112,59.918,,,37.218,,192.961,41.121,25.145,16.499,,,,,79.914,17.345,58.671,14.950,22.934,47.065,55.512,,257.608,,,99.787,30.944,81.189,,,36.151,11.107,12.318,
1990-07-15,6,1991-01-15,41.658,43.746,,,13.829,,84.731,15.279,9.343,6.131,,,,,30.985,7.735,22.847,5.555,8.522,21.076,20.627,,96.290,,,44.949,251.390,83.079,,,13.433,90.798,4.577,
1990-08-15,1,1990-09-15,179.091,115.310,,,26.578,20.444,9.600,154.121,17.593,101.782,,,,,141.266,9.387,167.424,17.815,154.844,9.192,50.195,,46.260,,,63.938,622.909,326.852,,46.250,371.742,52.509,10.801,
1990-08-15,2,1990-10-15,210.094,138.429,,,135.688,20.898,86.939,232.049,22.777,67.708,,,,,398.879,7.450,70.358,53.990,122.977,25.743,511.205,,275.470,,,209.799,119.697,206.176,,96.548,192.880,27.888,21.895,
1990-08-15,3,1990-11-15,352.589,88.575,,,63.998,11.758,445.370,88.928,30.933,32.718,,,,,173.580,4.847,94.970,30.783,58.170,31.664,116.416,,209.876,,,109.847,57.396,138.143,,53.002,83.711,10.363,13.597,
1990-08-15,4,1990-12-15,112.112,48.561,,,27.696,4.369,175.039,33.075,18.805,12.157,,,,,76.656,2.249,49.108,11.438,21.615,21.621,45.732,,249.106,,,88.573,25.663,79.705,,37.167,31.105,3.851,5.052,
1990-08-15,5,1991-01-15,41.658,37.677,,,10.291,1.623,78.080,12.290,6.987,4.517,,,,,29.774,1.094,19.142,4.250,8.032,10.261,16.993,,93.348,,,40.727,249.428,82.257,,20.596,11.558,88.102,1.877,
1990-08-15,6,1991-02-15,15.479,43.602,,,78.345,0.653,29.013,8.803,2.596,1.679,,,,,49.474,28.424,7.452,1.579,4.921,4.856,6.314,,368.891,,,15.618,212.472,42.896,,7.653,4.295,39.022,0.698,
1990-09-15,1,1990-10-15,210.094,171.955,,,253.140,103.426,243.779,249.641,114.398,92.949,,,,,415.043,,72.766,177.954,129.686,136.308,,68.607,345.222,,,283.229,70.851,178.189,,166.545,149.787,69.088,118.491,
1990-09-15,2,1990-11-15,352.589,109.703,,,105.034,49.043,538.781,93.236,87.912,43.830,,,,,178.239,,96.807,77.125,60.682,84.884,,25.493,233.440,,,133.135,33.103,126.216,,80.295,68.683,25.960,52.156,
1990-09-15,3,1990-12-15,112.112,57.370,,,44.607,18.223,200.552,34.699,43.622,16.290,,,,,78.356,,49.742,28.661,22.548,45.754,,9.473,258.854,,,99.734,15.071,74.883,,51.783,25.521,9.646,19.380,
1990-09-15,4,1991-01-15,41.658,41.990,,,16.575,6.771,87.538,12.893,16.209,6.056,,,,,30.406,,19.297,10.650,8.378,20.401,,3.520,96.678,,,44.962,245.492,79.982,,27.049,9.483,90.255,7.201,
1990-09-15,5,1991-02-15,15.479,45.289,,,80.680,2.565,32.527,9.027,6.023,2.250,,,,,49.708,,7.493,3.957,5.049,8.624,,1.308,370.276,,,17.192,211.010,42.022,,10.051,3.524,39.822,2.676,
1990-09-15,6,1991-03-15,5.752,89.429,,,41.036,0.983,12.086,65.225,21.648,0.836,,,,,1129.678,,2.784,1.470,32.271,144.167,,95.643,103.830,,,6.668,93.606,15.614,,3.735,1.309,14.997,0.994,
1990-10-15,1,1990-11-15,352.589,132.087,,,92.172,85.059,505.658,85.046,141.062,86.322,,,,,117.506,,253.381,85.203,85.045,86.831,,98.196,180.265,,,109.871,133.153,149.735,,91.943,85.046,85.201,85.046,
1990-10-15,2,1990-12-15,112.112,64.933,,,37.916,31.614,192.685,31.602,65.534,33.813,,,,,53.714,,100.780,31.755,31.601,33.575,,42.239,231.592,,,83.418,58.713,86.227,,56.918,31.602,31.753,31.602,
1990-10-15,3,1991-01-15,41.658,45.184,,,14.089,11.747,84.527,11.743,24.351,13.119,,,,,21.250,,41.151,11.800,11.742,12.654,,15.695,88.129,,,38.676,261.708,87.981,,29.130,11.743,100.704,11.743,
1990-10-15,4,1991-02-15,15.479,46.468,,,79.757,4.414,31.408,8.599,9.048,4.875,,,,,46.306,,16.175,4.384,6.299,5.746,,5.832,366.403,,,14.856,217.035,45.236,,10.824,4.363,43.445,4.363,
1990-10-15,5,1991-03-15,5.752,89.878,,,40.693,1.670,11.671,65.066,22.772,1.811,,,,,1128.413,,6.010,1.629,32.735,143.097,,97.324,102.584,,,5.800,95.845,16.809,,4.022,1.621,16.358,1.621,
1990-10-15,6,1991-04-15,2.137,75.111,,,79.041,66.262,4.336,37.201,253.429,0.673,,,,,558.419,,5.507,275.054,20.144,64.152,,41.324,39.018,,,2.155,40.488,6.246,,1.494,0.602,6.078,0.602,
1990-11-15,1,1990-12-15,112.112,139.620,,,112.112,112.770,169.449,112.112,,161.037,,,,112.151,112.112,,118.595,112.654,112.112,123.475,,112.112,264.820,,,213.030,112.112,171.976,,200.186,112.134,131.230,116.225,
1990-11-15,2,1991-01-15,41.658,80.783,,,41.658,42.294,75.947,41.658,,70.426,,,,41.696,42.949,,49.362,42.183,41.658,51.184,,41.658,99.894,,,86.671,281.550,154.165,,87.092,41.679,236.620,45.313,
1990-11-15,3,1991-02-15,15.479,59.463,,,90.001,15.765,28.220,19.715,,26.169,,,,16.653,54.369,,19.406,15.674,17.415,20.063,,15.479,371.254,,,32.690,224.408,70.118,,32.393,15.487,87.150,16.837,
1990-11-15,4,1991-03-15,5.752,96.979,,,44.499,5.888,10.486,69.197,,9.724,,,,69.947,1131.409,,7.211,5.824,36.866,148.417,,100.909,104.254,,,12.427,98.584,26.060,,12.036,5.755,33.834,6.256,
1990-11-15,5,1991-04-15,2.137,66.309,,,80.455,67.829,3.896,38.736,,3.613,,,,42.146,559.532,,5.953,276.613,21.679,66.128,,42.656,39.638,,,4.618,41.506,9.683,,4.472,2.138,12.572,2.325,
1990-11-15,6,1991-05-15,1.587,102.957,,,133.309,272.784,1.448,15.262,,1.343,,,,92.878,323.615,,184.608,900.026,8.055,63.437,,15.850,14.729,,,4.304,15.770,3.598,,1.755,0.836,4.672,0.864,
1990-12-15,1,1991-01-15,41.658,58.210,41.658,,41.658,41.658,41.658,41.658,,41.658,,,,41.658,42.949,41.658,42.088,41.658,41.658,41.658,,41.658,41.658,,,41.658,301.134,53.954,,41.658,41.658,132.308,41.658,
1990-12-15,2,1991-02-15,15.479,56.247,163.718,,90.001,15.529,15.479,19.715,,15.479,,,,16.639,54.369,43.497,15.889,15.479,17.415,16.523,,15.479,346.765,,,15.964,230.596,25.576,,15.479,15.479,56.894,15.479,
1990-12-15,3,1991-03-15,5.752,95.841,204.445,,44.499,5.800,5.752,69.197,,5.752,,,,69.942,1131.409,23.738,5.904,5.752,36.866,147.102,,100.909,95.938,,,6.212,101.194,9.503,,5.752,5.752,21.340,5.752,
1990-12-15,4,1991-04-15,2.137,68.796,200.531,,80.455,67.796,2.137,38.736,,2.137,,,,42.144,559.532,8.820,5.468,276.586,21.679,65.640,,42.656,36.549,,,2.308,42.476,3.531,,2.137,2.137,7.929,2.137,
1990-12-15,5,1991-05-15,1.587,109.864,159.128,,133.309,272.772,0.794,15.262,,0.794,,,,92.877,323.615,206.915,184.428,900.016,8.055,63.256,,15.850,13.581,,,3.446,16.130,1.312,,0.888,0.836,2.947,0.794,
1990-12-15,6,1991-06-15,44.468,214.303,101.147,,411.881,214.847,0.295,74.893,,29.429,,,,245.479,409.368,522.504,313.648,1054.581,20.022,103.127,,5.889,5.046,,,7.379,108.908,0.488,,0.444,10.824,419.956,654.508,
1991-01-15,1,1991-02-15,15.479,46.359,,163.718,,90.001,15.529,15.479,19.715,,15.479,,,,16.639,53.205,43.497,15.479,15.479,17.415,16.523,,15.479,346.765,,,15.964,35.257,15.479,,15.479,,15.479,15.479
1991-01-15,2,1991-03-15,5.752,95.338,,204.445,,44.499,5.800,5.752,69.197,,5.752,,,,69.942,1130.977,23.738,5.752,5.752,36.866,147.102,,100.909,95.938,,,6.212,20.467,5.752,,5.752,,5.752,5.752
1991-01-15,3,1991-04-15,2.137,69.987,,200.531,,80.455,67.796,2.137,38.736,,2.137,,,,42.144,559.372,8.820,5.411,276.586,21.679,65.640,,42.656,36.549,,,2.308,8.216,2.137,,2.137,,2.137,2.137
1991-01-15,4,1991-05-15,1.587,114.302,,159.128,,133.309,272.772,0.794,15.262,,0.794,,,,92.877,323.555,206.915,184.407,900.016,8.055,63.256,,15.850,13.581,,,3.446,3.053,0.794,,0.888,,0.795,0.794
1991-01-15,5,1991-06-15,44.468,220.243,,101.147,,411.881,214.847,0.295,74.893,,29.429,,,,245.479,409.346,522.504,313.640,1054.581,20.022,103.127,,5.889,5.046,,,7.379,31.190,0.295,,0.444,,419.156,654.508
1991-01-15,6,1991-07-15,629.317,239.268,,50.858,,390.194,369.802,423.532,878.189,,38.120,,,,394.018,233.651,184.054,165.392,388.515,126.218,51.386,,15.750,266.012,,,105.537,432.644,0.110,,53.200,,278.688,178.750
1991-02-15,1,1991-03-15,5.752,58.331,,6.111,,,5.752,5.752,17.769,,5.752,,,,27.803,783.970,5.752,5.752,5.752,23.948,131.346,,100.909,5.752,,,5.752,5.752,5.752,,5.752,,5.752,5.752
1991-02-15,2,1991-04-15,2.137,52.594,,16.779,,,67.778,2.137,11.295,,2.137,,,,17.253,515.385,2.137,5.411,276.586,15.166,62.190,,42.656,2.137,,,2.137,2.137,2.137,,2.137,,2.137,2.137
1991-02-15,3,1991-05-15,1.587,100.469,,37.608,,,272.765,0.794,4.197,,0.794,,,,46.722,311.926,160.970,184.407,900.016,5.635,59.460,,15.850,0.794,,,3.382,0.794,0.794,,0.888,,0.795,0.794
1991-02-15,4,1991-06-15,44.468,199.857,,43.488,,,214.844,0.295,13.714,,29.429,,,,211.642,405.062,504.181,313.640,1054.581,19.123,98.737,,5.889,0.295,,,7.355,0.469,0.295,,0.444,,419.156,654.508
1991-02-15,5,1991-07-15,629.317,212.951,,27.026,,,369.801,423.532,791.378,,38.120,,,,380.958,232.126,179.701,165.392,388.515,125.884,49.784,,15.750,123.976,,,105.528,330.809,0.110,,53.200,,278.688,178.750
1991-02-15,6,1991-08-15,252.977,269.266,,12.948,,,562.589,406.545,156.124,,423.713,,,,173.289,518.647,283.994,103.058,161.292,521.139,207.757,,62.588,166.889,,,263.352,114.344,599.559,,241.793,,262.345,143.361
1991-03-15,1,1991-04-15,2.137,21.165,,2.866,,,67.778,2.137,2.137,,2.137,,,,2.137,19.571,2.137,5.411,276.586,2.137,2.137,,2.137,,,,2.137,2.137,2.137,,2.137,,2.137,2.137
1991-03-15,2,1991-05-15,1.587,85.330,,4.939,,,272.765,0.794,0.794,,0.794,,,,0.794,84.034,160.970,184.407,900.016,0.794,1.929,,0.794,,,,3.382,0.794,0.794,,0.888,,0.795,0.794
1991-03-15,3,1991-06-15,44.468,188.276,,8.992,,,214.844,0.295,0.295,,29.429,,,,33.988,304.402,504.181,313.640,1054.581,17.324,12.749,,0.295,,,,7.355,0.469,0.295,,0.444,,419.156,654.508
1991-03-15,4,1991-07-15,629.317,191.025,,7.037,,,369.801,411.872,545.596,,38.120,,,,241.883,200.133,179.701,165.392,388.515,125.216,9.025,,0.110,,,,105.528,330.809,0.110,,53.200,,278.688,178.750
1991-03-15,5,1991-08-15,252.977,263.486,,3.533,,,562.589,404.579,136.374,,423.713,,,,136.742,506.596,283.994,103.058,161.292,520.890,128.263,,9.850,,,,263.352,114.344,599.559,,241.793,,262.345,143.361
1991-03-15,6,1991-09-15,163.257,245.051,,91.307,,,173.712,378.271,94.194,,117.057,,,,255.882,158.417,364.182,69.690,256.456,143.240,178.598,,46.725,,,,830.565,432.670,208.942,,541.202,,124.316,190.549
1991-04-15,1,1991-05-15,1.587,21.241,,0.794,,,0.834,0.794,0.794,,0.794,,,,0.794,0.794,160.970,15.876,231.843,0.794,1.929,,0.794,0.794,,,2.260,0.794,0.794,,0.794,,0.795,0.794
1991-04-15,2,1991-06-15,44.468,137.772,,0.295,,,17.883,0.295,0.295,,24.779,,,,25.535,20.003,504.181,194.216,938.790,17.324,12.749,,0.295,0.295,,,5.550,0.295,0.295,,0.295,,419.156,572.915
1991-04-15,3,1991-07-15,629.317,163.055,,0.110,,,236.738,401.197,518.022,,33.550,,,,210.908,82.491,179.701,130.958,358.766,125.216,9.025,,0.110,123.976,,,103.815,262.752,0.110,,31.993,,278.688,172.977
1991-04-15,4,1991-08-15,252.977,249.762,,0.041,,,521.828,403.246,134.441,,418.233,,,,126.746,447.336,283.994,89.653,150.352,520.890,128.263,,9.850,166.889,,,262.746,104.420,599.559,,223.514,,262.345,140.889
1991-04-15,5,1991-09-15,163.257,240.379,,4.843,,,159.731,377.858,93.287,,115.856,,,,249.527,140.211,364.182,64.484,252.362,143.240,178.598,,46.725,315.749,,,830.342,426.831,208.942,,520.945,,124.316,189.549
1991-04-15,6,1991-10-15,226.830,192.738,,60.201,,,204.396,312.866,68.328,,93.549,,,,447.041,82.917,125.250,89.492,157.228,144.558,604.357,,225.026,103.619,,,157.909,232.396,348.867,,227.308,,86.889,82.565
1991-05-15,1,1991-06-15,44.468,168.037,,2.235,,,16.599,3.577,51.270,,315.628,,,,67.684,118.562,268.681,91.384,657.276,275.308,52.264,,4.601,5.141,,,2.773,53.571,1.032,,1.089,,512.952,859.114
1991-05-15,2,1991-07-15,629.317,236.687,,1.803,,,244.049,622.838,856.269,,134.347,,,,303.467,147.575,134.435,95.469,317.348,294.940,30.838,,34.359,397.116,,,74.421,484.072,1.250,,71.598,,295.507,192.044
1991-05-15,3,1991-08-15,252.977,297.603,,0.901,,,523.170,431.925,165.537,,489.598,,,,152.011,485.571,265.827,74.519,135.703,582.697,191.854,,116.946,242.656,,,245.006,139.770,1032.786,,258.952,,267.786,148.843
1991-05-15,4,1991-09-15,163.257,260.006,,90.971,,,160.086,386.426,106.670,,134.909,,,,263.783,151.155,357.520,58.190,246.733,161.849,202.410,,139.109,350.605,,,823.966,444.991,241.792,,559.865,,126.266,192.825
1991-05-15,5,1991-10-15,226.830,207.562,,168.804,,,204.554,315.961,73.875,,101.366,,,,452.044,87.154,122.806,86.685,155.148,151.690,613.515,,336.805,114.659,,,155.944,238.316,364.435,,236.100,,87.616,83.755
1991-05-15,6,1991-11-15,96.800,129.941,,332.578,,,513.799,116.537,59.856,,89.737,,,,189.870,41.821,123.966,44.248,70.274,91.615,140.452,,230.632,42.605,,,72.572,150.489,115.978,,99.124,,39.905,32.764
1991-06-15,1,1991-07-15,629.317,232.353,,34.565,,,295.331,760.064,857.996,,67.945,,,,312.716,110.719,63.259,77.728,203.901,258.586,27.688,,85.766,,,164.232,169.369,481.802,69.109,,209.029,358.106,194.802,76.699
1991-06-15,2,1991-08-15,252.977,314.394,,19.457,,,536.596,449.755,164.497,,461.007,,,,152.099,468.520,231.759,68.184,97.673,567.113,227.785,,164.836,,,303.356,288.753,138.112,1193.864,,314.752,419.656,232.631,101.868
1991-06-15,3,1991-09-15,163.257,258.212,,184.343,,,164.307,392.428,106.305,,125.187,,,,264.452,145.664,345.289,56.009,231.272,155.449,211.357,,158.465,,,230.264,839.813,444.444,261.455,,582.704,235.848,113.410,173.990
1991-06-15,4,1991-10-15,226.830,213.109,,211.639,,,206.195,318.167,73.745,,97.670,,,,452.241,85.070,118.424,85.943,149.486,149.342,617.043,,345.852,,,295.554,161.060,238.101,372.294,,243.416,94.392,82.790,76.867
1991-06-15,5,1991-11-15,96.800,131.091,,353.365,,,514.424,117.350,59.811,,88.337,,,,189.931,41.037,122.279,43.960,68.168,90.744,141.597,,233.823,,,139.153,74.503,150.412,118.708,,101.820,35.202,38.109,30.180
1991-06-15,6,1991-12-15,40.753,72.779,,112.316,,,194.896,43.686,31.315,,241.189,,,,82.728,18.402,59.378,16.335,25.330,48.716,55.328,,258.874,,,101.240,32.360,84.623,45.350,,37.834,13.080,14.161,11.214
1991-07-15,1,1991-08-15,252.977,396.381,,134.394,,,575.285,444.086,152.318,,616.664,,,,181.615,564.387,349.042,165.334,148.853,619.932,401.676,,264.678,,,380.847,354.339,148.482,1317.113,,371.619,449.690,287.266,
1991-07-15,2,1991-09-15,163.257,288.041,,262.158,,,176.070,390.155,100.919,,162.886,,,,277.084,174.064,386.070,98.839,258.891,169.739,264.405,,195.776,,,255.393,863.386,448.973,293.657,,604.603,245.212,132.544,
1991-07-15,3,1991-10-15,226.830,229.712,,239.763,,,210.784,317.316,71.473,,113.349,,,,456.914,96.000,132.732,106.711,159.186,154.903,637.128,,360.885,,,305.247,169.007,239.673,384.416,,250.725,97.854,90.178,
1991-07-15,4,1991-11-15,96.800,139.857,,364.725,,,516.193,117.032,58.830,,94.777,,,,191.609,45.181,127.884,51.997,71.786,92.820,148.825,,239.283,,,142.683,77.487,151.000,123.158,,104.520,36.490,40.866,
1991-07-15,5,1991-12-15,40.753,77.256,,116.153,,,195.536,43.568,30.928,,244.205,,,,83.353,19.969,61.462,19.321,26.674,49.497,58.017,,260.944,,,102.592,33.475,84.844,47.007,,38.837,13.559,15.185,
1991-07-15,6,1992-01-15,15.143,49.407,,43.160,,,85.687,16.189,11.492,,95.617,,,,32.263,8.741,23.893,7.179,9.911,21.991,21.558,,97.504,,,45.995,252.331,84.673,18.176,,14.431,91.709,5.642,
1991-08-15,1,1991-09-15,163.257,251.427,,375.557,,156.761,126.348,345.141,151.696,,113.002,,,,329.714,126.455,361.927,143.339,347.344,110.434,,,206.698,,,229.363,,538.932,198.195,,588.678,204.238,123.299,
1991-08-15,2,1991-10-15,226.830,202.323,,275.836,,92.185,186.201,301.970,96.927,,90.807,,,,475.621,75.888,124.718,136.788,185.984,117.577,,,367.917,,,295.617,,261.638,343.981,,245.410,82.839,86.230,
1991-08-15,3,1991-11-15,96.800,136.851,,379.652,,42.258,504.657,111.681,71.720,,85.272,,,,197.428,37.184,124.454,63.442,81.775,77.853,,,241.462,,,139.099,,159.628,109.751,,102.564,30.880,39.409,
1991-08-15,4,1991-12-15,40.753,77.020,,121.006,,15.702,191.865,41.577,36.256,,239.637,,,,85.527,16.857,60.191,23.574,30.386,43.230,,,261.862,,,101.268,,88.283,41.939,,38.111,11.474,14.644,
1991-08-15,5,1992-01-15,15.143,37.792,,44.963,,5.834,84.329,15.449,13.472,,94.053,,,,33.071,7.538,23.422,8.759,11.291,19.477,,,97.825,,,45.502,,86.267,16.250,,14.161,90.935,5.441,
1991-08-15,6,1992-02-15,80.148,36.768,,16.707,,2.217,31.335,9.976,5.006,,39.191,,,,50.698,30.819,9.072,3.255,6.132,8.281,,,370.666,,,17.393,,44.451,6.038,,5.262,40.074,2.022,
1991-09-15,1,1991-10-15,226.830,154.038,,184.098,,95.627,218.919,220.457,100.482,84.356,,,,,378.084,92.787,72.916,155.255,111.227,118.431,,,309.511,,,253.137,71.062,153.302,,145.263,130.800,71.087,113.968,
1991-09-15,2,1991-11-15,96.800,114.279,,333.955,,43.373,517.106,87.395,73.866,37.262,,,,,170.933,44.000,78.940,70.168,53.190,73.218,,,222.859,,,123.618,30.213,116.619,,71.110,61.395,26.429,49.929,
1991-09-15,3,1991-12-15,40.753,57.696,,108.259,,16.116,195.983,32.499,37.144,13.846,,,,,75.279,20.350,42.133,26.073,19.764,39.429,,,253.531,,,94.931,13.233,69.419,,44.747,22.813,9.821,18.553,
1991-09-15,4,1992-01-15,15.143,41.971,,40.227,,5.988,85.881,12.076,13.802,5.145,,,,,29.263,9.147,16.350,9.688,7.344,17.488,,,95.148,,,43.101,244.809,74.735,,23.549,8.477,90.320,6.894,
1991-09-15,5,1992-02-15,80.148,42.924,,14.947,,2.275,31.911,8.723,5.128,1.912,,,,,49.283,31.417,6.377,3.600,4.665,7.542,,,369.440,,,16.500,210.756,39.701,,8.750,3.150,39.846,2.562,
1991-09-15,6,1992-03-15,40.838,83.622,,5.554,,0.875,11.857,65.112,21.315,0.710,,,,,1129.520,19.249,2.370,1.338,32.128,143.765,,,103.594,,,6.411,93.511,14.752,,3.251,1.170,15.005,0.952,
1991-10-15,1,1991-11-15,96.800,150.773,,363.054,,86.833,516.109,86.819,,88.992,,,,,125.723,96.146,263.615,87.716,86.217,91.059,,100.952,188.865,,,114.498,144.906,162.326,,,86.780,87.542,86.538,
1991-10-15,2,1991-12-15,40.753,70.791,,114.206,,32.631,196.138,32.618,,35.032,,,,,56.717,48.901,103.643,33.456,32.036,37.558,,44.140,235.845,,,90.671,62.203,91.018,,,32.581,33.293,32.348,
1991-10-15,3,1992-01-15,15.143,48.521,,42.436,,12.125,85.920,12.120,,13.267,,,,,22.366,22.067,42.782,12.431,11.904,14.678,,16.401,89.979,,,41.514,263.005,89.819,,,12.106,104.959,12.020,
1991-10-15,4,1992-02-15,80.148,46.769,,15.768,,4.555,31.926,8.740,,4.930,,,,,46.721,36.217,16.914,4.619,6.359,6.498,,6.094,366.588,,,15.911,217.517,45.734,,,4.498,44.558,4.466,
1991-10-15,5,1992-03-15,40.838,92.616,,5.859,,1.722,11.863,65.118,,1.832,,,,,1128.568,21.033,6.285,1.716,32.758,143.377,,97.421,102.791,,,6.192,96.024,16.994,,,1.672,16.814,1.660,
1991-10-15,6,1992-04-15,79.095,62.067,,2.177,,66.281,4.408,37.220,,0.681,,,,,558.476,7.815,5.609,275.086,20.152,64.255,,41.360,39.095,,,2.301,40.555,6.314,,,0.621,6.248,0.617,
1991-11-15,1,1991-12-15,40.753,56.577,,40.753,,40.753,51.203,40.753,,46.804,210.250,,,,40.753,52.520,40.753,40.753,40.753,40.753,,40.753,99.977,,,88.002,40.753,51.766,,,40.753,41.984,40.753,
1991-11-15,2,1992-01-15,15.143,43.024,,15.143,,15.143,24.030,15.143,,20.423,87.261,,,,16.434,24.321,15.573,15.143,15.143,15.143,,15.143,48.098,,,40.503,255.035,61.981,,,15.143,130.524,15.143,
1991-11-15,3,1992-02-15,80.148,43.175,,5.627,,5.676,8.929,9.863,,7.589,35.937,,,,44.517,37.055,6.036,5.627,7.563,6.670,,5.627,349.158,,,15.535,214.556,34.595,,,5.627,51.680,5.627,
1991-11-15,4,1992-03-15,40.838,87.560,,2.091,,2.139,3.318,65.536,,2.820,13.353,,,,1127.749,21.344,2.243,2.091,33.205,143.441,,97.248,96.827,,,6.052,94.923,12.855,,,2.091,19.791,2.091,
1991-11-15,5,1992-04-15,79.095,62.996,,0.777,,66.436,1.233,37.376,,1.048,88.765,,,,558.172,7.931,4.107,275.225,20.318,64.279,,41.295,36.879,,,2.249,40.146,4.777,,,0.777,7.354,0.777,
1991-11-15,6,1992-05-15,132.804,112.088,,1.082,,272.266,0.458,14.757,,0.389,216.526,,,,323.109,206.585,183.922,899.510,7.550,62.750,,15.344,13.703,,,3.424,15.264,1.775,,,0.330,2.733,0.289,
1991-12-15,1,1992-01-15,15.143,31.998,15.143,15.143,,15.143,15.143,15.143,,,15.143,,,,16.434,15.143,15.573,15.143,15.143,15.143,,15.143,15.143,,,15.143,255.035,23.960,15.143,,,101.814,15.143,
1991-12-15,2,1992-02-15,80.148,46.091,153.865,5.627,,5.676,5.627,9.863,,,5.627,,,,44.517,33.645,6.036,5.627,7.563,6.670,,5.627,336.912,,,6.112,214.556,12.898,5.627,,,44.117,5.627,
1991-12-15,3,1992-03-15,40.838,96.122,200.784,2.091,,2.139,2.091,65.536,,,2.091,,,,1127.749,20.077,2.243,2.091,33.205,143.441,,97.248,92.277,,,2.551,94.923,4.793,8.437,,,16.592,2.091,
1991-12-15,4,1992-04-15,79.095,92.381,199.171,0.777,,66.436,0.777,37.376,,,75.054,,,,558.172,7.460,4.107,275.225,20.318,64.279,,41.295,35.188,,,0.948,40.146,1.781,412.168,,,6.165,0.777,
1991-12-15,5,1992-05-15,132.804,128.251,158.623,1.082,,272.266,0.289,14.757,,,189.852,,,,323.109,206.410,183.922,899.510,7.550,62.750,,15.344,13.075,,,2.941,15.264,0.662,195.026,,,2.291,0.289,
1991-12-15,6,1992-06-15,411.694,226.155,100.959,44.280,,214.659,0.107,74.705,,,360.498,,,,409.180,522.316,313.460,1054.393,19.834,102.939,,5.702,4.858,,,7.191,105.675,0.246,108.057,,,419.712,654.320,
1992-01-15,1,1992-02-15,80.148,34.267,,153.865,5.627,,5.676,5.627,9.863,,5.627,5.627,,,,43.353,33.645,5.627,5.627,7.563,6.670,,,336.912,,,6.112,25.404,5.627,5.627,,,5.627,5.627
1992-01-15,2,1992-03-15,40.838,86.569,,200.784,2.091,,2.139,2.091,65.536,,2.091,2.091,,,,1127.316,20.077,2.091,2.091,33.205,143.441,,,92.277,,,2.551,16.806,2.091,8.437,,,2.091,2.091
1992-01-15,3,1992-04-15,79.095,88.360,,199.171,0.777,,66.436,0.777,37.376,,0.777,75.054,,,,558.011,7.460,4.051,275.225,20.318,64.279,,,35.188,,,0.948,6.855,0.777,412.168,,,0.777,0.777
1992-01-15,4,1992-05-15,132.804,126.739,,158.623,1.082,,272.266,0.289,14.757,,0.289,189.852,,,,323.049,206.410,183.901,899.510,7.550,62.750,,,13.075,,,2.941,2.547,0.289,195.026,,,0.289,0.289
1992-01-15,5,1992-06-15,411.694,223.552,,100.959,44.280,,214.659,0.107,74.705,,29.241,360.498,,,,409.158,522.316,313.452,1054.393,19.834,102.939,,,4.858,,,7.191,31.002,0.107,108.057,,,418.968,654.320
1992-01-15,6,1992-07-15,390.124,306.389,,50.788,629.247,,369.732,423.463,878.119,,38.051,601.557,,,,233.581,183.984,165.322,388.446,126.148,51.316,,,265.942,,,105.467,432.574,0.040,726.698,,,278.618,178.680
1992-02-15,1,1992-03-15,40.838,132.940,,128.683,40.838,,40.838,59.309,157.531,,41.919,45.869,,,,1169.637,40.838,40.838,40.838,,398.854,,,40.838,,,40.838,41.379,40.838,165.622,41.617,,40.838,40.838
1992-02-15,2,1992-04-15,79.095,125.705,,151.002,15.175,,92.798,29.239,76.441,,16.195,301.964,,,,565.574,15.175,18.894,386.882,,121.452,,,15.175,,,15.175,15.686,15.175,615.832,15.915,,15.175,15.175
1992-02-15,3,1992-05-15,132.804,152.247,,138.259,6.432,,293.070,20.334,34.607,,6.018,317.555,,,,325.478,234.861,265.353,937.778,,114.306,,,5.638,,,27.829,5.829,5.638,256.565,38.115,,5.639,5.638
1992-02-15,4,1992-06-15,411.694,246.019,,92.609,46.268,,220.504,25.900,104.028,,150.354,402.985,,,,410.063,531.264,342.602,1062.776,,141.120,,,2.095,,,39.202,58.003,2.095,132.241,39.432,,443.917,672.923
1992-02-15,5,1992-07-15,390.124,329.217,,47.482,629.985,,371.882,701.805,893.733,,95.611,615.497,,,,233.912,186.219,173.884,391.370,,65.003,,,153.036,,,154.694,485.721,0.779,737.452,181.902,,283.424,180.945
1992-02-15,6,1992-08-15,163.461,288.035,,21.547,253.225,,563.351,442.264,174.117,,466.991,289.094,,,,519.313,286.486,106.301,162.351,,219.893,,,181.956,,,283.876,140.280,599.808,335.259,306.421,,263.927,144.234
1992-03-15,1,1992-04-15,79.095,70.068,,21.597,15.175,,174.092,15.175,15.175,,15.175,165.122,,,,92.819,15.175,31.568,427.119,,15.175,,,15.175,,,15.175,15.175,15.175,291.777,15.175,,15.175,15.175
1992-03-15,2,1992-05-15,132.804,130.117,,24.284,22.974,,345.770,5.639,5.638,,5.638,265.808,,,,160.424,240.744,310.495,945.712,,9.880,,,5.638,,,49.030,5.638,5.638,171.357,10.752,,5.639,5.638
1992-03-15,3,1992-06-15,411.694,235.790,,31.688,119.629,,235.059,3.028,4.755,,117.600,386.482,,,,346.297,532.596,353.411,1064.352,,24.095,,,2.095,,,55.205,42.001,2.095,97.427,9.116,,465.535,823.329
1992-03-15,4,1992-07-15,390.124,309.034,,21.710,678.544,,377.337,567.679,713.161,,85.769,609.956,,,,212.524,186.534,177.359,391.907,,14.836,,,190.991,,,165.339,448.615,0.779,720.661,137.369,,289.073,190.538
1992-03-15,5,1992-08-15,163.461,282.203,,10.699,265.274,,565.315,426.237,148.194,,460.812,287.079,,,,511.321,286.605,107.612,162.550,,155.821,,,200.556,,,287.798,133.883,599.808,329.852,290.718,,265.728,148.201
1992-03-15,6,1992-09-15,116.330,262.777,,146.442,167.818,,174.717,384.738,99.572,,126.626,167.075,,,,160.137,365.146,71.413,256.924,,191.197,,,333.300,,,839.468,442.187,209.034,228.070,573.594,,125.528,192.557
1992-04-15,1,1992-05-15,132.804,232.948,,96.360,305.555,,297.188,131.616,56.597,,46.459,217.496,,,,151.465,700.224,438.158,795.996,,250.897,,,65.040,,,348.875,82.763,46.073,106.460,202.527,,213.177,106.033
1992-04-15,2,1992-06-15,411.694,338.457,,72.303,279.811,,219.947,103.379,161.273,,418.361,368.774,,,,342.358,616.652,379.842,1035.253,,212.516,,,74.031,,,164.098,219.673,20.018,74.693,111.942,,804.793,1089.416
1992-04-15,3,1992-07-15,390.124,374.834,,39.050,737.748,,371.647,781.107,919.645,,153.184,604.065,,,,211.306,208.329,185.875,382.091,,87.861,,,516.801,,,223.574,561.323,16.238,709.930,225.101,,342.848,218.966
1992-04-15,4,1992-08-15,163.461,328.120,,18.091,284.276,,563.255,458.694,180.922,,498.515,284.948,,,,510.861,294.850,110.819,158.910,,237.749,,,265.620,,,309.005,161.106,1132.964,326.429,321.586,,284.641,159.151
1992-04-15,5,1992-09-15,116.330,273.072,,176.154,174.866,,173.956,395.765,112.481,,137.767,166.283,,,,159.969,368.201,72.620,255.569,,216.569,,,359.392,,,847.295,453.367,249.735,226.804,585.398,,132.478,196.781
1992-04-15,6,1992-10-15,73.460,190.325,,209.006,231.184,,209.799,319.408,76.064,,102.470,74.708,,,,90.462,126.739,92.721,158.417,,618.992,,,117.783,,,163.798,241.354,367.805,186.185,244.447,,89.936,85.214
1992-05-15,1,1992-06-15,411.694,324.738,,88.538,221.797,,165.125,106.426,230.870,,547.314,323.805,,,,326.891,501.191,287.962,907.548,,224.156,,,116.847,,,104.469,236.286,74.385,76.058,82.819,,757.979,1114.294
1992-05-15,2,1992-07-15,390.124,371.400,,45.592,718.166,,350.271,783.036,944.822,,178.055,592.101,,,,207.560,179.056,159.545,352.569,,87.310,,,542.282,,,194.833,568.176,60.456,701.965,204.853,,334.173,223.175
1992-05-15,3,1992-08-15,163.461,328.659,,20.558,277.649,,555.909,459.227,188.805,,509.170,280.896,,,,509.423,283.748,100.723,148.095,,243.898,,,272.995,,,298.498,163.685,1177.694,325.382,314.596,,281.493,160.741
1992-05-15,4,1992-09-15,116.330,272.774,,175.658,172.405,,171.295,395.959,115.430,,141.385,164.779,,,,159.455,364.090,68.746,251.511,,218.068,,,362.158,,,843.419,454.325,258.914,226.428,582.769,,131.313,197.379
1992-05-15,5,1992-10-15,73.460,190.225,,208.940,230.266,,208.805,319.480,77.165,,103.846,74.149,,,,90.269,125.217,91.196,156.912,,619.562,,,118.799,,,162.393,241.710,371.308,186.044,243.510,,89.502,85.436
1992-05-15,6,1992-11-15,34.640,117.460,,352.075,98.076,,515.399,117.838,61.097,,90.686,34.217,,,,42.985,124.873,45.970,70.930,,142.548,,,44.143,,,74.998,151.755,118.355,87.402,101.856,,40.607,33.391
1992-06-15,1,1992-07-15,390.124,400.675,,129.270,741.875,,404.504,873.128,971.497,,167.112,596.839,,,,212.797,162.833,178.186,311.281,367.216,119.330,,186.770,623.247,,,,593.479,169.583,809.033,316.353,,302.098,177.746
1992-06-15,2,1992-08-15,163.461,349.439,,58.634,287.499,,573.662,484.114,198.290,,505.465,284.188,,,,510.651,274.862,108.131,134.494,604.654,277.529,,206.434,296.797,,,,172.880,1237.904,356.601,352.424,,270.526,142.471
1992-06-15,3,1992-09-15,116.330,240.734,,205.389,176.068,,177.649,405.075,118.959,,139.920,166.007,,,,160.182,360.963,71.691,245.938,168.844,227.719,,173.958,371.044,,,,457.757,275.903,237.972,596.979,,127.304,190.104
1992-06-15,4,1992-10-15,73.460,199.297,,219.375,231.624,,211.188,322.862,78.478,,103.309,74.605,,,,90.525,124.122,92.423,154.873,154.347,623.247,,351.800,122.073,,,,242.983,377.685,190.340,248.601,,87.994,82.775
1992-06-15,5,1992-11-15,34.640,124.615,,356.424,98.581,,516.290,119.093,61.585,,90.491,34.384,,,,43.077,124.444,46.435,70.170,92.605,143.842,,236.012,45.359,,,,152.228,120.703,88.998,103.744,,40.046,32.394
1992-06-15,6,1992-12-15,12.872,70.960,,113.373,41.416,,195.586,44.334,31.976,,242.048,65.708,,,,19.163,60.183,17.254,26.074,49.409,56.163,,259.693,16.855,,,,85.299,46.092,54.069,38.549,,14.880,12.037
1992-07-15,1,1992-08-15,163.461,386.458,,139.157,257.420,,579.483,448.332,156.976,,620.857,265.950,,,,568.594,353.351,169.963,153.549,624.095,,,269.087,274.671,,385.148,,153.158,1321.217,320.493,376.039,,291.618,
1992-07-15,2,1992-09-15,116.330,252.460,,263.544,164.912,,177.845,391.874,102.493,,164.670,159.275,,,,175.834,387.747,100.470,260.324,171.526,,,197.422,362.863,,257.090,,450.379,295.472,225.017,606.184,,134.254,
1992-07-15,3,1992-10-15,73.460,192.356,,240.299,227.404,,211.426,317.961,72.007,,113.995,72.109,,,,96.648,133.371,107.239,159.742,155.557,,,361.470,119.046,,305.870,,240.248,385.087,185.483,251.348,,90.801,
1992-07-15,4,1992-11-15,34.640,130.411,,364.916,97.014,,516.426,117.273,59.004,,95.011,33.480,,,,45.420,128.116,52.187,71.993,93.063,,,239.503,44.235,,142.916,,151.213,123.409,87.192,104.752,,41.097,
1992-07-15,5,1992-12-15,12.872,76.706,,116.228,40.832,,195.624,43.658,30.989,,244.288,65.417,,,,20.057,61.548,19.392,26.751,49.586,,,261.024,16.437,,102.678,,84.922,47.100,53.387,38.923,,15.271,
1992-07-15,6,1993-01-15,4.783,33.838,,43.188,15.172,,85.720,16.222,11.515,,95.648,37.285,,,,8.774,23.925,7.205,9.940,22.024,,,97.534,6.107,,46.027,,84.700,18.211,27.428,14.463,,5.674,
1992-08-15,1,1992-09-15,116.330,209.560,,323.851,121.862,,89.459,294.397,111.445,,,115.869,,,279.596,89.357,310.232,104.352,296.340,76.027,,,161.007,,,183.367,,484.301,,159.617,533.174,159.836,87.546,
1992-08-15,2,1992-10-15,73.460,180.998,,259.197,204.793,,161.907,284.571,77.835,,,54.992,,,456.864,56.518,110.262,115.657,169.887,93.020,,,346.712,,,275.152,,246.988,,157.721,231.257,67.608,68.022,
1992-08-15,3,1992-11-15,34.640,128.334,,373.031,89.088,,493.121,105.843,62.451,,,26.284,,,191.363,28.704,117.422,55.599,75.767,67.683,,,234.136,,,132.084,,153.979,,76.753,97.445,25.167,32.426,
1992-08-15,4,1992-12-15,12.872,66.697,,118.754,37.728,,188.273,39.396,32.475,,,59.211,,,83.276,13.104,57.567,20.659,28.153,38.875,,,258.987,,,98.324,,86.077,,48.776,36.208,9.352,12.049,
1992-08-15,5,1993-01-15,4.783,34.691,,44.126,14.019,,82.993,14.638,12.067,,,34.719,,,32.234,5.936,22.412,7.677,10.461,17.710,,,96.794,,,44.399,,85.302,,25.557,13.454,90.146,4.477,
1992-08-15,6,1993-02-15,1.827,39.316,,16.396,79.731,,30.838,9.675,4.484,,,13.007,,,50.388,30.224,8.691,2.852,5.823,7.624,,,370.270,,,16.983,,44.081,,9.496,4.999,39.781,1.664,
1992-09-15,1,1992-10-15,73.460,134.725,,161.506,200.158,,191.498,197.201,81.463,65.703,,,,,351.230,71.776,55.268,133.333,93.641,93.171,,55.077,285.538,,,227.615,55.318,135.004,,123.056,109.655,55.077,86.929,
1992-09-15,2,1992-11-15,34.640,104.454,,325.212,89.430,,511.625,80.183,64.794,29.569,,,,,163.653,34.628,68.193,62.676,45.549,63.144,,20.465,214.740,,,116.601,21.803,104.347,,62.969,53.785,20.465,39.712,
1992-09-15,3,1992-12-15,12.872,53.216,,105.091,37.844,,193.245,29.795,33.488,10.987,,,,,72.833,15.209,38.036,23.289,16.925,35.368,,7.604,250.473,,,91.011,8.740,64.358,,40.888,19.985,7.604,14.756,
1992-09-15,4,1993-01-15,4.783,39.278,,39.049,14.062,,84.824,11.071,12.443,4.083,,,,,28.354,6.683,14.609,8.654,6.289,15.948,,2.826,93.895,,,41.648,243.140,72.837,,22.018,7.426,89.497,5.483,
1992-09-15,5,1993-02-15,1.827,44.177,,14.510,79.747,,31.519,8.350,4.624,1.517,,,,,48.946,30.501,5.684,3.216,4.273,6.970,,1.050,369.114,,,15.961,210.136,39.091,,8.181,2.759,39.540,2.037,
1992-09-15,6,1993-03-15,0.709,85.920,,5.392,40.689,,11.712,64.973,21.128,0.564,,,,,1129.394,18.909,2.112,1.195,31.983,143.552,,95.547,103.434,,,6.211,93.281,14.525,,3.040,1.025,14.892,0.757,
1992-10-15,1,1992-11-15,34.640,69.874,,210.946,34.648,,349.452,34.640,52.585,34.640,,,,,43.091,,129.141,34.640,34.640,34.640,,34.872,72.946,,,37.844,53.761,66.427,,34.640,34.640,34.640,34.640,
1992-10-15,2,1992-12-15,12.872,37.562,,79.190,12.879,,152.911,12.872,27.058,12.872,,,,,19.880,,61.597,12.872,12.872,12.872,,13.097,160.373,,,34.566,26.415,44.256,,16.049,12.872,12.872,12.872,
1992-10-15,3,1993-01-15,4.783,33.561,,29.425,4.786,,69.496,4.783,10.054,4.783,,,,,8.678,,24.493,4.783,4.783,4.783,,4.867,66.036,,,19.007,249.707,52.030,,7.714,4.783,91.454,4.783,
1992-10-15,4,1993-02-15,1.827,41.873,,10.934,76.300,,25.823,6.013,3.736,1.777,,,,,41.635,,9.578,1.777,3.713,2.821,,1.808,355.823,,,7.548,212.576,28.908,,2.866,1.777,40.267,1.777,
1992-10-15,5,1993-03-15,0.709,88.200,,4.063,39.408,,9.595,64.105,20.798,0.660,,,,,1126.678,,3.559,0.660,31.775,142.010,,95.829,99.304,,,3.084,94.188,10.742,,1.065,0.660,15.162,0.660,
1992-10-15,6,1993-04-15,65.905,71.206,,1.510,78.563,,3.565,36.844,252.695,0.245,,,,,557.774,,4.596,274.694,19.787,63.748,,40.768,37.799,,,1.146,39.873,3.991,,0.396,0.245,5.634,0.245,
1992-11-15,1,1992-12-15,12.872,13.420,,12.872,,,12.883,12.872,12.872,12.872,,,,12.872,12.872,,12.872,12.872,12.872,12.872,,12.872,,,,22.440,12.872,12.916,,13.673,12.872,12.872,12.872,
1992-11-15,2,1993-01-15,4.783,22.974,,4.783,,,4.794,4.783,4.783,4.783,,,,4.783,6.074,,5.213,4.783,4.783,4.783,,4.783,,,,12.520,244.675,13.643,,5.529,4.783,91.454,4.783,
1992-11-15,3,1993-02-15,1.827,17.884,,1.777,,,1.781,6.013,1.777,1.777,,,,2.937,40.667,,2.186,1.777,3.713,2.821,,1.777,,,,5.137,210.706,9.065,,2.054,1.777,40.267,1.777,
1992-11-15,4,1993-03-15,0.709,87.616,,0.660,,,0.662,64.105,20.070,0.660,,,,64.851,1126.318,,0.812,0.660,31.775,142.010,,95.817,,,,2.189,93.493,3.368,,0.763,0.660,15.162,0.660,
1992-11-15,5,1993-04-15,65.905,70.450,,0.245,,,0.246,36.844,252.425,0.245,,,,40.252,557.641,,3.576,274.694,19.787,63.748,,40.764,,,,0.813,39.614,1.252,,0.284,0.245,5.634,0.245,
1992-11-15,6,1993-05-15,272.069,89.603,,0.884,,,0.091,14.559,82.713,0.091,,,,92.174,322.912,,183.725,899.313,7.352,62.553,,15.147,,,,2.891,15.067,0.465,,0.199,0.133,2.094,0.091,
1992-12-15,1,1993-01-15,4.783,22.525,4.783,4.783,,,4.783,,4.783,4.783,,,,4.783,6.074,,5.213,4.783,4.783,,,4.783,,,4.783,4.783,244.675,13.600,,4.783,4.783,91.454,4.783,
1992-12-15,2,1993-02-15,1.827,25.241,150.016,1.777,,,1.777,,1.777,1.777,,,,2.937,40.667,,2.186,1.777,3.713,,,1.777,,,1.777,2.262,210.706,9.049,,1.777,1.777,40.267,1.777,
1992-12-15,3,1993-03-15,0.709,87.257,199.354,0.660,,,0.660,,20.070,0.660,,,,64.851,1126.318,,0.812,0.660,31.775,,,95.817,,,1.121,1.121,93.493,3.362,,0.660,0.660,15.162,0.660,
1992-12-15,4,1993-04-15,65.905,75.624,198.639,0.245,,,0.245,,252.425,0.245,,,,40.252,557.641,,3.576,274.694,19.787,,,40.764,,,0.684,0.416,39.614,1.249,,0.245,0.245,5.634,0.245,
1992-12-15,5,1993-05-15,272.069,93.887,158.425,0.884,,,0.091,,82.713,0.091,,,,92.174,322.912,,183.725,899.313,7.352,,,15.147,,,0.254,2.743,15.067,0.464,,0.185,0.133,2.094,0.091,
1992-12-15,6,1993-06-15,214.586,182.880,100.886,44.207,,,0.034,,50.655,29.168,,,,245.218,409.107,,313.386,1054.320,19.761,,,5.628,,,4.821,7.118,105.602,0.172,,0.183,10.563,419.639,654.247,
1993-01-15,1,1993-02-15,1.827,12.794,,150.016,1.777,,,1.777,,1.777,1.777,,,,2.937,39.503,,1.777,1.777,3.713,,,1.777,,,1.777,2.262,21.555,1.777,,1.777,1.777,1.777,1.777
1993-01-15,2,1993-03-15,0.709,82.209,,199.354,0.660,,,0.660,,20.070,0.660,,,,64.851,1125.886,,0.660,0.660,31.775,,,95.817,,,1.121,1.121,15.375,0.660,,0.660,0.660,0.660,0.660
1993-01-15,3,1993-04-15,65.905,73.524,,198.639,0.245,,,0.245,,252.425,0.245,,,,40.252,557.480,,3.519,274.694,19.787,,,40.764,,,0.684,0.416,6.324,0.245,,0.245,0.245,0.245,0.245
1993-01-15,4,1993-05-15,272.069,93.089,,158.425,0.884,,,0.091,,82.713,0.091,,,,92.174,322.852,,183.704,899.313,7.352,,,15.147,,,0.254,2.743,2.350,0.091,,0.185,0.133,0.092,0.091
1993-01-15,5,1993-06-15,214.586,178.901,,100.886,44.207,,,0.034,,50.655,29.168,,,,245.218,409.085,,313.379,1054.320,19.761,,,5.628,,,4.821,7.118,30.928,0.034,,0.183,10.563,418.895,654.247
1993-01-15,6,1993-07-15,369.705,205.959,,50.761,629.219,,,423.435,,45.455,38.023,,,,393.920,233.554,,165.295,388.418,126.121,,,15.653,,,88.085,105.439,432.547,0.013,,53.102,266.927,278.591,178.653
1993-02-15,1,1993-03-15,0.709,56.956,,2.094,0.709,,,0.709,17.351,24.978,0.709,,,,28.953,793.708,,0.709,0.709,23.321,134.889,,105.331,,,,0.709,0.709,0.709,,0.709,0.709,0.709,0.709
1993-02-15,2,1993-04-15,65.905,61.410,,21.086,0.263,,,0.263,11.758,260.276,0.263,,,,18.167,515.083,,3.537,274.712,15.393,62.932,,42.625,,,,0.263,0.263,0.263,,0.263,0.263,0.263,0.263
1993-02-15,3,1993-05-15,272.069,83.155,,41.649,0.891,,,0.098,4.389,84.536,0.098,,,,50.314,311.602,,183.710,899.320,5.720,61.456,,15.839,,,,2.686,0.098,0.098,,0.254,0.139,0.098,0.098
1993-02-15,4,1993-06-15,214.586,169.573,,45.963,44.209,,,0.139,17.186,51.724,29.170,,,,213.855,404.936,,313.381,1054.322,19.154,100.191,,5.885,,,,7.096,0.211,0.036,,0.296,10.566,418.897,654.249
1993-02-15,5,1993-07-15,369.705,227.471,,28.150,629.220,,,438.159,795.343,46.147,38.024,,,,381.622,232.077,,165.296,388.419,125.896,50.315,,16.776,,,,105.432,330.713,0.014,,53.648,266.927,278.592,178.654
1993-02-15,6,1993-08-15,562.553,255.117,,13.426,252.941,,,407.916,156.881,79.383,423.678,,,,173.524,518.629,,103.022,161.256,521.143,208.186,,64.387,,,,263.316,114.308,599.523,,241.978,393.215,262.310,143.325
1993-03-15,1,1993-04-15,65.905,15.836,,0.992,0.263,,,0.263,0.263,,0.263,,,,0.263,17.697,0.263,3.537,274.712,0.263,0.263,,0.263,,,,0.263,0.263,0.263,,0.263,,0.263,0.263
1993-03-15,2,1993-05-15,272.069,70.361,,4.243,0.891,,,0.098,0.098,,0.098,,,,0.098,83.338,160.273,183.710,899.320,0.098,1.233,,0.098,,,,2.686,0.098,0.098,,0.191,,0.098,0.098
1993-03-15,3,1993-06-15,214.586,179.050,,8.734,44.209,,,0.036,0.036,,29.170,,,,33.729,304.143,503.922,313.381,1054.322,17.065,12.490,,0.036,,,,7.096,0.211,0.036,,0.185,,418.897,654.249
1993-03-15,4,1993-07-15,369.705,204.588,,6.941,629.220,,,411.776,545.500,,38.024,,,,241.787,200.036,179.605,165.296,388.419,125.120,8.929,,0.014,,,,105.432,330.713,0.014,,53.103,,278.592,178.654
1993-03-15,5,1993-08-15,562.553,247.154,,3.498,252.941,,,404.543,136.338,,423.678,,,,136.706,506.560,283.959,103.022,161.256,520.854,128.227,,9.814,,,,263.316,114.308,599.523,,241.757,,262.310,143.325
1993-03-15,6,1993-09-15,173.699,244.488,,91.294,163.244,,,378.258,94.180,,117.044,,,,255.869,158.404,364.168,69.677,256.442,143.227,178.585,,46.712,,,,830.551,432.657,208.929,,541.188,,124.302,190.536
1993-04-15,1,1993-05-15,272.069,206.305,,79.578,281.063,,,118.899,43.511,,41.082,,,,140.194,133.301,672.524,411.980,767.926,36.455,228.354,,69.388,,,,323.342,66.399,40.498,,182.311,,194.858,88.126
1993-04-15,2,1993-06-15,214.586,335.731,,65.648,273.930,,,93.145,147.979,,395.987,,,,266.640,331.739,612.730,375.010,1031.565,157.581,205.553,,60.045,,,,159.259,208.116,17.776,,104.519,,793.846,1077.820
1993-04-15,3,1993-07-15,369.705,315.067,,36.251,735.721,,,773.535,914.874,,149.900,,,,400.908,208.363,207.132,184.305,380.973,256.404,85.675,,82.441,,,,221.584,557.700,12.561,,221.358,,340.148,216.443
1993-04-15,4,1993-08-15,562.553,315.059,,16.750,283.564,,,456.785,179.428,,496.854,,,,180.120,509.715,294.401,110.229,158.498,570.171,236.528,,148.775,,,,308.267,159.860,1114.049,,320.267,,283.655,158.208
1993-04-15,5,1993-09-15,173.699,268.912,,172.346,174.601,,,395.072,111.924,,137.256,,,,275.191,159.555,368.034,72.398,255.415,157.920,216.186,,152.286,,,,847.022,452.900,247.820,,584.867,,132.113,196.426
1993-04-15,6,1993-10-15,209.703,219.113,,207.756,231.085,,,319.151,75.856,,102.270,,,,456.231,90.307,126.677,92.637,158.360,150.196,618.840,,342.737,,,,163.698,241.181,367.026,,244.259,,89.800,85.083
1993-05-15,1,1993-06-15,214.586,390.241,,126.828,274.398,,,150.853,283.531,,605.163,,,,292.339,382.459,559.281,342.093,967.620,552.953,275.394,,163.281,161.912,,,148.926,289.322,112.625,,123.449,,817.404,1174.988
1993-05-15,2,1993-07-15,369.705,349.826,,63.175,735.657,,,807.012,962.431,,191.267,,,,411.399,222.423,192.297,175.023,364.771,364.775,102.493,,141.783,565.434,,,216.962,585.342,82.882,,229.740,,346.802,234.851
1993-05-15,3,1993-08-15,562.553,325.143,,28.798,283.479,,,466.155,194.511,,514.475,,,,183.952,515.092,288.814,106.674,152.534,606.687,252.417,,188.129,279.997,,,306.584,169.418,1190.661,,323.268,,286.095,165.122
1993-05-15,4,1993-09-15,173.699,277.702,,185.338,174.570,,,398.502,117.559,,143.259,,,,276.626,161.506,365.963,71.032,253.184,170.233,220.845,,167.146,364.773,,,846.400,456.492,262.509,,586.070,,133.017,199.025
1993-05-15,5,1993-10-15,209.703,215.676,,212.252,231.074,,,320.424,77.959,,104.551,,,,456.763,91.034,125.909,92.101,157.532,154.832,620.613,,349.193,119.763,,,163.471,242.509,372.659,,244.690,,90.136,86.046
1993-05-15,6,1993-11-15,515.735,111.911,,353.517,98.376,,,118.188,61.393,,90.951,,,,191.599,43.270,125.132,46.311,71.160,92.784,142.927,,235.051,44.501,,,75.399,152.052,118.852,,102.294,,40.842,33.618
1993-06-15,1,1993-07-15,369.705,341.596,,101.001,705.695,355.295,,836.733,934.927,,136.879,561.115,,,,180.693,132.297,147.230,277.604,332.922,92.297,,155.355,587.351,,,242.013,557.695,138.898,,282.455,,268.306,146.750
1993-06-15,2,1993-08-15,562.553,316.520,,46.336,277.422,152.693,,474.111,188.529,,491.007,273.839,,,,497.644,261.075,95.645,123.291,593.141,260.857,,193.483,286.534,,,315.687,162.703,1223.514,,340.875,,258.925,129.606
1993-06-15,3,1993-09-15,173.699,262.655,,198.152,172.334,112.227,,401.410,115.286,,135.320,162.164,,,,155.764,355.971,66.653,241.327,164.826,222.368,,169.088,367.227,,,849.759,453.794,271.420,,592.685,,123.070,184.913
1993-06-15,4,1993-10-15,209.703,189.905,,216.682,230.224,71.910,,321.502,77.099,,101.529,73.176,,,,88.860,122.324,90.289,153.186,152.841,621.238,,349.917,120.666,,,164.690,241.540,376.009,,247.044,,86.398,80.881
1993-06-15,5,1993-11-15,515.735,100.447,,355.344,98.061,34.060,,118.589,61.066,,89.801,33.849,,,,42.453,123.757,45.628,69.542,92.045,143.116,,235.321,44.837,,,75.854,151.690,120.083,,103.167,,39.452,31.683
1993-06-15,6,1993-12-15,195.381,61.024,,113.005,41.223,12.656,,44.147,31.782,,241.763,65.501,,,,18.930,59.928,16.954,25.840,49.200,55.893,,259.434,16.660,,,32.863,85.099,45.861,,38.334,,14.659,11.773
1993-07-15,1,1993-08-15,562.553,355.956,,128.027,242.862,150.927,,431.889,144.773,,603.876,,,,173.444,551.752,337.561,157.414,141.697,606.830,,,254.311,,,369.200,,141.162,1303.293,305.066,361.213,437.500,276.329,
1993-07-15,2,1993-09-15,173.699,244.005,,255.432,159.581,110.069,,387.146,96.313,,160.624,,,,271.486,171.649,382.586,94.840,252.713,167.497,,,191.947,,,252.189,,442.407,291.756,219.855,600.165,242.423,129.417,
1993-07-15,3,1993-10-15,209.703,201.569,,237.473,225.035,70.818,,316.261,69.188,,112.323,,,,454.899,94.985,131.618,104.366,157.146,153.953,,,359.170,,,303.972,,237.857,383.674,183.478,249.468,96.837,88.860,
1993-07-15,4,1993-11-15,515.735,113.049,,363.776,96.139,33.593,,116.656,57.694,,94.333,,,,190.942,44.778,127.408,51.064,71.030,92.461,,,238.678,,,142.227,,150.312,122.896,86.444,104.060,36.111,40.372,
1993-07-15,5,1993-12-15,195.381,68.020,,115.843,40.497,12.482,,43.428,30.460,,243.979,,,,83.103,19.810,61.285,18.974,26.393,49.358,,,260.708,,,102.413,,84.573,46.909,53.088,38.666,13.418,15.001,
1993-07-15,6,1994-01-15,85.630,33.707,,43.045,15.048,4.638,,16.137,11.318,,95.539,,,,32.170,8.679,23.827,7.050,9.807,21.938,,,97.419,,,45.928,,84.549,18.140,27.312,14.368,91.657,5.574,
1993-08-15,1,1993-09-15,173.699,345.409,,432.826,211.802,207.216,,401.644,201.351,,,,,,386.439,174.223,418.344,190.240,404.182,156.194,,,259.303,,,283.158,910.905,597.625,,257.154,648.053,254.251,167.861,
1993-08-15,2,1993-10-15,209.703,219.407,,294.748,249.782,112.329,,321.445,117.835,,,,,,495.457,96.803,142.553,159.273,204.704,141.604,,,390.258,,,316.751,178.310,279.631,,198.215,262.913,101.410,104.704,
1993-08-15,3,1993-11-15,515.735,121.086,,386.965,105.237,50.135,,118.526,80.789,,,,,,204.316,45.642,132.246,71.891,88.683,87.479,,,249.398,,,146.687,81.272,166.295,,91.963,108.982,37.807,46.321,
1993-08-15,4,1993-12-15,195.381,61.602,,123.584,44.010,18.629,,44.124,39.819,,,,,,88.095,20.196,63.083,26.713,32.953,47.187,,,264.926,,,104.225,34.944,90.838,,55.351,40.495,14.048,17.212,
1993-08-15,5,1994-01-15,85.630,44.119,,45.921,16.353,6.922,,16.396,14.796,,,,,,34.025,8.844,24.507,9.926,12.244,21.049,,,98.927,,,46.608,252.876,87.328,,28.201,15.047,91.891,6.396,
1993-08-15,6,1994-02-15,31.818,49.124,,17.063,80.598,2.621,,10.328,5.498,,,,,,51.053,31.304,9.478,3.688,6.486,8.865,,,371.095,,,17.804,213.753,44.854,,10.479,5.591,40.430,2.376,
1993-09-15,1,1993-10-15,209.703,151.076,,178.782,217.921,93.206,,214.068,99.831,84.843,,,,,367.482,91.085,75.518,150.936,111.095,111.992,,,301.659,,,244.774,75.268,151.538,,140.923,127.623,75.253,107.714,
1993-09-15,2,1993-11-15,515.735,91.361,,330.277,95.828,41.627,,86.895,70.630,36.290,,,,,170.175,41.481,73.840,69.275,52.085,69.430,,,220.887,,,122.755,29.231,111.343,,69.346,60.359,27.962,47.500,
1993-09-15,3,1993-12-15,195.381,48.867,,107.408,40.132,15.468,,32.289,35.515,13.485,,,,,75.164,17.858,39.993,25.741,19.353,37.422,,,252.536,,,93.319,11.587,66.740,,42.856,22.428,10.390,17.650,
1993-09-15,4,1994-01-15,85.630,37.960,,39.910,14.912,5.747,,11.998,13.197,5.011,,,,,29.220,7.706,15.369,9.565,7.191,16.623,,,94.741,,,42.481,244.197,73.281,,22.634,8.334,90.532,6.558,
1993-09-15,5,1994-02-15,31.818,45.164,,14.830,80.062,2.185,,8.694,4.904,1.862,,,,,49.268,30.881,5.974,3.554,4.608,7.221,,,369.376,,,16.270,210.529,39.196,,8.410,3.097,39.925,2.437,
1993-09-15,6,1994-03-15,11.823,85.006,,5.510,40.806,0.842,,65.101,21.232,0.692,,,,,1129.514,19.050,2.220,1.321,32.107,143.645,,,103.546,,,6.326,93.427,14.564,,3.125,1.151,15.035,0.905,
1993-10-15,1,1993-11-15,515.735,124.702,,362.283,94.219,84.181,,84.112,,86.299,,,,,123.283,93.453,262.414,85.007,83.531,88.366,,98.840,187.535,,,112.480,142.174,159.596,,93.450,84.092,84.841,83.885,
1993-10-15,2,1993-12-15,195.381,61.742,,113.407,39.866,31.662,,31.600,,34.201,,,,,55.967,47.816,102.970,32.436,31.038,36.513,,43.499,235.859,,,90.043,61.236,90.156,,61.329,31.580,32.280,31.379,
1993-10-15,3,1994-01-15,85.630,43.873,,42.139,14.813,11.765,,11.742,,13.050,,,,,22.087,21.655,42.577,12.053,11.533,14.275,,16.163,89.800,,,41.236,262.646,90.120,,31.341,11.734,105.068,11.660,
1993-10-15,4,1994-02-15,31.818,47.344,,15.658,80.026,4.421,,8.599,,4.849,,,,,46.617,36.064,16.854,4.478,6.222,6.348,,6.006,366.716,,,15.808,217.384,45.953,,11.645,4.360,44.533,4.332,
1993-10-15,5,1994-03-15,11.823,89.618,,5.818,40.793,1.673,,65.066,,1.802,,,,,1128.529,20.976,6.263,1.664,32.707,143.321,,97.389,102.785,,,6.154,95.974,17.075,,4.327,1.620,16.812,1.610,
1993-10-15,6,1994-04-15,4.393,62.766,,2.162,79.078,66.263,,37.201,,0.670,,,,,558.462,7.794,5.601,275.067,20.133,64.235,,41.348,39.093,,,2.287,40.536,6.345,,1.608,0.602,6.247,0.598,
1993-11-15,1,1993-12-15,195.381,157.600,,127.194,127.194,129.290,,127.194,,186.357,,,,,127.194,,137.356,128.664,127.194,144.173,,127.194,297.307,,,239.637,127.196,198.284,,228.520,127.549,152.451,134.450,
1993-11-15,2,1994-01-15,85.630,89.384,,47.262,47.262,49.231,,47.262,,79.975,,,,,48.553,,58.626,48.666,47.262,60.615,,47.262,108.880,,,95.974,288.156,169.632,,96.709,47.605,255.964,53.395,
1993-11-15,3,1994-02-15,31.818,64.207,,17.562,92.083,18.342,,21.798,,29.717,,,,,56.451,,23.202,18.083,20.149,23.567,,17.562,376.085,,,36.147,226.826,75.623,,36.026,17.689,93.181,19.840,
1993-11-15,4,1994-03-15,11.823,99.333,,6.525,45.273,6.845,,69.970,,11.042,,,,,1132.183,,8.621,6.719,38.217,149.719,,101.682,105.634,,,13.711,99.510,28.119,,13.386,6.573,36.216,7.372,
1993-11-15,5,1994-04-15,4.393,67.927,,2.425,80.743,68.185,,39.023,,4.103,,,,,559.820,,6.477,276.945,22.181,66.612,,42.943,40.151,,,5.095,41.850,10.448,,4.974,2.442,13.457,2.739,
1993-11-15,6,1994-05-15,1.632,103.658,,1.694,133.416,272.916,,15.369,,1.525,,,,,323.721,,184.803,900.149,8.242,63.617,,15.957,14.919,,,4.481,15.897,3.882,,1.942,0.949,5.001,1.018,
1993-12-15,1,1994-01-15,85.630,120.329,85.630,85.630,85.630,85.630,,85.630,,85.630,,,,85.630,97.210,,98.034,85.630,85.630,85.630,,97.960,85.630,,,85.630,506.885,157.875,,85.630,86.272,283.851,85.630,
1993-12-15,2,1994-02-15,31.818,82.293,180.057,31.818,106.340,31.867,,36.054,,31.818,,,,32.978,126.081,,41.907,31.818,41.148,32.862,,42.076,363.104,,,32.303,294.914,71.606,,31.818,32.438,103.335,31.818,
1993-12-15,3,1994-03-15,11.823,112.853,210.516,11.823,50.570,11.871,,75.268,,11.823,,,,76.013,1220.435,,15.571,11.823,59.490,153.173,,122.022,102.009,,,12.283,122.841,26.609,,11.823,12.053,40.082,11.823,
1993-12-15,4,1994-04-15,4.393,75.993,202.787,4.393,82.711,70.052,,40.992,,4.393,,,,44.400,575.098,,9.060,278.842,31.211,67.895,,51.462,38.804,,,4.564,51.142,9.887,,4.393,4.479,14.893,4.393,
1993-12-15,5,1994-05-15,1.632,106.870,159.967,2.426,134.147,273.610,,16.100,,1.632,,,,93.716,328.689,,185.762,900.854,11.597,64.094,,19.122,14.419,,,4.284,19.576,3.674,,1.726,1.706,5.535,1.632,
1993-12-15,6,1994-06-15,0.607,202.871,101.459,44.780,412.193,215.158,,75.205,,29.740,,,,245.790,411.247,,314.143,1054.892,21.338,103.439,,7.105,5.358,,,7.690,120.072,1.365,,0.756,11.148,422.603,654.820,
1994-01-15,1,1994-02-15,31.818,43.952,,180.057,31.818,,31.867,,36.054,,31.818,,,,32.978,69.544,59.836,31.818,31.818,33.754,32.862,,31.818,,,,32.303,51.596,31.818,,31.818,31.818,31.818,31.818
1994-01-15,2,1994-03-15,11.823,99.442,,210.516,11.823,,11.871,,75.268,,11.823,,,,76.013,1137.048,29.809,11.823,11.823,42.937,153.173,,106.980,,,,12.283,26.538,11.823,,11.823,11.823,11.823,11.823
1994-01-15,3,1994-04-15,4.393,69.999,,202.787,4.393,,70.052,,40.992,,4.393,,,,44.400,561.628,11.076,7.667,278.842,23.935,67.895,,44.912,,,,4.564,10.471,4.393,,4.393,4.393,4.393,4.393
1994-01-15,4,1994-05-15,1.632,113.592,,159.967,2.426,,273.610,,16.100,,1.632,,,,93.716,324.393,207.754,185.245,900.854,8.894,64.094,,16.688,,,,4.284,3.891,1.632,,1.726,1.674,1.633,1.632
1994-01-15,5,1994-06-15,0.607,213.470,,101.459,44.780,,215.158,,75.205,,29.740,,,,245.790,409.657,522.815,313.951,1054.892,20.334,103.439,,6.201,,,,7.690,31.501,0.607,,0.756,11.136,419.467,654.820
1994-01-15,6,1994-07-15,423.648,242.177,,50.974,629.432,,369.918,,878.305,,38.236,,,,394.133,233.766,184.170,165.508,388.631,126.334,51.501,,15.866,,,,105.652,432.760,0.225,,53.315,267.139,278.803,178.865
1994-02-15,1,1994-03-15,11.823,67.170,,12.182,11.823,,11.823,,23.840,,11.823,,,,33.874,790.041,11.823,11.823,11.823,30.019,137.418,,106.980,,,,11.823,11.823,11.823,,11.823,,11.823,11.823
1994-02-15,2,1994-04-15,4.393,57.505,,19.035,4.393,,70.034,,13.551,,4.393,,,,19.509,517.641,4.393,7.667,278.842,17.422,64.446,,44.912,,,,4.393,4.393,4.393,,4.393,,4.393,4.393
1994-02-15,3,1994-05-15,1.632,106.595,,38.446,2.426,,273.604,,5.035,,1.632,,,,47.561,312.764,161.808,185.245,900.854,6.474,60.298,,16.688,,,,4.221,1.632,1.632,,1.726,,1.633,1.632
1994-02-15,4,1994-06-15,0.607,212.997,,43.800,44.780,,215.156,,14.025,,29.740,,,,211.954,405.373,504.492,313.951,1054.892,19.434,99.048,,6.201,,,,7.667,0.781,0.607,,0.756,,419.467,654.820
1994-02-15,5,1994-07-15,423.648,228.581,,27.142,629.432,,369.917,,791.494,,38.236,,,,381.073,232.242,179.817,165.508,388.631,126.000,49.900,,15.866,,,,105.643,330.925,0.225,,53.315,,278.803,178.865
1994-02-15,6,1994-08-15,406.588,266.615,,12.991,253.020,,562.632,,156.167,,423.756,,,,173.332,518.690,284.037,103.101,161.335,521.182,207.800,,62.631,,,,263.395,114.387,599.602,,241.836,,262.388,143.404
1994-03-15,1,1994-04-15,4.393,23.625,,5.544,4.393,,76.785,,4.393,,4.393,,,,4.393,25.392,4.393,8.429,290.424,4.393,4.393,,4.393,,,,4.393,4.393,4.393,,4.393,4.426,4.393,4.393
1994-03-15,2,1994-05-15,1.632,83.624,,6.821,2.909,,281.297,,1.632,,1.632,,,,1.632,91.703,161.808,195.377,905.544,1.632,2.767,,1.632,,,,5.674,1.632,1.632,,1.983,1.905,1.633,1.632
1994-03-15,3,1994-06-15,0.607,183.962,,10.483,46.515,,217.188,,0.607,,35.200,,,,37.052,309.755,504.492,318.547,1055.793,17.636,13.060,,0.607,,,,10.527,1.351,0.607,,1.201,12.926,419.467,666.222
1994-03-15,4,1994-07-15,423.648,209.279,,7.936,630.120,,370.670,,561.433,,42.617,,,,252.003,201.626,179.817,166.840,388.938,125.331,9.141,,0.225,,,,109.965,344.748,0.225,,58.145,277.291,278.803,179.706
1994-03-15,5,1994-08-15,406.588,263.546,,3.956,253.219,,562.904,,137.467,,428.081,,,,139.357,507.175,284.037,103.612,161.449,520.933,128.306,,9.893,,,,265.191,116.178,599.602,,246.458,396.954,262.388,143.755
1994-03-15,6,1994-09-15,378.868,234.247,,95.455,163.347,,173.828,,94.699,,118.088,,,,257.402,158.626,364.198,69.900,256.514,143.256,178.614,,46.741,,,,831.228,433.656,208.958,,546.652,228.728,124.332,190.712
1994-04-15,1,1994-05-15,1.632,25.619,,1.632,3.085,,1.955,,1.632,,1.632,,,,1.632,1.632,178.988,22.913,252.039,1.632,3.582,,1.632,,,,4.448,1.632,1.632,,1.632,,1.788,1.632
1994-04-15,2,1994-06-15,0.607,153.880,,0.607,56.080,,23.949,,0.607,,31.225,,,,32.846,27.917,511.813,208.764,944.989,17.636,16.953,,0.607,,,,9.107,0.607,0.607,,0.607,,441.719,597.076
1994-04-15,3,1994-07-15,423.648,184.296,,0.225,640.688,,251.878,,541.441,,38.808,,,,223.970,92.363,181.497,135.104,360.117,125.331,11.325,,0.225,,,,117.034,283.577,0.225,,40.806,,281.947,175.057
1994-04-15,4,1994-08-15,406.588,250.517,,0.084,255.521,,525.972,,136.581,,422.820,,,,130.704,454.228,284.680,91.313,150.846,520.933,139.932,,14.591,,,,268.907,107.853,617.103,,232.569,,263.429,141.764
1994-04-15,5,1994-09-15,378.868,227.081,,7.233,164.197,,160.995,,94.288,,117.012,,,,251.685,142.002,364.435,65.143,252.548,143.256,184.094,,53.406,,,,832.584,428.908,210.470,,527.665,,124.708,189.908
1994-04-15,6,1994-10-15,313.231,194.258,,69.552,227.186,,204.895,,68.764,,94.033,,,,447.809,83.626,125.344,89.768,157.296,144.564,606.468,,231.649,,,,158.625,233.036,349.619,,228.943,,87.037,82.695
1994-05-15,1,1994-06-15,0.607,102.447,,0.607,8.243,,1.411,,9.935,,152.045,,,,25.831,26.789,121.746,20.383,459.267,135.761,7.480,,0.607,,,100.040,0.607,5.718,0.607,,0.607,,325.613,645.647
1994-05-15,2,1994-07-15,423.648,164.359,,0.225,463.771,,122.823,,685.670,,94.523,,,,189.754,85.876,86.230,38.098,289.902,227.798,5.328,,7.595,,,177.225,20.477,336.498,0.225,,17.294,,261.180,176.695
1994-05-15,3,1994-08-15,406.588,246.513,,0.084,230.084,,448.978,,149.433,,465.088,,,,114.390,424.459,237.311,38.768,127.345,560.959,93.680,,55.013,,,308.263,140.709,114.618,820.999,,200.957,,256.588,142.526
1994-05-15,4,1994-09-15,378.868,220.153,,30.478,154.636,,143.187,,100.000,,128.012,,,,233.776,136.895,347.577,40.755,243.201,155.018,163.346,,85.860,,,232.180,766.652,432.745,226.522,,469.807,,122.250,190.169
1994-05-15,5,1994-10-15,313.231,199.503,,95.144,223.191,,197.449,,71.176,,98.592,,,,441.695,81.343,119.302,72.830,153.868,149.095,592.035,,278.580,,,296.265,143.384,234.220,357.367,,215.611,,86.113,82.793
1994-05-15,6,1994-11-15,115.541,127.527,,273.008,95.432,,510.687,,58.746,,88.650,,,,186.433,39.551,122.574,37.031,69.800,90.647,134.258,,210.122,,,139.417,67.739,148.980,113.909,,91.820,,39.346,32.401
1994-06-15,1,1994-07-15,423.648,68.805,,0.225,306.413,,82.101,,509.674,,0.879,,,,74.089,10.368,0.424,2.163,18.651,40.299,0.225,,2.924,,,12.334,21.217,185.916,0.302,,35.238,120.253,20.442,0.762
1994-06-15,2,1994-08-15,406.588,182.740,,0.084,205.522,,401.169,,134.589,,223.868,,,,78.749,262.781,63.138,5.396,19.736,434.568,39.813,,39.768,,,149.180,140.234,82.047,909.117,,220.920,310.054,102.339,14.463
1994-06-15,3,1994-09-15,378.868,187.360,,32.534,145.448,,134.174,,93.308,,79.648,,,,207.476,97.690,241.299,13.338,147.957,125.342,124.852,,76.993,,,172.653,765.729,412.015,232.763,,488.942,205.029,68.190,69.181
1994-06-15,4,1994-10-15,313.231,179.771,,109.327,219.207,,193.088,,68.317,,71.408,,,,431.722,62.863,87.471,45.552,119.379,137.056,547.049,,275.887,,,272.517,143.250,227.843,360.310,,220.512,82.588,64.846,35.005
1994-06-15,5,1994-11-15,115.541,118.204,,294.598,93.949,,508.484,,57.495,,75.699,,,,183.192,31.836,104.934,24.825,57.142,86.090,125.706,,209.298,,,130.829,67.685,146.629,114.785,,93.582,30.814,31.390,13.323
1994-06-15,6,1994-12-15,43.014,68.290,,96.737,39.670,,192.954,,30.406,,233.847,,,,80.171,14.904,52.853,9.224,21.233,46.933,49.249,,248.188,,,98.023,29.812,83.167,43.879,,34.773,11.450,11.664,4.951
1994-07-15,1,1994-08-15,406.588,294.997,,106.950,219.485,128.905,536.882,,122.986,,578.203,,,,151.672,526.215,312.837,135.431,120.294,580.984,364.147,,230.192,,,344.347,318.278,119.394,,,338.372,412.331,252.036,
1994-07-15,2,1994-09-15,378.868,254.764,,244.379,150.754,100.447,165.856,,86.852,,152.827,,,,260.864,163.742,373.952,86.071,241.946,159.710,253.326,,183.166,,,243.709,850.721,431.570,,,590.003,234.291,121.094,
1994-07-15,3,1994-10-15,313.231,204.685,,233.592,221.339,67.051,206.671,,65.222,,109.292,,,,451.087,91.973,128.524,100.417,153.359,150.977,632.876,,355.693,,,300.792,164.956,234.255,,,246.110,93.799,85.716,
1994-07-15,4,1994-11-15,115.541,132.525,,362.263,94.751,32.141,514.552,,56.000,,93.172,,,,189.589,43.643,126.209,49.501,69.634,91.348,147.296,,237.409,,,141.053,75.962,148.983,,,102.820,34.982,39.199,
1994-07-15,5,1994-12-15,43.014,74.696,,115.313,39.972,11.943,194.956,,29.795,,243.515,,,,82.597,19.386,60.840,18.393,25.874,48.941,57.448,,260.229,,,101.973,32.906,84.067,,,38.206,12.998,14.565,
1994-07-15,6,1995-01-15,15.983,48.419,,42.848,14.853,4.438,85.472,,11.071,,95.371,,,,31.982,8.521,23.661,6.835,9.614,21.782,21.346,,97.244,,,45.765,252.119,84.342,,,14.196,91.501,5.412,
1994-08-15,1,1994-09-15,378.868,311.404,,409.934,190.122,185.483,152.386,,179.675,314.429,,,,,363.687,152.865,395.508,168.830,381.364,135.088,,,237.076,,,260.844,887.442,574.460,,234.987,624.788,232.282,146.833,
1994-08-15,2,1994-10-15,313.231,202.014,,286.621,241.031,103.967,200.762,,109.401,141.782,,,,,487.135,88.325,134.634,150.582,196.624,132.593,,,381.630,,,308.240,170.635,271.691,,189.769,255.035,93.377,96.445,
1994-08-15,3,1994-11-15,115.541,135.034,,383.901,102.028,46.964,512.140,,77.442,62.514,,,,,201.313,42.372,129.123,68.668,85.683,84.054,,,246.253,,,143.581,78.381,163.332,,88.817,106.069,34.816,43.237,
1994-08-15,4,1994-12-15,43.014,66.129,,122.467,42.800,17.451,194.123,,38.543,23.230,,,,,86.979,18.931,61.922,25.515,31.838,45.863,,,263.741,,,103.041,33.862,89.725,,54.125,39.413,12.937,16.066,
1994-08-15,5,1995-01-15,15.983,45.388,,45.506,15.904,6.484,85.163,,14.322,8.633,,,,,33.610,8.357,24.072,9.481,11.830,20.544,,,98.492,,,46.167,252.474,86.898,,27.733,14.645,91.478,5.970,
1994-08-15,6,1995-02-15,10.175,47.748,,16.909,80.431,2.459,31.644,,5.322,3.208,,,,,50.899,31.123,9.316,3.523,6.332,8.677,,,370.931,,,17.640,213.604,44.693,,10.305,5.442,40.276,2.218,
1994-09-15,1,1994-10-15,313.231,233.068,,273.037,317.025,163.427,307.561,,174.706,152.295,,,,,480.604,162.313,130.445,240.263,190.439,198.799,,,409.940,,,347.412,127.784,240.130,,228.703,211.363,125.953,179.165,
1994-09-15,2,1994-11-15,115.541,147.142,,377.204,127.731,71.726,563.167,,112.041,66.532,,,,,200.760,74.405,122.232,99.676,83.416,108.634,,,256.666,,,155.958,55.857,150.204,,103.357,91.309,47.380,74.589,
1994-09-15,3,1994-12-15,43.014,70.712,,120.752,53.197,26.652,209.213,,52.809,24.731,,,,,86.721,33.004,59.270,37.054,30.995,54.918,,,267.704,,,108.681,24.032,84.166,,61.099,33.928,17.605,27.715,
1994-09-15,4,1995-01-15,15.983,47.086,,44.869,19.767,9.903,90.758,,19.623,9.195,,,,,33.514,14.256,22.924,13.769,11.517,23.891,,,99.922,,,48.300,248.822,83.904,,30.659,12.607,93.213,10.298,
1994-09-15,5,1995-02-15,10.175,48.375,,16.672,81.866,3.729,33.723,,7.291,3.417,,,,,50.863,33.315,8.856,5.116,6.216,9.921,,,371.492,,,18.432,212.247,43.512,,11.392,4.684,40.921,3.827,
1994-09-15,6,1995-03-15,65.652,83.103,,6.195,41.477,1.416,12.531,,22.119,1.270,,,,,1130.107,19.954,3.291,1.901,32.704,144.649,,,104.279,,,7.129,94.065,16.168,,4.233,1.741,15.405,1.422,
1994-10-15,1,1994-11-15,115.541,177.221,,394.871,124.928,115.536,549.292,,,117.757,,,,,152.719,123.767,293.994,116.026,115.406,118.367,,131.400,219.130,,,144.254,169.237,186.192,,124.646,115.514,115.936,115.449,
1994-10-15,2,1994-12-15,43.014,81.132,,124.986,51.088,43.009,206.473,,,46.480,,,,,67.455,57.282,114.489,43.482,42.882,46.260,,55.516,248.533,,,99.251,72.297,101.261,,72.583,42.988,43.395,42.925,
1994-10-15,3,1995-01-15,15.983,51.611,,46.442,18.983,15.981,89.667,,,18.029,,,,,26.356,24.656,46.570,16.157,15.934,17.581,,20.629,93.997,,,44.701,266.756,95.758,,35.613,15.973,106.480,15.950,
1994-10-15,4,1995-02-15,10.175,50.056,,17.257,81.575,5.988,33.318,,,6.699,,,,,48.203,37.179,18.244,6.004,7.857,7.576,,7.665,368.770,,,17.095,218.911,48.272,,13.233,5.935,45.413,5.927,
1994-10-15,5,1995-03-15,65.652,87.524,,6.412,41.368,2.255,12.380,,,2.489,,,,,1129.118,21.390,6.779,2.231,33.314,143.778,,98.005,103.412,,,6.632,96.542,17.937,,4.917,2.205,17.104,2.202,
1994-10-15,6,1995-04-15,37.419,61.337,,2.383,79.292,66.479,4.600,,,0.925,,,,,558.681,7.948,5.793,275.277,20.359,64.404,,41.577,39.326,,,2.464,40.747,6.665,,1.827,0.819,6.355,0.818,
1994-11-15,1,1994-12-15,43.014,44.721,,43.014,43.014,43.014,43.026,,,43.053,,,,,43.014,43.284,43.014,43.014,43.014,43.014,,43.014,60.979,,,57.123,43.014,43.059,,,43.014,43.014,43.014,
1994-11-15,2,1995-01-15,15.983,35.087,,15.983,15.983,15.983,15.995,,,16.022,,,,,17.274,16.243,16.413,15.983,15.983,15.983,,15.983,27.899,,,26.625,255.875,27.806,,,15.983,102.654,15.983,
1994-11-15,3,1995-02-15,10.175,45.006,,5.939,80.460,5.988,5.943,,,5.953,,,,,44.829,34.053,6.348,5.939,7.875,6.983,,5.939,341.652,,,10.378,214.868,15.653,,,5.939,44.429,5.939,
1994-11-15,4,1995-03-15,65.652,89.310,,2.207,40.954,2.255,2.208,,,2.212,,,,,1127.865,20.229,2.359,2.207,33.321,143.557,,97.364,94.039,,,4.136,95.039,5.816,,,2.207,16.708,2.207,
1994-11-15,5,1995-04-15,37.419,63.517,,0.820,79.138,66.479,0.821,,,0.822,,,,,558.215,7.516,4.150,275.268,20.361,64.322,,41.339,35.843,,,1.537,40.189,2.161,,,0.820,6.208,0.820,
1994-11-15,6,1995-05-15,14.773,112.686,,1.098,132.820,272.282,0.305,,,0.305,,,,,323.125,206.431,183.938,899.526,7.566,62.766,,15.360,13.318,,,3.159,15.280,0.803,,,0.346,2.307,0.305,
1994-12-15,1,1995-01-15,15.983,33.725,15.983,15.983,15.983,15.983,15.983,,,15.983,,,,,17.274,15.983,16.413,15.983,15.983,15.983,,15.983,15.983,,,15.983,255.875,24.800,,,,102.654,15.983,
1994-12-15,2,1995-02-15,10.175,52.232,154.177,5.939,80.460,5.988,5.939,,,5.939,,,,,44.829,33.957,6.348,5.939,7.875,6.983,,5.939,337.225,,,6.424,214.868,13.210,,,,44.429,5.939,
1994-12-15,3,1995-03-15,65.652,99.554,200.900,2.207,40.954,2.255,2.207,,,2.207,,,,,1127.865,20.193,2.359,2.207,33.321,143.557,,97.364,92.393,,,2.667,95.039,4.909,,,,16.708,2.207,
1994-12-15,4,1995-04-15,37.419,73.880,199.214,0.820,79.138,66.479,0.820,,,0.820,,,,,558.215,7.503,4.150,275.268,20.361,64.322,,41.339,35.231,,,0.991,40.189,1.824,,,,6.208,0.820,
1994-12-15,5,1995-05-15,14.773,120.988,158.639,1.098,132.820,272.282,0.305,,,0.305,,,,,323.125,206.426,183.938,899.526,7.566,62.766,,15.360,13.091,,,2.957,15.280,0.678,,,,2.307,0.305,
1994-12-15,6,1995-06-15,74.711,232.678,100.965,44.286,411.699,214.665,0.113,,,29.247,,,,,409.186,522.322,313.466,1054.399,19.840,102.945,,5.708,4.864,,,7.197,105.681,0.252,,,,419.718,654.326,
1995-01-15,1,1995-02-15,10.175,38.093,,154.177,5.939,80.460,5.988,5.939,,,5.939,5.939,,,,43.665,33.957,5.939,5.939,7.875,6.983,,5.939,337.225,,,6.424,25.716,5.939,,,,5.939,5.939
1995-01-15,2,1995-03-15,65.652,89.891,,200.900,2.207,40.954,2.255,2.207,,,2.207,2.207,,,,1127.432,20.193,2.207,2.207,33.321,143.557,,97.364,92.393,,,2.667,16.922,2.207,,,,2.207,2.207
1995-01-15,3,1995-04-15,37.419,71.946,,199.214,0.820,79.138,66.479,0.820,,,0.820,75.097,,,,558.054,7.503,4.094,275.268,20.361,64.322,,41.339,35.231,,,0.991,6.898,0.820,,,,0.820,0.820
1995-01-15,4,1995-05-15,14.773,123.673,,158.639,1.098,132.820,272.282,0.305,,,0.305,189.868,,,,323.065,206.426,183.917,899.526,7.566,62.766,,15.360,13.091,,,2.957,2.563,0.305,,,,0.305,0.305
1995-01-15,5,1995-06-15,74.711,235.290,,100.965,44.286,411.699,214.665,0.113,,,29.247,360.504,,,,409.164,522.322,313.458,1054.399,19.840,102.945,,5.708,4.864,,,7.197,31.008,0.113,,,,418.974,654.326
1995-01-15,6,1995-07-15,878.121,246.440,,50.790,629.249,390.127,369.734,423.465,,,38.053,601.559,,,,233.583,183.986,165.324,388.448,126.151,51.318,,15.682,265.945,,,105.469,432.577,0.042,,,,278.620,178.682
1995-02-15,1,1995-03-15,65.652,73.840,,42.336,5.914,5.914,5.914,7.562,,,5.914,5.914,,,,1004.271,5.914,5.914,5.914,64.953,268.969,,,5.914,,,5.914,5.914,5.914,,5.914,,5.914,5.914
1995-02-15,2,1995-04-15,37.419,68.545,,89.646,2.197,20.554,67.839,3.721,,,2.197,196.303,,,,540.798,2.197,5.471,298.245,32.919,93.426,,,2.197,,,2.197,2.197,2.197,,2.197,,2.197,2.197
1995-02-15,3,1995-05-15,14.773,122.593,,107.008,1.610,74.856,272.788,2.477,,,0.816,279.765,,,,317.934,162.878,201.615,910.659,12.232,93.188,,,0.816,,,3.424,0.816,0.816,,6.535,,0.817,0.816
1995-02-15,4,1995-06-15,74.711,236.060,,79.637,44.476,376.842,214.853,5.903,,,68.571,390.862,,,,407.272,505.171,323.132,1056.618,21.574,127.722,,,0.303,,,7.432,8.968,0.303,,7.887,,419.164,654.516
1995-02-15,5,1995-07-15,878.121,255.358,,42.279,629.320,380.032,369.804,629.203,,,63.013,611.347,,,,232.897,179.927,168.079,389.210,126.795,60.283,,,123.979,,,105.670,410.975,0.113,,126.792,,278.691,178.753
1995-02-15,6,1995-08-15,170.116,290.724,,19.407,252.978,159.870,562.590,432.815,,,444.784,287.578,,,,518.935,284.082,104.092,161.549,521.477,216.590,,,166.890,,,263.410,125.827,599.560,,286.335,,262.346,143.362
1995-03-15,1,1995-04-15,37.419,158.030,,114.900,35.944,245.770,376.917,36.471,,,38.326,366.981,,,,264.440,35.944,146.426,671.663,,49.084,,,35.944,,,36.513,40.154,35.944,502.536,40.040,,35.944,50.660
1995-03-15,2,1995-05-15,14.773,207.320,,108.858,138.299,214.424,414.490,51.466,,,15.587,333.230,,,,242.100,456.090,448.477,988.844,,69.132,,,13.374,,,193.031,26.994,13.356,224.059,110.689,,38.802,45.091
1995-03-15,3,1995-06-15,74.711,324.540,,81.146,225.734,448.416,254.874,52.186,,,298.942,408.468,,,,379.124,580.691,386.091,1074.229,,110.336,,,15.244,,,126.792,168.118,4.963,119.868,78.091,,653.498,1023.997
1995-03-15,4,1995-07-15,878.121,334.089,,42.879,719.291,401.576,384.772,722.315,,,133.134,617.426,,,,223.158,198.298,188.310,395.375,,54.087,,,387.683,,,207.367,543.728,1.844,732.126,207.438,,313.668,207.311
1995-03-15,5,1995-08-15,170.116,300.849,,19.520,277.922,167.600,568.007,447.302,,,488.599,289.802,,,,515.299,291.071,111.721,163.837,,211.875,,,240.296,,,303.059,155.317,688.069,333.437,315.339,,274.146,154.771
1995-03-15,6,1995-09-15,108.409,270.066,,173.750,172.506,117.873,175.710,391.734,,,134.666,168.086,,,,161.601,366.800,72.955,257.402,,208.811,,,349.239,,,845.096,451.174,217.786,229.399,582.992,,128.603,195.126
1995-04-15,1,1995-05-15,14.773,144.430,,22.451,177.440,43.773,170.195,48.936,,,14.765,102.620,,,,54.984,547.369,295.793,640.315,,139.072,,,15.900,,,215.410,17.467,14.765,,91.314,,103.223,28.371
1995-04-15,2,1995-06-15,74.711,315.287,,23.168,241.155,342.658,182.203,52.924,,,298.174,319.746,,,,279.963,593.318,350.298,1013.679,,166.798,,,24.746,,,132.100,140.396,5.486,,70.487,,749.067,1004.096
1995-04-15,3,1995-07-15,878.121,309.677,,15.940,724.562,371.387,357.166,741.964,,,132.963,589.115,,,,193.581,201.396,176.321,375.794,,72.757,,,450.099,,,209.785,532.959,2.039,,203.006,,329.211,203.821
1995-04-15,4,1995-08-15,170.116,314.918,,7.822,279.688,156.922,558.174,449.187,,,488.494,279.668,,,,504.110,292.248,107.222,156.584,,228.062,,,251.893,,,303.957,152.187,1020.355,,313.773,,279.648,153.444
1995-04-15,5,1995-09-15,108.409,272.096,,157.094,173.162,113.880,172.098,392.321,,,134.637,164.321,,,,157.521,367.235,71.264,254.701,,213.474,,,354.074,,,845.427,449.958,240.977,,582.425,,130.628,194.632
1995-04-15,6,1995-10-15,74.533,189.053,,202.150,230.549,72.545,209.106,318.132,,,101.251,73.979,,,,89.549,126.381,92.204,158.095,,617.826,,,115.889,,,163.114,240.103,364.088,,243.376,,89.248,84.418
1995-05-15,1,1995-06-15,74.711,199.263,,5.494,66.638,229.732,33.999,8.023,,,356.803,151.074,,,,153.490,308.668,122.644,701.604,,77.581,,,7.498,,,7.852,81.988,5.494,,5.689,,556.224,905.504
1995-05-15,2,1995-07-15,878.121,264.045,,2.041,651.677,343.737,268.113,665.042,,,140.912,538.843,,,,157.928,141.997,107.454,322.813,,40.320,,,438.255,,,97.847,501.270,5.346,,95.722,,301.638,195.892
1995-05-15,3,1995-08-15,170.116,301.467,,0.758,258.069,148.242,530.580,435.984,,,492.878,264.075,,,,490.411,269.090,79.777,137.471,,204.132,,,248.215,,,260.746,144.106,1071.791,,271.363,,269.850,150.330
1995-05-15,4,1995-09-15,108.409,264.328,,114.694,165.150,110.583,162.440,387.674,,,135.925,158.522,,,,152.737,358.696,60.315,247.439,,205.775,,,352.928,,,829.582,446.723,244.873,,567.746,,127.016,193.420
1995-05-15,5,1995-10-15,74.533,186.015,,182.924,227.553,71.300,205.457,316.415,,,101.762,71.823,,,,87.752,123.235,87.679,155.406,,614.972,,,115.431,,,157.672,238.941,365.754,,238.335,,87.896,83.973
1995-05-15,6,1995-11-15,60.106,115.951,,339.932,97.069,33.834,514.146,116.704,,,89.889,33.348,,,,42.045,124.130,44.652,70.370,,140.933,,,42.891,,,73.222,150.722,116.388,,99.942,,40.009,32.846
1995-06-15,1,1995-07-15,878.121,296.009,,50.430,649.150,,314.091,780.025,,,,504.944,,,331.989,126.936,79.901,94.576,223.016,277.845,42.752,,,530.955,,182.896,187.474,501.433,86.613,715.897,227.540,,213.615,94.105
1995-06-15,2,1995-08-15,170.116,315.215,,26.284,258.782,,543.222,455.538,,,,254.994,,,158.140,477.012,239.724,75.229,103.775,573.395,237.175,,,267.793,,309.995,295.735,144.008,1201.497,328.105,321.133,,239.117,108.863
1995-06-15,3,1995-09-15,108.409,273.782,,188.496,165.419,,166.639,394.546,,,,155.153,,,266.853,148.377,348.120,58.726,233.732,157.686,214.199,,,360.270,,232.660,842.368,446.708,263.951,227.425,585.410,,115.760,176.914
1995-06-15,4,1995-10-15,74.533,213.471,,213.035,227.647,,207.067,318.953,,,,70.570,,,453.119,86.098,119.451,87.148,150.383,150.177,618.204,,,118.089,,296.440,161.981,238.931,373.225,186.417,244.363,,83.660,77.933
1995-06-15,5,1995-11-15,60.106,123.970,,353.921,97.104,,514.753,117.642,,,,32.877,,,190.255,41.423,122.676,44.457,68.499,91.055,142.005,,,43.879,,139.482,74.845,150.719,119.051,87.540,102.171,,38.433,30.582
1995-06-15,6,1995-12-15,31.425,55.334,,112.504,40.867,,195.017,43.795,,,,65.132,,,82.849,18.545,59.526,16.519,25.453,48.832,55.480,,,16.304,,101.362,32.488,84.737,45.478,53.526,37.964,,14.281,11.364
1995-07-15,1,1995-08-15,170.116,350.050,,151.595,272.072,,595.662,464.197,,218.663,,,,,199.741,584.714,368.795,183.318,166.454,640.491,421.821,,,289.457,,400.692,374.047,166.161,,335.704,390.862,469.800,306.745,
1995-07-15,2,1995-09-15,108.409,307.100,,270.697,170.265,,182.432,396.835,,251.175,,,,,285.039,180.447,392.987,106.028,267.151,176.037,271.020,,,368.539,,262.165,870.457,457.425,,230.259,611.975,251.782,139.287,
1995-07-15,3,1995-10-15,74.533,218.311,,242.830,229.641,,213.248,319.767,,121.872,,,,,459.840,98.431,135.212,109.805,162.126,157.303,639.612,,,120.986,,307.805,171.442,242.503,,187.486,253.272,100.285,92.762,
1995-07-15,4,1995-11-15,60.106,129.105,,365.912,97.841,,517.136,117.934,,54.521,,,,,192.655,46.097,128.837,53.175,72.878,93.715,149.735,,,44.955,,143.625,78.399,152.059,,87.939,105.463,37.394,41.829,
1995-07-15,5,1995-12-15,31.425,54.984,,116.574,41.145,,195.879,43.904,,20.259,,,,,83.742,20.315,61.816,19.758,27.080,49.832,58.356,,,16.704,,102.946,33.816,85.245,,53.677,39.188,13.895,15.543,
1995-07-15,6,1996-01-15,11.677,41.205,,43.316,15.289,,85.815,16.314,,7.528,,,,,32.408,8.871,24.025,7.342,10.062,22.116,21.684,,,6.207,,46.127,252.457,84.833,,27.538,14.561,91.834,5.775,
1995-08-15,1,1995-09-15,108.409,251.012,,315.140,,,88.045,286.180,,225.662,,112.561,,,271.660,,301.595,102.071,287.985,76.193,158.322,,,295.310,74.428,,781.410,474.161,,154.247,522.601,154.907,86.752,
1995-08-15,2,1995-10-15,74.533,181.591,,256.982,,,156.098,281.975,,112.815,,53.215,,,453.616,,109.102,111.377,167.932,87.236,585.280,,,101.837,61.390,,149.730,245.739,,154.106,230.258,66.143,65.408,
1995-08-15,3,1995-11-15,60.106,115.768,,371.986,,,489.521,105.182,,51.035,,25.093,,,190.594,,116.164,53.957,75.025,64.784,134.419,,,37.840,32.282,,69.871,153.420,,75.349,97.139,24.609,31.313,
1995-08-15,4,1995-12-15,31.425,49.805,,118.469,,,187.313,39.145,,18.963,,57.091,,,82.991,,57.092,20.049,27.878,37.452,52.586,,,14.061,11.995,,30.559,85.816,,47.969,36.094,9.144,11.635,
1995-08-15,5,1996-01-15,11.677,40.520,,44.020,,,82.636,14.545,,7.046,,33.784,,,32.128,,22.219,7.450,10.359,17.090,19.540,,,5.225,4.457,,251.247,85.131,,25.194,13.412,90.069,4.323,
1995-08-15,6,1996-02-15,4.339,24.768,,16.357,,,30.705,9.641,,2.618,,12.645,,,50.348,,8.616,2.768,5.785,7.394,7.261,,,1.941,1.656,,213.148,44.012,,9.362,4.984,39.752,1.606,
1995-09-15,1,1995-10-15,74.533,119.653,,151.852,,,,,,60.017,,51.399,,51.399,339.006,,51.525,,85.609,85.672,451.164,51.399,,51.399,159.330,,51.405,125.421,,114.514,101.591,51.399,,
1995-09-15,2,1995-11-15,60.106,69.871,,319.255,,,,,,26.672,,23.672,,19.099,160.374,,63.009,,42.299,58.931,118.134,19.099,,19.099,68.438,,20.062,100.694,,59.321,50.556,19.099,,
1995-09-15,3,1995-12-15,31.425,32.602,,103.601,,,,,,9.911,,56.672,,7.097,71.520,,35.777,,15.717,33.291,45.903,7.097,,7.097,25.430,,8.013,62.533,,38.696,18.785,7.097,,
1995-09-15,4,1996-01-15,11.677,35.544,,38.496,,,,,,3.683,,33.624,,2.637,27.866,,13.766,,5.840,15.030,17.056,2.637,,2.637,9.449,,242.870,71.384,,20.985,6.980,89.308,,
1995-09-15,5,1996-02-15,4.339,23.848,,14.304,,,,,,1.368,,12.564,,2.140,48.764,,5.370,,4.106,6.628,6.338,0.980,,0.980,3.511,,210.035,38.461,,7.797,2.594,39.470,,
1995-09-15,6,1996-03-15,21.022,94.587,,5.315,,,,,,0.508,,4.669,,64.554,1129.327,,1.995,,31.921,143.425,2.355,95.521,,0.364,1.765,,93.244,14.291,,2.897,0.964,14.866,,
1995-10-15,1,1995-11-15,60.106,54.657,,231.215,,36.675,,,,36.675,,73.526,36.675,36.675,46.250,,,,36.675,,36.675,38.699,,40.553,36.675,42.721,56.572,69.550,,36.679,36.675,,,
1995-10-15,2,1995-12-15,31.425,29.729,,82.708,,13.628,,,,13.628,,128.687,13.628,13.628,21.593,,,,13.628,,13.628,15.474,,17.051,13.628,38.148,27.638,46.496,,18.575,13.628,,,
1995-10-15,3,1996-01-15,11.677,28.904,,30.732,,5.064,,,,5.064,,61.167,5.064,5.064,9.314,,,,5.064,,5.064,5.750,,6.336,5.064,20.431,250.162,57.358,,9.600,5.064,,,
1995-10-15,4,1996-02-15,4.339,20.927,,11.419,,1.931,,,,1.882,,23.293,1.882,3.041,41.871,,,,3.818,,1.882,2.136,,2.354,1.882,8.077,212.745,32.091,,3.567,1.882,,,
1995-10-15,5,1996-03-15,21.022,85.216,,4.243,,0.747,,,,0.699,,8.655,0.699,64.890,1126.766,,,,31.813,,0.699,95.951,,0.875,1.159,3.281,94.250,11.924,,1.325,0.699,,,
1995-10-15,6,1996-04-15,252.779,53.104,,1.577,,65.919,,,,0.260,,3.216,125.534,40.267,557.807,,,,19.801,,0.260,40.814,,0.325,0.699,1.219,39.896,4.431,,0.493,0.260,,,
1995-11-15,1,1995-12-15,31.425,38.581,,31.425,,31.425,41.070,,,39.581,,104.708,31.425,31.425,31.425,,,,31.425,,31.425,31.425,,31.425,31.425,,31.425,,,54.833,31.425,,,
1995-11-15,2,1996-01-15,11.677,31.307,,11.677,,11.677,20.017,,,18.092,,52.036,11.677,11.677,12.968,,,,11.677,,11.677,11.677,,11.677,11.677,,251.569,,,29.465,11.677,,,
1995-11-15,3,1996-02-15,4.339,21.730,,4.339,,4.388,7.438,,,6.723,,19.545,4.339,5.499,43.229,,,,6.275,,4.339,4.339,,4.339,4.339,,213.268,,,10.949,4.339,,,
1995-11-15,4,1996-03-15,21.022,90.337,,1.612,,1.660,2.764,,,2.498,,7.263,1.612,65.803,1127.270,,,,32.726,,1.612,96.769,,1.612,2.072,,94.445,,,4.068,1.612,,,
1995-11-15,5,1996-04-15,252.779,56.347,,0.599,,66.258,1.027,,,0.928,,2.699,125.873,40.606,557.994,,,,20.141,,0.599,41.118,,0.599,1.038,,39.968,,,1.512,0.599,,,
1995-11-15,6,1996-05-15,82.845,101.116,,1.016,,272.200,0.382,,,0.345,,1.003,887.850,92.306,323.043,,,,7.484,,0.223,15.278,,0.223,0.386,,15.198,,,0.655,0.264,,,
1995-12-15,1,1996-01-15,11.677,25.864,11.677,,,11.677,11.677,,,11.677,,11.677,11.677,11.677,12.968,,,,11.677,,11.677,11.677,,11.677,11.677,11.677,251.569,,,11.677,11.677,,,
1995-12-15,2,1996-02-15,4.339,27.850,152.577,,,4.388,4.339,,,4.339,,4.339,4.339,5.499,43.229,,,,6.275,,4.339,4.339,,4.339,4.339,4.824,213.268,,,4.339,4.339,,,
1995-12-15,3,1996-03-15,21.022,96.237,200.305,,,1.660,1.612,,,1.612,,1.612,1.612,65.803,1127.270,,,,32.726,,1.612,96.769,,1.612,2.072,2.072,94.445,,,1.612,1.612,,,
1995-12-15,4,1996-04-15,252.779,64.527,198.993,,,66.258,0.599,,,0.599,,0.599,125.873,40.606,557.994,,,,20.141,,0.599,41.118,,0.599,1.038,0.770,39.968,,,0.599,0.599,,,
1995-12-15,5,1996-05-15,82.845,104.522,158.557,,,272.200,0.223,,,0.223,,0.223,887.850,92.306,323.043,,,,7.484,,0.223,15.278,,0.223,0.386,2.874,15.198,,,0.316,0.264,,,
1995-12-15,6,1996-06-15,50.704,117.941,100.935,,,214.634,0.083,,,29.217,,242.869,586.506,245.266,409.156,,,,19.810,,0.083,5.677,,22.233,4.869,7.166,105.651,,,0.232,10.612,,,
1996-01-15,1,1996-02-15,4.339,16.655,,152.577,,,4.388,4.339,,,4.339,,4.339,4.339,5.499,42.065,,,,6.275,,4.339,4.339,,4.339,4.339,4.824,24.116,,,4.339,4.339,,
1996-01-15,2,1996-03-15,21.022,91.616,,200.305,,,1.660,1.612,,,1.612,,1.612,1.612,65.803,1126.838,,,,32.726,,1.612,96.769,,1.612,2.072,2.072,16.327,,,1.612,1.612,,
1996-01-15,3,1996-04-15,252.779,62.559,,198.993,,,66.258,0.599,,,0.599,,0.599,125.873,40.606,557.834,,,,20.141,,0.599,41.118,,0.599,1.038,0.770,6.677,,,0.599,0.599,,
1996-01-15,4,1996-05-15,82.845,103.770,,158.557,,,272.200,0.223,,,0.223,,0.223,887.850,92.306,322.983,,,,7.484,,0.223,15.278,,0.223,0.386,2.874,2.481,,,0.316,0.264,,
1996-01-15,5,1996-06-15,50.704,113.547,,100.935,,,214.634,0.083,,,29.217,,242.869,586.506,245.266,409.134,,,,19.810,,0.083,5.677,,22.233,4.869,7.166,30.977,,,0.232,10.612,,
1996-01-15,6,1996-07-15,45.473,216.576,,50.779,,,369.723,423.454,,,38.042,,314.424,372.905,393.939,233.572,,,,126.139,,0.031,15.671,,396.929,88.103,105.458,432.565,,,53.121,266.945,,
1996-02-15,1,1996-03-15,21.022,55.403,,1.971,,,1.612,1.612,,,1.612,,1.612,1.612,23.663,779.831,,,,19.808,,1.612,96.769,,1.612,2.072,1.612,1.612,,,1.612,1.612,,
1996-02-15,2,1996-04-15,252.779,46.947,,15.241,,,66.240,0.599,,,0.599,,0.599,125.873,15.715,513.847,,,,13.628,,0.599,41.118,,0.599,1.038,0.599,0.599,,,0.599,0.599,,
1996-02-15,3,1996-05-15,82.845,92.944,,37.037,,,272.194,0.223,,,0.223,,0.223,887.850,46.151,311.355,,,,5.064,,0.223,15.278,,0.223,0.386,2.811,0.223,,,0.316,0.264,,
1996-02-15,4,1996-06-15,50.704,106.052,,43.276,,,214.632,0.083,,,29.217,,242.869,586.506,211.430,404.850,,,,18.911,,0.083,5.677,,22.233,4.869,7.143,0.257,,,0.232,10.612,,
1996-02-15,5,1996-07-15,45.473,208.306,,26.947,,,369.722,423.454,,,38.042,,314.424,372.905,380.879,232.047,,,,125.805,,0.031,15.671,,396.929,88.103,105.449,330.730,,,53.121,266.945,,
1996-02-15,6,1996-08-15,79.013,288.032,,12.918,,,562.560,406.515,,,423.684,,208.729,338.524,173.260,518.618,,,,521.109,,0.125,62.558,,385.359,269.971,263.323,114.314,,,241.764,393.221,,
1996-03-15,1,1996-04-15,252.779,64.767,,52.420,,,270.011,15.291,,,15.291,,32.404,365.335,15.291,167.962,,,,15.291,,15.291,15.291,,15.291,15.291,15.291,15.291,,,15.294,44.700,,
1996-03-15,2,1996-05-15,82.845,114.483,,65.909,,,383.268,15.603,,,5.682,,19.331,982.643,19.135,206.630,,,,5.682,,5.682,5.682,,5.972,5.682,112.366,5.763,,,48.374,52.811,,
1996-03-15,3,1996-06-15,50.704,162.531,,60.296,,,245.667,24.394,,,211.403,,495.921,605.628,178.266,365.522,,,,19.140,,2.111,2.111,,177.552,32.481,97.923,102.311,,,45.488,96.815,,
1996-03-15,4,1996-07-15,45.473,270.459,,34.469,,,381.334,667.089,,,115.322,,354.171,379.677,370.590,218.633,,,,126.244,,0.784,0.784,,521.398,140.059,193.408,515.574,,,186.216,392.054,,
1996-03-15,5,1996-08-15,79.013,304.916,,16.079,,,566.753,439.030,,,478.922,,221.462,341.037,169.805,513.606,,,,521.324,,7.036,17.726,,414.094,293.308,297.976,147.467,,,307.956,429.992,,
1996-03-15,6,1996-09-15,189.199,271.229,,164.654,,,175.247,388.939,,,131.777,,126.995,516.821,271.282,160.977,,,,143.376,,5.601,56.477,,130.810,226.951,843.219,448.098,,,580.121,239.545,,
1996-04-15,1,1996-05-15,82.845,246.590,,166.754,,,,205.539,,,96.678,,89.004,932.549,240.025,229.527,,531.038,,81.432,,151.886,138.215,,213.293,81.880,438.626,151.039,,,285.671,158.879,,
1996-04-15,2,1996-06-15,50.704,286.855,,103.213,,,,134.082,,,474.708,,609.261,598.093,305.238,374.692,,401.670,,229.568,,83.496,96.063,,360.410,365.940,186.854,257.647,,,137.715,157.882,,
1996-04-15,3,1996-07-15,45.473,313.904,,52.009,,,,795.956,,,165.459,,372.895,377.072,414.903,221.623,,193.476,,285.084,,54.915,103.930,,578.005,258.378,232.620,574.578,,,236.484,418.981,,
1996-04-15,4,1996-08-15,79.013,308.745,,23.589,,,,463.344,,,503.670,,228.029,340.073,185.104,514.734,,113.660,,579.789,,113.754,169.265,,432.901,337.867,312.341,165.707,,,325.698,439.139,,
1996-04-15,5,1996-09-15,189.199,280.295,,180.615,,,,397.479,,,139.539,,129.438,516.463,277.064,161.392,,73.682,,161.118,,54.201,160.129,,137.718,242.726,848.532,455.096,,,586.938,242.888,,
1996-04-15,6,1996-10-15,99.580,185.247,,210.585,,,,320.044,,,103.142,,57.788,148.218,456.926,90.991,,93.121,,151.402,,20.140,346.370,,101.987,300.215,164.254,241.993,,,245.011,97.005,,
1996-05-15,1,1996-06-15,50.704,221.315,,41.823,,,,,,,467.192,,597.781,369.156,169.614,251.718,,215.398,,418.661,157.512,42.252,60.737,,232.127,401.722,51.820,166.684,,,38.224,79.942,,
1996-05-15,2,1996-07-15,45.473,244.049,,22.439,,,,,,,161.600,,370.233,318.411,369.706,187.429,,138.500,,331.067,67.374,36.935,91.766,,541.300,263.670,160.059,543.115,,,164.363,380.869,,
1996-05-15,3,1996-08-15,79.013,285.463,,10.113,,,,,,,502.270,,227.079,318.780,170.077,501.792,,92.480,,594.781,230.071,109.109,166.893,,420.636,339.785,285.893,155.811,,,300.387,426.920,,
1996-05-15,4,1996-09-15,189.199,264.922,,159.079,,,,,,,139.010,,129.085,508.574,271.347,156.718,,65.502,,165.983,213.717,52.660,159.175,,133.210,243.415,838.781,451.314,,,577.656,238.455,,
1996-05-15,5,1996-10-15,99.580,201.101,,202.859,,,,,,,102.946,,57.657,145.298,454.805,89.247,,89.882,,153.244,617.937,19.567,346.096,,100.303,300.473,160.743,240.606,,,241.693,95.360,,
1996-05-15,6,1996-11-15,46.034,107.378,,349.335,,,,,,,90.344,,21.440,58.082,190.875,42.604,,45.478,,92.194,141.969,7.271,233.914,,48.473,140.973,74.381,151.343,,,101.183,35.562,,
1996-06-15,1,1996-07-15,45.473,191.217,,33.379,,,,,,,,,239.897,213.201,307.307,,60.220,74.340,,253.932,27.321,73.770,81.291,,455.423,160.370,164.452,475.792,,,204.018,352.034,,73.947
1996-06-15,2,1996-08-15,79.013,235.589,,18.121,,,,,,,,,184.935,282.912,151.186,,229.305,66.370,,565.525,223.212,165.368,163.523,,396.161,301.395,287.502,137.679,,,313.226,419.102,,99.495
1996-06-15,3,1996-09-15,189.199,275.066,,181.923,,,,,,,,,113.377,495.433,264.117,,344.385,54.936,,155.061,210.047,70.396,157.798,,124.405,229.631,839.346,444.154,,,582.509,235.683,,172.930
1996-06-15,4,1996-10-15,99.580,200.084,,210.522,,,,,,,,,51.786,140.516,452.099,,118.134,85.431,,149.187,616.646,26.158,345.588,,96.986,295.291,160.914,238.015,,,243.324,94.337,,76.496
1996-06-15,5,1996-11-15,46.034,108.117,,352.870,,,,,,,,,19.258,56.302,189.882,,122.164,43.807,,90.687,141.454,9.720,233.727,,47.236,139.060,74.446,150.377,,,101.785,35.182,,30.040
1996-06-15,6,1996-12-15,17.105,56.632,,112.159,,,,,,,,,7.156,20.921,82.711,,59.335,16.277,,48.694,55.275,3.612,258.837,,17.552,101.203,32.339,84.609,,,37.821,13.073,,11.162
1996-07-15,1,1996-08-15,79.013,171.159,,29.155,,,,,40.288,,,,104.498,208.072,64.393,,214.156,50.709,38.517,475.540,262.282,197.428,136.647,,274.904,244.777,219.921,38.002,,,,310.407,,
1996-07-15,2,1996-09-15,189.199,227.851,,197.026,,,,,48.298,,,,82.100,469.455,219.207,,339.103,48.962,197.051,130.085,220.877,75.075,146.641,,88.394,210.306,814.709,383.853,,,,202.325,,
1996-07-15,3,1996-10-15,99.580,185.984,,216.286,,,,,48.284,,,,39.697,131.679,435.403,,116.366,83.119,137.500,139.475,620.735,27.897,340.889,,81.852,287.921,153.163,219.345,,,,82.113,,
1996-07-15,4,1996-11-15,46.034,104.666,,355.352,,,,,48.358,,,,14.759,52.994,184.122,,121.443,42.945,63.706,87.057,142.882,10.366,232.050,,41.510,136.359,71.507,143.285,,,,30.631,,
1996-07-15,5,1996-12-15,17.105,55.847,,112.944,,,,,26.732,,,,5.484,19.691,80.564,,59.067,15.957,23.672,47.329,55.807,3.852,258.197,,15.424,100.179,31.235,81.879,,,,11.382,,
1996-07-15,6,1997-01-15,6.356,43.924,,41.968,,,,,9.933,,,,2.038,7.317,31.227,,22.997,5.929,8.796,21.178,20.736,1.431,96.497,,5.731,45.096,251.498,83.436,,,,90.900,,
1996-08-15,1,1996-09-15,189.199,229.212,,278.212,,,,,74.053,,,,,380.964,235.300,,264.392,,251.243,43.241,121.710,42.208,119.559,,42.193,141.894,743.077,436.394,,118.676,484.677,118.811,,
1996-08-15,2,1996-10-15,99.580,187.041,,243.536,,,,,60.735,,,,,112.411,439.507,,96.271,,154.671,71.959,571.282,15.692,327.838,,48.102,256.678,137.388,232.887,,140.096,217.456,53.180,,
1996-08-15,3,1996-11-15,46.034,106.098,,366.889,,,,,54.422,,,,,45.378,185.597,,111.041,,70.065,58.796,129.497,5.831,227.522,,26.922,125.669,65.165,148.541,,70.124,92.413,19.787,,
1996-08-15,4,1996-12-15,17.105,57.382,,116.621,,,,,29.220,,,,,16.861,81.138,,55.181,,26.034,35.084,50.753,2.167,256.421,,10.004,95.666,28.783,83.982,,45.894,34.339,7.352,,
1996-08-15,5,1997-01-15,6.356,44.909,,43.334,,,,,10.857,,,,,6.265,31.440,,21.496,,9.674,16.176,18.859,0.805,95.865,,3.717,43.407,250.587,84.421,,24.396,12.759,89.403,,
1996-08-15,6,1997-02-15,2.362,47.049,,16.102,,,,,4.034,,,,,3.488,50.092,,8.344,,5.531,7.054,7.007,0.299,369.917,,1.381,16.614,212.903,43.747,,9.065,4.741,39.505,,
1996-09-15,1,1996-10-15,99.580,186.578,,215.349,,,,,120.545,,,,,78.514,419.665,,80.342,,135.240,142.491,539.997,76.403,,,222.456,288.351,78.016,183.237,,172.229,155.632,76.774,,
1996-09-15,2,1996-11-15,46.034,102.039,,353.862,,,,,89.560,,,,,30.364,180.452,,97.967,,62.915,86.725,133.407,28.389,,,87.513,135.100,35.707,128.655,,82.361,70.902,28.749,,
1996-09-15,3,1996-12-15,17.105,46.484,,112.875,,,,,44.155,,,,,11.283,79.120,,50.181,,23.378,46.244,51.934,10.549,,,32.518,100.469,16.133,75.617,,52.264,26.346,10.683,,
1996-09-15,4,1997-01-15,6.356,42.241,,41.942,,,,,16.407,,,,,4.192,30.690,,19.474,,8.687,20.528,19.298,3.920,,,12.083,45.230,245.887,79.937,,27.157,9.789,90.640,,
1996-09-15,5,1997-02-15,2.362,27.052,,15.585,,,,,6.096,,,,,2.718,49.814,,7.561,,5.164,8.671,7.171,1.456,,,4.490,17.291,211.156,41.966,,10.091,3.638,39.965,,
1996-09-15,6,1997-03-15,0.878,102.366,,5.791,,,,,21.675,,,,,64.769,1129.717,,2.810,,32.314,144.184,2.664,95.698,,,2.128,6.705,93.660,15.594,,3.750,1.352,15.050,,
1996-10-15,1,1996-11-15,46.034,95.829,,253.702,,46.034,398.480,,74.691,,,,,46.034,59.335,,164.552,,46.034,,46.034,48.896,,,46.034,54.604,71.280,85.256,,46.258,46.034,,,
1996-10-15,2,1996-12-15,17.105,42.137,,88.642,,17.105,164.524,,37.956,,,,,17.105,27.654,,73.088,,17.105,,17.105,19.699,,,17.105,47.096,33.862,54.411,,24.625,17.105,,,
1996-10-15,3,1997-01-15,6.356,35.003,,32.937,,6.356,73.890,,14.103,,,,,6.356,11.566,,29.263,,6.356,,6.356,7.320,,,6.356,24.211,252.474,63.210,,12.935,6.356,,,
1996-10-15,4,1997-02-15,2.362,23.852,,12.239,,2.411,27.456,,5.241,,,,,3.521,42.708,,11.453,,4.298,,2.362,2.720,,,2.362,9.482,213.604,34.609,,4.806,2.362,,,
1996-10-15,5,1997-03-15,0.878,92.356,,4.548,,0.926,10.202,,21.357,,,,,65.068,1127.076,,4.256,,31.992,,0.878,96.168,,,1.338,3.803,94.570,12.860,,1.786,0.878,,,
1996-10-15,6,1997-04-15,0.326,64.783,,1.690,,65.985,3.791,,252.903,,,,,40.333,557.922,,4.855,,19.868,,0.326,40.894,,,0.765,1.413,40.015,4.778,,0.664,0.326,,,
1996-11-15,1,1996-12-15,17.105,17.706,,17.105,,17.105,17.117,,17.105,,,,,17.105,17.105,,17.105,,17.105,,17.105,17.105,,,17.105,26.470,17.105,17.150,,17.893,17.105,,17.105,
1996-11-15,2,1997-01-15,6.356,21.678,,6.356,,6.356,6.367,,6.356,,,,,6.356,7.647,,6.786,,6.356,,6.356,6.356,,,6.356,13.971,246.248,16.854,,7.088,6.356,,6.356,
1996-11-15,3,1997-02-15,2.362,17.871,,2.362,,2.411,2.366,,2.362,,,,,3.521,41.251,,2.771,,4.298,,2.362,2.362,,,2.362,5.676,211.291,11.051,,2.634,2.362,,2.362,
1996-11-15,4,1997-03-15,0.878,85.223,,0.878,,0.926,0.879,,20.287,,,,,65.068,1126.535,,1.030,,31.992,,0.878,96.034,,,1.338,2.389,93.710,4.106,,0.979,0.878,,0.878,
1996-11-15,5,1997-04-15,0.326,60.340,,0.326,,65.985,0.327,,252.506,,,,,40.333,557.721,,3.657,,19.868,,0.326,40.845,,,0.765,0.888,39.695,1.526,,0.364,0.326,,0.326,
1996-11-15,6,1997-05-15,0.121,58.637,,0.914,,272.099,0.121,,82.743,,,,,92.204,322.942,,183.755,,7.382,,0.121,15.177,,,0.284,2.918,15.097,0.567,,0.229,0.163,,0.121,
1996-12-15,1,1997-01-15,6.356,21.098,6.356,6.356,,6.356,6.356,,6.356,,,,,6.356,7.647,,6.786,,6.356,,6.356,6.356,,,6.356,6.356,259.141,17.210,,6.356,6.356,,6.356,
1996-12-15,2,1997-02-15,2.362,25.309,150.600,2.362,,2.411,2.362,,2.362,,,,,3.521,41.251,,2.771,,4.298,,2.362,2.362,,,2.362,2.847,215.258,11.344,,2.362,2.362,,2.362,
1996-12-15,3,1997-03-15,0.878,91.614,199.571,0.878,,0.926,0.878,,20.287,,,,,65.068,1126.535,,1.030,,31.992,,0.878,96.034,,,1.338,1.338,95.455,4.215,,0.878,0.878,,0.878,
1996-12-15,4,1997-04-15,0.326,68.042,198.720,0.326,,65.985,0.326,,252.506,,,,,40.333,557.721,,3.657,,19.868,,0.326,40.845,,,0.765,0.497,40.343,1.566,,0.326,0.326,,0.326,
1996-12-15,5,1997-05-15,0.121,64.188,158.455,0.914,,272.099,0.121,,82.743,,,,,92.204,322.942,,183.755,,7.382,,0.121,15.177,,,0.284,2.773,15.338,0.582,,0.215,0.163,,0.121,
1996-12-15,6,1997-06-15,29.179,121.584,100.897,44.218,,214.597,0.045,,50.666,,,,,245.229,409.118,,313.397,,19.772,,0.045,5.639,,,4.832,7.129,107.684,0.216,,0.194,10.574,,654.258,
1997-01-15,1,1997-02-15,2.362,13.994,,150.600,2.362,,2.411,2.362,,2.362,,,,,3.521,40.088,,2.362,,4.298,,2.362,2.362,,,2.362,2.847,22.139,2.362,,2.362,2.362,,2.362
1997-01-15,2,1997-03-15,0.878,86.959,,199.571,0.878,,0.926,0.878,,20.287,,,,,65.068,1126.103,,0.878,,31.992,,0.878,96.034,,,1.338,1.338,15.593,0.878,,0.878,0.878,,0.878
1997-01-15,3,1997-04-15,0.326,66.076,,198.720,0.326,,65.985,0.326,,252.506,,,,,40.333,557.561,,3.600,,19.868,,0.326,40.845,,,0.765,0.497,6.404,0.326,,0.326,0.326,,0.326
1997-01-15,4,1997-05-15,0.121,63.438,,158.455,0.914,,272.099,0.121,,82.743,,,,,92.204,322.882,,183.734,,7.382,,0.121,15.177,,,0.284,2.773,2.380,0.121,,0.215,0.163,,0.121
1997-01-15,5,1997-06-15,29.179,117.309,,100.897,44.218,,214.597,0.045,,50.666,,,,,245.229,409.096,,313.390,,19.772,,0.045,5.639,,,4.832,7.129,30.940,0.045,,0.194,10.574,,654.258
1997-01-15,6,1997-07-15,38.028,198.776,,50.765,629.224,,369.709,423.440,,45.459,,,,,393.925,233.558,,165.299,,126.125,,0.017,15.657,,,88.089,105.444,432.551,0.017,,53.107,266.931,,178.657
1997-02-15,1,1997-03-15,0.878,52.758,,1.237,0.878,,0.878,0.878,,20.287,,,0.878,,22.928,779.096,,0.878,,19.073,,,96.034,,,1.338,0.878,0.878,0.878,,0.878,0.878,,0.878
1997-02-15,2,1997-04-15,0.326,51.331,,14.968,0.326,,65.967,0.326,,252.506,,,0.326,,15.442,513.574,,3.600,,13.355,,,40.845,,,0.765,0.326,0.326,0.326,,0.326,0.326,,0.326
1997-02-15,3,1997-05-15,0.121,53.213,,36.935,0.914,,272.092,0.121,,82.743,,,0.121,,46.049,311.253,,183.734,,4.963,,,15.177,,,0.284,2.710,0.121,0.121,,0.215,0.163,,0.121
1997-02-15,4,1997-06-15,29.179,123.718,,43.238,44.218,,214.594,0.045,,50.666,,,242.832,,211.392,404.812,,313.390,,18.873,,,5.639,,,4.832,7.105,0.219,0.045,,0.194,10.574,,654.258
1997-02-15,5,1997-07-15,38.028,208.432,,26.933,629.224,,369.708,423.440,,45.459,,,314.410,,380.865,232.033,,165.299,,125.791,,,15.657,,,88.089,105.435,330.716,0.017,,53.107,266.931,,178.657
1997-02-15,6,1997-08-15,423.679,273.701,,12.913,252.942,,562.554,406.510,,79.008,,,208.723,,173.255,518.613,,103.023,,521.104,,,62.553,,,269.966,263.317,114.309,599.524,,241.759,393.216,,143.326
1997-03-15,1,1997-04-15,0.326,8.188,,1.055,0.326,,65.967,0.326,,54.757,,,,,0.326,17.759,,3.600,,0.326,0.326,,0.326,,0.326,0.326,0.326,0.326,,,0.326,0.326,,0.326
1997-03-15,2,1997-05-15,0.121,32.273,,4.266,0.914,,272.092,0.121,,31.229,,,,,0.121,83.361,,183.734,,0.121,1.256,,0.121,,0.121,0.121,2.710,0.121,,,0.215,0.163,,0.121
1997-03-15,3,1997-06-15,29.179,92.207,,8.742,44.218,,214.594,0.045,,15.303,,,,,33.737,304.152,,313.390,,17.074,12.498,,0.045,,22.195,1.382,7.105,0.219,,,0.194,10.574,,654.258
1997-03-15,4,1997-07-15,38.028,198.693,,6.944,629.224,,369.708,411.779,,15.121,,,,,241.790,200.040,,165.299,,125.123,8.932,,0.017,,396.915,70.739,105.435,330.716,,,53.107,266.931,,178.657
1997-03-15,5,1997-08-15,423.679,249.112,,3.499,252.942,,562.554,404.544,,54.576,,,,,136.707,506.561,,103.023,,520.856,128.229,,9.815,,385.354,259.426,263.317,114.309,,,241.759,393.216,,143.326
1997-03-15,6,1997-09-15,117.044,244.020,,91.295,163.245,,173.699,378.258,,174.158,,,,,255.870,158.404,,69.677,,143.227,178.585,,46.713,,120.941,215.729,830.552,432.657,,,541.189,227.624,,190.536
1997-04-15,1,1997-05-15,0.121,16.392,,0.121,1.502,,1.312,0.121,,0.121,,,,,0.121,0.121,,23.714,258.525,0.121,2.771,,0.121,,,0.121,5.771,0.121,,,0.121,0.121,,0.121
1997-04-15,2,1997-06-15,29.179,109.623,,0.045,60.973,,33.191,0.045,,0.045,,,,,26.803,28.518,,214.337,946.634,17.074,23.310,,0.045,,,1.450,14.640,0.045,,,0.045,0.045,,605.959
1997-04-15,3,1997-07-15,38.028,171.837,,0.017,644.587,,251.093,430.875,,0.017,,,,,232.179,94.031,,136.396,360.415,125.123,15.219,,0.017,,,73.458,118.564,292.967,,,36.478,105.852,,175.781
1997-04-15,4,1997-08-15,423.679,224.841,,0.006,256.368,,526.390,409.000,,0.006,,,,,134.095,459.996,,91.841,150.949,520.856,141.501,,10.463,,,260.870,269.052,108.642,,,230.659,334.398,,142.045
1997-04-15,5,1997-09-15,117.044,234.690,,6.838,164.522,,161.239,379.524,,4.121,,,,,254.675,143.178,,65.334,252.587,143.227,182.251,,47.677,,,216.189,832.599,429.218,,,540.578,210.625,,190.044
1997-04-15,6,1997-10-15,94.079,203.965,,72.367,227.315,,204.967,313.464,,4.241,,,,,448.802,84.107,,89.856,157.311,144.553,606.096,,237.530,,,290.103,158.665,233.157,,,231.083,85.014,,82.743
1997-05-15,1,1997-06-15,29.179,44.174,,0.045,0.045,,0.045,0.045,,0.045,,,,,0.045,0.045,,0.045,264.526,26.793,0.045,,0.045,,,5.180,0.045,0.045,0.045,,0.045,0.045,149.387,436.926
1997-05-15,2,1997-07-15,38.028,84.296,,0.017,276.709,,16.901,234.899,,0.017,,,,,67.291,10.759,,0.380,260.672,144.183,0.017,,0.017,,,90.255,0.017,162.142,0.017,,0.017,43.016,219.914,158.684
1997-05-15,3,1997-08-15,423.679,185.237,,0.006,202.557,,353.405,372.688,,0.006,,,,,74.849,325.756,,2.615,118.073,529.299,8.944,,0.846,,,270.989,36.405,83.563,610.675,,83.142,253.404,242.690,134.827
1997-05-15,4,1997-09-15,117.044,193.763,,0.159,144.646,,122.375,368.511,,7.180,,,,,201.427,115.324,,8.509,239.236,145.536,83.306,,22.249,,,219.484,681.802,413.826,210.455,,398.010,188.989,117.238,186.998
1997-05-15,5,1997-10-15,94.079,189.177,,27.218,219.051,,187.922,309.482,,6.613,,,,,429.226,72.060,,37.651,152.427,145.453,549.083,,210.620,,,291.400,127.414,228.403,349.596,,197.497,76.575,84.211,81.642
1997-05-15,6,1997-11-15,86.798,114.035,,214.857,93.917,,506.592,114.179,,3.289,,,,,182.437,35.824,,21.988,69.263,89.289,123.156,,184.393,,,137.639,61.103,146.742,111.525,,85.320,28.574,38.638,31.968
1997-06-15,1,1997-07-15,38.028,181.859,,20.062,559.755,,235.497,689.091,,24.423,,,,,251.346,71.030,,43.963,150.497,201.127,19.707,,50.806,,,115.022,118.924,414.888,36.745,,155.072,295.691,141.166,42.364
1997-06-15,2,1997-08-15,423.679,283.607,,7.706,245.338,,521.668,442.592,,52.749,,,,,140.295,438.906,,45.690,82.950,550.197,175.794,,136.666,,,282.007,268.476,129.730,1155.998,,297.438,406.747,214.815,76.371
1997-06-15,3,1997-09-15,117.044,251.038,,151.128,160.467,,159.998,390.096,,172.518,,,,,258.977,138.273,,44.566,222.679,150.864,197.865,,147.422,,,223.304,832.518,440.173,254.246,,575.776,231.839,107.335,160.722
1997-06-15,4,1997-10-15,94.079,222.135,,198.684,225.703,,204.486,317.314,,93.679,,,,,450.217,82.119,,79.395,146.482,147.553,611.581,,340.996,,,292.854,158.714,236.704,369.531,,241.162,92.912,80.390,72.222
1997-06-15,5,1997-11-15,86.798,129.924,,347.496,96.384,,513.758,117.036,,43.708,,,,,189.217,39.896,,41.325,67.046,90.076,139.813,,232.095,,,138.172,73.617,149.886,117.710,,100.989,34.652,37.211,28.392
1997-06-15,6,1997-12-15,240.408,62.236,,110.560,40.597,,194.657,43.570,,16.241,,,,,82.463,17.966,,15.355,24.913,48.465,54.661,,258.205,,,100.864,32.029,84.423,44.977,,37.525,12.876,13.827,10.550
1997-07-15,1,1997-08-15,423.679,204.572,,21.756,92.870,28.273,383.197,258.962,25.939,,,,,,44.654,373.256,172.944,33.099,25.685,423.304,,,103.029,,,202.067,179.099,24.839,1111.024,,204.654,264.096,118.695,
1997-07-15,2,1997-09-15,117.044,214.642,,162.893,100.318,41.782,128.702,334.686,30.093,,,,,,191.498,126.327,324.519,33.674,165.984,123.928,,,129.956,,,197.922,798.178,348.123,252.397,,533.957,192.549,75.347,
1997-07-15,3,1997-10-15,94.079,181.594,,203.507,197.873,39.683,190.603,297.430,36.043,,,,,,424.842,76.758,112.176,70.751,127.077,136.383,,,332.410,,,282.658,149.615,210.890,368.654,,229.326,78.642,66.556,
1997-07-15,4,1997-11-15,86.798,124.304,,349.562,86.142,20.924,508.068,109.852,40.927,,,,,,180.903,37.698,119.448,37.745,59.804,85.868,,,229.139,,,134.527,70.086,139.940,117.456,,96.664,29.331,31.989,
1997-07-15,5,1997-12-15,240.408,61.089,,111.217,36.659,7.775,192.697,40.897,23.474,,,,,,79.351,17.047,58.325,14.025,22.222,46.855,,,257.041,,,99.429,30.688,80.492,44.880,,35.918,10.899,11.886,
1997-07-15,6,1998-01-15,94.284,43.136,,41.326,13.622,2.889,84.633,15.196,8.722,,,,,,30.776,7.608,22.714,5.211,8.257,20.994,,,96.087,,,44.816,251.295,82.718,17.382,,13.346,90.721,4.417,
1997-08-15,1,1997-09-15,117.044,289.293,,382.565,166.772,162.109,130.414,351.877,156.461,,,,,,336.820,130.757,368.268,146.385,354.244,113.849,,,211.948,,,235.480,858.089,546.117,203.987,,596.110,207.912,125.689,
1997-08-15,2,1997-10-15,94.079,209.282,,277.657,229.978,94.201,189.003,303.977,99.426,,,,,,477.475,78.201,126.406,139.760,187.833,120.619,,,370.971,,,297.937,163.232,263.389,346.868,,246.938,84.780,86.995,
1997-08-15,3,1997-11-15,86.798,135.243,,380.416,98.078,43.111,506.858,112.330,72.991,,,,,,198.037,38.185,125.452,64.668,82.419,79.327,,,242.498,,,139.955,75.492,160.195,110.479,,103.112,31.599,39.668,
1997-08-15,4,1997-12-15,240.408,65.190,,121.248,41.272,16.019,192.418,41.817,36.778,,,,,,85.761,17.192,60.557,24.029,30.625,43.928,,,262.291,,,101.586,32.762,88.520,42.202,,38.314,11.742,14.740,
1997-08-15,5,1998-01-15,94.284,44.683,,45.053,15.336,5.952,84.530,15.538,13.666,,,,,,33.158,7.649,23.554,8.929,11.379,19.779,,,97.968,,,45.624,252.066,86.394,16.344,,14.237,91.034,5.477,
1997-08-15,6,1998-02-15,39.280,47.697,,16.741,80.220,2.261,31.409,10.010,5.078,,,,,,50.731,30.860,9.121,3.318,6.165,8.393,,,370.730,,,17.438,213.452,44.502,6.073,,5.290,40.111,2.035,
1997-09-15,1,1997-10-15,94.079,131.354,,139.910,176.199,61.655,168.048,173.447,,,,,,,321.234,59.858,49.479,113.874,78.630,75.607,,,257.831,,,202.225,49.479,116.039,263.167,104.295,92.550,49.479,74.082,
1997-09-15,2,1997-11-15,86.798,102.359,,310.945,81.745,28.348,497.272,73.808,,,,,,,156.405,27.526,56.019,55.625,38.512,52.388,,,205.245,,,108.326,18.567,93.586,88.964,54.597,46.620,18.385,34.291,
1997-09-15,3,1997-12-15,240.408,52.343,,101.491,34.476,10.534,189.460,27.425,,,,,,,70.055,11.534,32.450,20.669,14.310,29.982,,,246.078,,,86.512,7.008,58.957,33.615,35.401,17.323,6.831,12.742,
1997-09-15,4,1998-01-15,94.284,39.789,,37.712,12.811,3.914,83.418,10.191,,,,,,,27.322,4.930,12.491,7.680,5.317,13.584,,,92.445,,,39.923,242.496,68.964,12.824,19.387,6.437,89.209,4.734,
1997-09-15,5,1998-02-15,39.280,45.836,,14.013,79.282,1.504,30.996,8.023,,,,,,,48.562,29.850,4.891,2.854,3.912,6.091,,,368.505,,,15.320,209.896,37.477,4.765,7.204,2.392,39.433,1.759,
1997-09-15,6,1998-03-15,14.596,84.603,,5.207,40.516,0.589,11.517,64.852,,,,,,,1129.252,18.667,1.817,1.060,31.848,143.226,,,103.227,,,5.972,93.192,13.925,8.117,2.677,0.889,14.852,0.654,
1997-10-15,1,1997-11-15,86.798,91.719,,274.558,47.137,45.740,423.388,45.740,,,,,,,62.759,46.612,180.711,45.740,45.740,45.740,,52.830,114.418,,,59.665,73.191,87.455,45.740,,45.740,45.740,45.740,
1997-10-15,2,1997-12-15,240.408,46.077,,91.220,18.335,16.996,168.074,16.996,,,,,,,30.493,19.522,76.998,16.996,16.996,16.996,,22.741,196.780,,,51.035,35.362,57.930,17.078,,16.996,16.996,16.996,
1997-10-15,3,1998-01-15,94.284,37.252,,33.895,6.813,6.315,75.145,6.315,,,,,,,12.622,8.181,30.876,6.315,6.315,6.315,,8.450,76.127,,,25.816,253.032,70.497,6.396,,6.315,92.986,6.315,
1997-10-15,4,1998-02-15,39.280,44.881,,12.595,77.053,2.396,27.922,6.583,,,,,,,43.100,31.058,12.041,2.347,4.283,3.390,,3.140,361.672,,,10.078,213.811,38.255,2.377,,2.347,40.837,2.347,
1997-10-15,5,1998-03-15,14.596,89.016,,4.680,39.688,0.920,10.375,64.317,,,,,,,1127.222,19.115,4.474,0.872,31.986,142.222,,96.324,100.901,,,4.025,94.647,14.215,7.229,,0.872,15.374,0.872,
1997-10-15,6,1998-04-15,93.474,82.995,,1.739,78.667,65.983,3.855,36.923,,,,,,,557.976,7.103,4.936,274.773,19.866,63.826,,40.952,38.393,,,1.495,40.043,5.282,411.720,,0.324,5.712,0.324,
1997-11-15,1,1997-12-15,240.408,53.258,,43.234,43.234,43.234,61.483,43.234,,59.912,,,,,43.234,54.547,43.234,43.234,43.234,43.532,,43.234,127.831,,,90.453,43.234,62.701,54.953,,43.234,44.176,43.243,
1997-11-15,2,1998-01-15,94.284,41.567,,16.065,16.065,16.065,30.207,16.065,,27.526,,,,,17.356,25.051,16.495,16.065,16.065,16.354,,16.065,54.453,,,42.797,255.957,78.452,25.749,,16.065,137.912,16.073,
1997-11-15,3,1998-02-15,39.280,44.873,,5.969,80.491,6.019,11.224,10.205,,10.228,,,,,44.859,37.326,6.379,5.969,7.906,7.120,,5.969,351.519,,,16.387,214.898,41.087,9.568,,5.969,57.275,5.972,
1997-11-15,4,1998-03-15,14.596,85.612,,2.218,40.965,2.266,4.171,65.663,,3.801,,,,,1127.876,21.445,2.370,2.218,33.332,143.608,,97.375,97.705,,,6.369,95.051,15.267,9.902,,2.218,21.804,2.219,
1997-11-15,5,1998-04-15,93.474,79.352,,0.824,79.142,66.483,1.550,37.423,,1.412,,,,,558.219,7.968,4.155,275.273,20.366,64.341,,41.343,37.205,,,2.367,40.193,5.673,412.713,,0.824,8.102,0.825,
1997-11-15,6,1998-05-15,222.926,112.121,,1.099,132.821,272.284,0.576,14.774,,0.525,,,,,323.127,206.599,183.940,899.528,7.567,62.773,,15.362,13.824,,,3.468,15.282,2.108,195.228,,0.348,3.011,0.306,
1997-12-15,1,1998-01-15,94.284,134.689,85.741,85.741,85.741,86.899,85.760,85.741,,,,,,,115.919,85.741,117.671,85.741,88.524,85.741,,119.386,85.741,,,85.741,587.110,201.744,85.741,,,347.600,85.766,
1997-12-15,2,1998-02-15,39.280,93.264,180.098,31.859,115.025,33.012,31.878,36.095,,,,,,,170.250,59.877,54.010,31.859,58.970,32.903,,55.217,363.145,,,32.345,313.508,85.151,31.859,,,116.341,31.884,
1997-12-15,3,1998-03-15,14.596,121.804,210.532,11.838,52.706,12.297,11.845,75.283,,,,,,,1259.975,29.824,20.069,11.838,86.960,153.188,,148.845,102.025,,,12.298,128.477,31.776,18.185,,,46.282,11.847,
1997-12-15,4,1998-04-15,93.474,100.408,202.793,4.399,86.397,70.210,4.401,40.997,,,,,,,582.231,11.082,10.731,278.847,42.234,67.901,,59.840,38.810,,,4.570,53.525,11.807,415.790,,,17.197,4.402,
1997-12-15,5,1998-05-15,222.926,128.319,159.969,2.428,136.400,273.669,1.635,16.102,,,,,,,331.042,207.756,186.383,900.856,15.693,64.096,,22.235,14.421,,,4.286,20.616,4.387,196.372,,,6.391,1.636,
1997-12-15,6,1998-06-15,371.985,230.845,101.459,44.780,413.386,215.180,0.608,75.206,,,,,,,412.118,522.816,314.374,1054.893,22.860,103.439,,8.266,5.358,,,7.691,123.463,1.630,108.557,,,425.985,654.821,
1998-01-15,1,1998-02-15,39.280,111.048,,334.965,39.280,229.595,41.803,39.280,92.690,,39.998,,,,,170.343,143.230,39.280,39.280,80.308,63.090,,,551.526,,,54.976,104.201,39.280,39.280,,,39.280,39.280
1998-01-15,2,1998-03-15,14.596,129.530,,270.568,14.596,81.005,16.768,14.596,166.597,,15.276,,,,,1264.982,64.440,14.596,14.596,108.646,275.960,,,122.077,,,27.269,53.902,14.596,20.942,,,14.596,14.596
1998-01-15,3,1998-04-15,93.474,104.367,,229.325,5.423,133.424,71.872,5.423,79.685,,5.676,,,,,582.048,23.944,8.697,279.872,50.493,98.142,,,47.277,,,10.132,22.815,5.423,416.815,,,5.423,5.423
1998-01-15,4,1998-05-15,222.926,135.934,,170.764,2.808,166.256,274.286,2.015,35.992,,2.109,,,,,330.882,298.423,185.628,901.237,18.762,92.079,,,17.567,,,8.603,8.478,2.015,196.752,,,2.016,2.015
1998-01-15,5,1998-06-15,371.985,234.843,,105.659,44.922,427.635,215.409,0.749,105.237,,34.678,,,,,412.060,550.067,314.093,1055.035,24.000,126.268,,,6.581,,,14.609,75.848,0.749,108.698,,,419.610,654.962
1998-01-15,6,1998-07-15,605.127,304.136,,52.611,629.485,395.064,370.011,423.701,894.521,,43.028,,,,,234.645,190.791,165.561,388.684,127.697,59.759,,,292.483,,,126.718,502.972,0.278,726.937,,,278.856,178.918
1998-02-15,1,1998-03-15,14.596,65.543,,22.832,14.596,14.596,14.596,14.596,27.124,,14.596,,,,,844.139,14.596,14.596,14.596,,172.070,,,14.596,,,14.596,14.596,14.596,25.768,14.596,,14.596,14.596
1998-02-15,2,1998-04-15,93.474,76.129,,31.236,5.423,17.342,71.065,5.423,15.071,,5.423,,,,,525.876,5.423,8.697,279.872,,71.581,,,5.423,,,5.423,5.423,5.423,442.179,5.423,,5.423,5.423
1998-02-15,3,1998-05-15,222.926,113.335,,56.355,2.808,61.329,273.986,2.015,5.600,,2.015,,,,,314.827,162.191,185.628,901.237,,67.832,,,2.015,,,4.604,2.015,2.015,214.085,2.109,,2.016,2.015
1998-02-15,4,1998-06-15,371.985,216.253,,52.420,44.922,360.811,215.298,0.749,26.601,,34.411,,,,,406.149,504.634,314.093,1055.035,,107.779,,,0.749,,,7.809,0.923,0.749,116.466,0.898,,419.610,654.962
1998-02-15,5,1998-07-15,605.127,278.859,,30.503,629.485,376.008,369.970,472.261,831.644,,42.604,,,,,232.513,179.869,165.561,388.684,,53.073,,,124.145,,,105.696,330.978,0.278,730.867,55.271,,278.856,178.918
1998-02-15,6,1998-08-15,285.327,269.937,,14.391,253.039,158.494,562.652,415.287,160.698,,428.331,,,,,518.792,284.057,103.120,161.355,,210.799,,,166.951,,,263.415,114.406,599.622,332.971,244.532,,262.408,143.424
1998-03-15,1,1998-04-15,93.474,39.791,,6.524,5.423,29.783,99.779,5.423,5.423,,5.423,,,,,39.804,5.423,9.356,324.924,,5.423,,,5.423,,,5.423,5.423,5.423,215.148,5.423,,5.423,5.423
1998-03-15,2,1998-05-15,222.926,100.999,,7.086,3.761,85.086,303.223,2.015,2.015,,2.015,,,,,111.932,179.680,227.767,920.104,,3.150,,,2.015,,,15.825,2.015,2.015,143.909,2.331,,2.016,2.015
1998-03-15,3,1998-06-15,371.985,212.336,,10.290,66.969,384.571,222.629,0.749,0.749,,58.039,,,,,322.750,512.153,332.314,1058.666,,13.202,,,0.749,,,25.912,11.980,0.749,82.249,1.283,,428.835,711.881
1998-03-15,4,1998-07-15,605.127,269.150,,7.655,648.340,382.163,372.658,464.508,608.990,,56.821,,,,,205.255,181.597,170.779,389.924,,9.194,,,131.915,,,127.382,377.110,0.278,708.196,75.091,,281.623,183.519
1998-03-15,5,1998-08-15,285.327,266.746,,3.802,257.329,160.623,563.629,414.209,139.859,,439.794,,,,,508.593,284.723,105.122,161.814,,128.326,,,177.251,,,272.399,121.546,599.622,326.755,260.916,,263.300,145.305
1998-03-15,6,1998-09-15,166.424,255.049,,113.832,164.879,115.270,174.095,381.069,95.804,,121.020,,,,,159.138,364.450,70.471,256.650,,178.621,,,322.598,,,833.819,436.058,208.965,226.926,561.284,,124.656,191.374
1998-04-15,1,1998-05-15,222.926,235.197,,101.034,312.048,139.913,302.917,141.603,58.153,,53.067,,,,,158.679,707.936,445.523,803.863,,256.095,,,72.936,,,355.298,86.586,52.386,112.935,210.329,,222.539,110.096
1998-04-15,2,1998-06-15,371.985,343.280,,76.648,282.293,413.762,222.760,104.340,166.695,,420.217,,,,,344.280,618.355,381.728,1036.865,,215.463,,,77.779,,,166.429,223.661,24.672,76.829,113.455,,805.240,1094.136
1998-04-15,3,1998-07-15,605.127,365.018,,40.960,738.598,390.840,372.787,780.475,921.975,,154.389,,,,,212.065,208.889,186.537,382.611,,88.946,,,515.462,,,224.562,562.969,18.364,711.106,225.745,,343.156,219.917
1998-04-15,4,1998-08-15,285.327,322.217,,18.779,284.579,163.722,563.648,458.683,181.542,,498.900,,,,,511.119,295.058,111.067,159.103,,238.452,,,265.638,,,309.361,161.634,1130.199,326.757,321.830,,284.760,159.510
1998-04-15,5,1998-09-15,166.424,270.631,,175.271,174.978,116.426,174.101,395.766,112.716,,137.925,,,,,160.067,368.278,72.713,255.641,,216.810,,,359.380,,,847.427,453.569,249.725,226.924,585.461,,132.522,196.915
1998-04-15,6,1998-10-15,74.761,190.287,,208.768,231.225,73.496,209.853,319.409,76.152,,102.527,,,,,90.498,126.767,92.756,158.444,,619.075,,,117.784,,,163.847,241.428,367.788,186.230,244.474,,89.952,85.264
1998-05-15,1,1998-06-15,371.985,372.732,,120.353,267.304,460.962,207.572,144.022,276.434,,597.883,,,,,375.248,552.004,334.935,960.284,,268.322,,,155.117,,,142.087,282.183,106.011,109.482,116.722,,810.087,1167.624
1998-05-15,2,1998-07-15,605.127,376.568,,60.572,733.107,402.345,367.110,804.255,959.877,,188.866,,,,,219.976,189.889,172.548,362.392,,100.025,,,562.662,,,214.270,582.825,80.139,726.628,226.967,,344.410,232.495
1998-05-15,3,1998-08-15,285.327,328.450,,27.744,282.554,167.693,561.604,465.194,193.591,,513.570,,,,,514.174,287.914,105.748,151.654,,251.414,,,279.024,,,305.585,168.502,1189.523,331.789,322.258,,285.210,164.246
1998-05-15,4,1998-09-15,166.424,272.694,,184.713,174.226,117.917,173.348,398.146,117.217,,142.926,,,,,161.167,365.629,70.686,252.856,,220.486,,,364.410,,,846.030,456.150,262.118,228.790,585.686,,132.688,198.699
1998-05-15,5,1998-10-15,74.761,191.049,,212.033,230.946,74.052,209.573,320.291,77.832,,104.427,,,,,90.908,125.785,91.970,157.410,,620.478,,,119.629,,,163.334,242.383,372.513,186.924,244.549,,90.014,85.925
1998-05-15,6,1998-11-15,34.444,117.810,,353.429,98.328,34.861,515.686,118.139,61.346,,90.905,,,,,43.223,125.085,46.262,71.115,,142.877,,,44.451,,,75.349,152.005,118.798,87.729,102.242,,40.797,33.573
1998-06-15,1,1998-07-15,605.127,403.076,,132.886,750.435,397.825,412.148,881.822,980.316,,171.892,,,,,218.677,167.814,183.453,318.304,,122.213,,,631.596,,,282.241,601.781,174.760,817.679,323.441,,309.188,183.058
1998-06-15,2,1998-08-15,285.327,338.836,,61.121,288.467,164.873,575.316,485.040,199.054,,509.223,,,,,513.547,278.191,110.629,136.157,,282.585,,,297.900,,,329.712,173.920,1241.511,357.533,354.320,,272.438,145.186
1998-06-15,3,1998-09-15,166.424,276.671,,207.879,176.423,116.920,178.148,405.385,119.270,,140.828,,,,,160.988,362.111,72.851,246.834,,229.075,,,371.461,,,854.908,458.256,276.731,238.304,597.713,,127.963,191.377
1998-06-15,4,1998-10-15,74.761,192.520,,220.282,231.765,73.693,211.383,322.976,78.602,,103.692,,,,,90.839,124.515,93.019,155.188,,623.770,,,122.220,,,166.523,243.149,377.999,190.465,248.847,,88.251,83.225
1998-06-15,5,1998-11-15,34.444,118.369,,356.806,98.633,34.730,516.365,119.135,61.636,,90.649,,,,,43.197,124.601,46.668,70.288,,144.024,,,45.414,,,76.538,152.291,120.817,89.045,103.835,,40.141,32.565
1998-06-15,6,1998-12-15,65.736,58.110,,113.497,41.436,12.905,195.614,44.350,31.996,,242.123,,,,,19.209,60.241,17.341,26.117,,56.231,,,16.875,,,33.118,85.323,46.134,54.087,38.583,,14.916,12.101
1998-07-15,1,1998-08-15,285.327,314.982,,159.342,276.610,183.249,598.275,467.247,176.862,224.179,,,,,205.775,,372.404,189.728,173.472,642.788,424.794,,,293.797,,,377.730,173.148,,339.538,394.914,,310.800,
1998-07-15,2,1998-09-15,166.424,300.303,,270.094,172.134,123.353,185.317,399.200,109.496,252.117,,,,,285.515,,394.971,107.513,267.038,179.034,273.488,,,370.051,,,872.199,456.912,,232.298,613.508,,141.530,
1998-07-15,3,1998-10-15,74.761,211.581,,242.746,230.035,75.964,214.149,320.695,74.490,122.322,,,,,460.030,,136.100,109.695,162.278,158.319,640.500,,,121.764,,,172.401,242.828,,188.174,254.111,,93.447,
1998-07-15,4,1998-11-15,34.444,129.154,,365.803,97.998,35.555,517.433,118.293,59.863,54.663,,,,,192.791,,129.118,53.102,72.932,94.088,150.085,,,45.245,,,78.743,152.159,,88.192,105.780,,42.078,
1998-07-15,5,1998-12-15,65.736,53.070,,116.567,41.196,13.211,196.000,44.037,31.297,20.312,,,,,83.792,,61.920,19.732,27.100,49.967,58.485,,,16.812,,,33.941,85.270,,53.754,39.305,,15.635,
1998-07-15,6,1999-01-15,37.400,36.541,,43.314,15.308,4.909,85.860,16.363,11.629,7.547,,,,,32.426,,24.063,7.332,10.070,22.165,21.732,,,6.247,,,252.504,84.825,,27.563,14.605,,5.810,
1998-08-15,1,1998-09-15,166.424,329.834,,386.028,,168.019,136.695,355.485,162.112,291.879,,,153.580,492.884,340.805,,371.383,,357.857,,219.081,,,365.238,111.908,,860.324,548.819,,214.592,598.685,,131.473,
1998-08-15,2,1998-10-15,74.761,204.729,,279.366,,95.367,188.929,305.557,100.738,134.859,,,68.351,143.317,478.578,,128.687,,189.716,,617.028,,,120.471,89.494,,165.925,265.645,,180.975,249.224,,87.624,
1998-08-15,3,1998-11-15,34.444,124.531,,380.971,,43.408,506.753,113.052,73.031,59.753,,,25.429,57.214,198.672,,126.006,,83.089,,143.380,,,44.764,43.918,,76.374,160.929,,85.524,103.992,,39.827,
1998-08-15,4,1998-12-15,65.736,50.326,,121.493,,16.130,192.436,42.082,36.723,22.204,,,9.449,21.259,86.002,,60.757,,30.874,,55.962,,,16.633,16.319,,33.063,88.775,,52.594,38.641,,14.799,
1998-08-15,5,1999-01-15,37.400,35.347,,45.144,,5.993,84.533,15.637,13.646,8.251,,,3.511,7.899,33.247,,23.616,,11.472,,20.794,,,6.181,6.064,,252.177,86.466,,27.102,14.358,,5.499,
1998-08-15,6,1999-02-15,14.017,22.521,,16.774,,2.276,31.411,10.046,5.070,3.066,,,1.305,4.095,50.764,,9.141,,6.199,,7.727,,,2.297,2.253,,213.494,44.528,,10.070,5.335,,2.043,
1998-09-15,1,1998-10-15,74.761,148.369,,,,95.546,,,102.381,86.351,,,74.941,74.854,376.132,,,,114.037,,490.176,74.759,,74.759,191.072,,74.805,155.869,,145.518,131.598,,111.110,
1998-09-15,2,1998-11-15,34.444,64.136,,,,43.116,,,73.712,37.625,,,27.956,27.871,171.781,,,,53.742,,128.325,27.779,,27.779,79.705,,29.886,114.605,,71.437,62.001,,48.859,
1998-09-15,3,1998-12-15,65.736,28.116,,,,16.021,,,36.991,13.981,,,10.388,10.356,75.761,,,,19.969,,49.782,10.322,,10.322,29.616,,12.262,68.410,,44.481,23.038,,18.155,
1998-09-15,4,1999-01-15,37.400,29.019,,,,5.953,,,13.745,5.195,,,3.860,3.848,29.442,,,,7.420,,18.498,3.835,,3.835,11.005,,244.448,74.475,,23.432,8.560,,6.746,
1998-09-15,5,1999-02-15,14.017,21.618,,,,2.261,,,5.107,1.930,,,1.434,2.590,49.350,,,,4.693,,6.873,1.425,,1.425,4.089,,210.622,39.686,,8.707,3.181,,2.507,
1998-09-15,6,1999-03-15,5.208,91.509,,,,0.870,,,21.308,0.717,,,0.533,64.722,1129.545,,,,32.139,,2.554,95.686,,0.530,1.980,,93.462,14.747,,3.235,1.182,,0.931,
1998-10-15,1,1998-11-15,34.444,35.276,,133.157,,27.780,,,29.257,27.780,,,27.780,27.780,27.936,,,,27.780,,27.780,27.780,,27.780,27.780,,30.742,37.737,,27.780,27.780,,,
1998-10-15,2,1998-12-15,65.736,14.536,,60.140,,10.322,,,11.728,10.322,,,10.322,10.322,10.475,,,,10.322,,10.322,10.322,,10.322,10.322,,13.033,22.866,,11.109,10.322,,,
1998-10-15,3,1999-01-15,37.400,21.789,,22.347,,3.836,,,4.358,3.836,,,3.836,3.836,5.183,,,,3.836,,3.836,3.836,,3.836,3.836,,244.735,29.079,,4.567,3.836,,,
1998-10-15,4,1999-02-15,14.017,18.608,,8.303,,1.475,,,1.619,1.425,,,1.425,2.585,40.336,,,,3.361,,1.425,1.425,,1.425,1.425,,210.728,17.649,,1.697,1.425,,,
1998-10-15,5,1999-03-15,5.208,90.390,,3.085,,0.578,,,20.011,0.530,,,0.530,64.720,1126.195,,,,31.644,,0.530,95.687,,0.530,0.990,,93.501,6.558,,0.631,0.530,,,
1998-10-15,6,1999-04-15,1.935,71.678,,1.146,,65.856,,,252.403,0.197,,,125.471,40.204,557.595,,,,19.738,,0.197,40.715,,0.197,0.636,,39.617,2.437,,0.234,0.197,,,
1998-11-15,1,1998-12-15,65.736,17.149,,16.055,,16.055,19.373,,16.055,17.475,,,16.055,16.055,16.055,,,,16.055,,16.055,16.055,,16.055,16.055,,16.055,,,28.813,16.055,,,
1998-11-15,2,1999-01-15,37.400,21.964,,5.966,,5.966,9.028,,5.966,7.285,,,5.966,5.966,7.257,,,,5.966,,5.966,5.966,,5.966,5.966,,245.858,,,16.378,5.966,,,
1998-11-15,3,1999-02-15,14.017,18.246,,2.217,,2.266,3.355,,2.217,2.707,,,2.217,3.377,41.107,,,,4.153,,2.217,2.217,,2.217,2.217,,211.146,,,6.086,2.217,,,
1998-11-15,4,1999-03-15,5.208,90.256,,0.824,,0.872,1.246,,20.234,1.006,,,0.824,65.014,1126.481,,,,31.938,,0.824,95.981,,0.824,1.284,,93.656,,,2.261,0.824,,,
1998-11-15,5,1999-04-15,1.935,71.627,,0.306,,65.965,0.463,,252.486,0.374,,,125.580,40.313,557.701,,,,19.848,,0.306,40.825,,0.306,0.745,,39.675,,,0.840,0.306,,,
1998-11-15,6,1999-05-15,0.719,106.101,,0.907,,272.092,0.172,,82.736,0.139,,,887.741,92.197,322.934,,,,7.375,,0.114,15.169,,0.114,0.277,,15.089,,,0.406,0.155,,,
1998-12-15,1,1999-01-15,37.400,64.079,37.199,,,37.199,37.199,,43.902,37.199,,,37.199,37.199,50.429,,,,37.199,,37.199,49.707,,37.199,37.199,37.199,460.526,,,37.199,38.387,,,
1998-12-15,2,1999-02-15,14.017,45.285,162.061,,,13.872,13.822,,19.188,13.822,,,13.822,14.982,109.220,,,,22.251,,13.822,24.300,,13.822,13.822,14.307,277.948,,,13.822,14.956,,,
1998-12-15,3,1999-03-15,5.208,109.132,203.829,,,5.184,5.136,,26.540,5.136,,,5.136,69.326,1213.939,,,,54.684,,5.136,117.824,,5.136,5.596,5.596,116.343,,,5.136,5.557,,,
1998-12-15,4,1999-04-15,1.935,82.789,200.302,,,67.568,1.908,,254.829,1.908,,,127.183,41.915,572.704,,,,29.134,,1.908,48.977,,1.908,2.347,2.079,48.762,,,1.908,2.065,,,
1998-12-15,5,1999-05-15,0.719,110.629,159.043,,,272.687,0.709,,83.606,0.709,,,888.336,92.792,327.808,,,,10.825,,0.709,18.199,,0.709,0.872,3.361,18.713,,,0.803,0.809,,,
1998-12-15,6,1999-06-15,251.976,107.839,101.116,,,214.815,0.263,,50.987,29.397,,,586.687,245.447,410.918,,,,21.051,,0.263,6.762,,22.413,5.050,7.347,119.518,,,0.413,10.814,,,
1999-01-15,1,1999-02-15,14.017,28.624,,179.296,,,14.067,14.017,,14.017,14.017,,,14.017,16.318,61.721,,,,16.861,,14.017,14.017,,14.017,14.017,14.613,43.553,,,14.017,14.017,,
1999-01-15,2,1999-03-15,5.208,100.158,,213.154,,,5.257,5.208,,24.618,5.208,,,5.208,83.845,1151.669,,,,48.126,,5.208,100.365,,5.208,7.601,5.776,25.824,,,5.208,5.208,,
1999-01-15,3,1999-04-15,1.935,80.142,,206.200,,,67.594,1.935,,254.115,1.935,,,127.210,48.012,562.271,,,,25.937,,1.935,42.454,,1.935,4.122,2.146,10.748,,,1.935,1.935,,
1999-01-15,4,1999-05-15,0.719,109.979,,161.261,,,272.697,0.719,,83.341,0.719,,,888.346,100.760,324.460,,,,9.638,,0.719,15.775,,0.719,1.532,3.386,3.994,,,0.813,0.761,,
1999-01-15,5,1999-06-15,251.976,103.692,,102.027,,,214.819,0.267,,50.888,29.401,,,586.691,249.635,409.678,,,,20.610,,0.267,5.862,,22.417,12.992,7.356,38.648,,,0.416,10.796,,
1999-01-15,6,1999-07-15,316.665,202.601,,51.199,,,369.792,423.522,,45.542,38.110,,,372.974,395.323,233.772,,,,126.437,,0.099,15.740,,396.997,99.979,105.528,439.068,,,63.124,267.013,,
1999-02-15,1,1999-03-15,5.208,64.591,,5.568,,,5.208,5.208,,32.195,5.208,,,5.208,36.232,812.431,,,,32.220,,5.208,119.384,,5.208,7.932,5.208,5.208,,,5.208,5.208,,
1999-02-15,2,1999-04-15,1.935,65.746,,23.946,,,67.577,1.935,,270.297,1.935,,,130.464,21.885,518.500,,,,19.122,,1.935,46.035,,1.935,4.367,1.935,1.935,,,1.935,1.935,,
1999-02-15,3,1999-05-15,0.719,100.111,,48.477,,,272.690,0.719,,87.339,0.719,,,890.309,56.080,312.683,,,,7.105,,0.719,17.105,,0.719,1.623,3.307,0.719,,,0.813,0.761,,
1999-02-15,4,1999-06-15,251.976,96.576,,51.636,,,214.816,0.267,,53.339,29.401,,,587.049,218.701,405.333,,,,19.669,,0.267,6.377,,22.417,13.433,7.327,0.442,,,0.416,10.897,,
1999-02-15,5,1999-07-15,316.665,196.402,,30.783,,,369.791,452.388,,47.253,38.110,,,373.101,383.059,232.221,,,,126.087,,0.099,19.694,,396.997,100.238,105.517,335.437,,,60.412,267.640,,
1999-02-15,6,1999-08-15,209.424,281.650,,14.563,,,562.585,409.728,,79.982,423.710,,,338.596,174.026,518.682,,,,521.214,,0.150,65.642,,385.384,275.294,263.348,115.094,,,246.671,393.374,,
1999-03-15,1,1999-04-15,1.935,18.425,,2.664,,,72.973,1.935,,59.143,1.935,,,134.235,1.935,20.978,,,,1.935,,1.935,1.935,,1.935,1.935,1.935,1.935,,,1.935,1.935,,
1999-03-15,2,1999-05-15,0.719,76.993,,4.973,,,277.141,0.719,,33.665,0.719,,,892.341,0.719,89.408,,,,0.719,,0.719,0.719,,0.719,0.719,3.307,0.719,,,0.813,0.761,,
1999-03-15,3,1999-06-15,251.976,75.177,,11.411,,,216.263,0.267,,16.208,31.843,,,587.424,38.883,307.855,,,,17.296,,0.267,0.267,,27.059,1.604,7.330,0.442,,,0.416,13.176,,
1999-03-15,4,1999-07-15,316.665,180.253,,9.599,,,370.350,422.222,,16.083,40.731,,,373.234,246.922,201.147,,,,125.205,,0.099,0.099,,402.486,70.822,111.541,340.143,,,59.280,274.328,,
1999-03-15,5,1999-08-15,209.424,272.962,,4.903,,,562.783,405.786,,56.778,426.255,,,338.645,138.093,506.973,,,,520.886,,0.150,9.846,,386.686,259.457,266.428,115.800,,,246.023,394.861,,
1999-03-15,6,1999-09-15,122.508,260.882,,94.489,,,173.783,378.646,,176.427,117.676,,,515.932,256.406,158.555,,,,143.238,,0.124,46.724,,121.404,215.741,831.700,433.575,,,542.396,228.174,,
1999-04-15,1,1999-05-15,0.719,44.785,,0.719,,,,6.133,,0.719,0.719,,,494.384,5.060,5.103,,144.717,,0.719,,0.719,0.719,,0.719,0.719,81.891,0.719,,,16.859,0.719,,
1999-04-15,2,1999-06-15,251.976,98.469,,0.368,,,,14.561,,0.267,155.970,,,535.926,129.197,162.718,,305.732,,20.100,,0.267,0.312,,144.019,61.787,84.546,32.540,,,18.717,6.948,,
1999-04-15,3,1999-07-15,316.665,214.606,,0.198,,,,628.947,,0.099,99.831,,,357.391,334.509,162.972,,162.810,,133.804,,1.425,23.893,,510.201,165.788,186.723,466.984,,,146.323,266.411,,
1999-04-15,4,1999-08-15,209.424,262.510,,0.074,,,,433.872,,0.107,469.552,,,332.787,160.433,491.375,,102.087,,524.972,,39.861,74.344,,410.931,303.657,295.516,135.695,,,293.635,393.773,,
1999-04-15,5,1999-09-15,122.508,256.790,,80.197,,,,387.274,,51.016,129.119,,,513.757,267.254,153.152,,69.315,,144.333,,22.578,100.943,,129.671,230.540,842.313,443.338,,,572.928,227.707,,
1999-04-15,6,1999-10-15,55.199,175.499,,161.697,,,,316.283,,41.637,99.057,,,147.214,453.322,87.907,,91.448,,144.987,,8.389,305.575,,98.975,295.630,161.985,237.725,,,240.309,91.341,,
1999-05-15,1,1999-06-15,251.976,31.839,,0.267,,,,,,0.267,151.365,,,74.118,12.938,14.166,,,,128.854,2.343,0.267,0.267,,25.018,97.454,0.267,1.297,,,0.267,0.267,,
1999-05-15,2,1999-07-15,316.665,120.173,,0.099,,,,,,0.099,99.166,,,233.760,189.209,78.868,,,,239.332,1.888,0.099,1.408,,380.229,185.303,9.284,346.501,,,7.147,150.370,,
1999-05-15,3,1999-08-15,209.424,220.755,,0.037,,,,,,1.037,469.334,,,288.448,119.812,447.549,,,,564.581,96.388,14.344,40.997,,382.507,311.136,144.740,116.794,,,185.870,348.510,,
1999-05-15,4,1999-09-15,122.508,236.874,,19.211,,,,,,60.950,129.031,,,497.405,245.582,139.997,,,,156.053,169.425,10.713,83.876,,120.180,233.163,780.512,434.196,,,494.860,214.834,,
1999-05-15,5,1999-10-15,55.199,189.857,,93.243,,,,,,46.115,99.026,,,141.257,445.640,82.852,,,,149.492,598.902,3.981,298.020,,95.219,296.625,145.244,234.671,,,220.907,86.512,,
1999-05-15,6,1999-11-15,20.527,103.445,,283.914,,,,,,22.843,88.816,,,56.578,187.640,40.189,,,,90.796,135.853,1.479,217.342,,46.590,139.551,68.457,149.128,,,93.673,32.272,,
1999-06-15,1,1999-07-15,316.665,250.983,,93.537,,,,,,109.490,,,,289.340,385.411,,126.713,141.992,,330.103,83.881,140.111,150.657,,535.433,233.345,238.708,556.147,,,279.471,430.993,,141.386
1999-06-15,2,1999-08-15,209.424,256.882,,44.944,,,,,,109.520,,,,308.208,174.706,,260.840,94.433,,591.258,262.939,195.783,192.453,,418.994,328.809,313.964,159.695,,,338.998,442.688,,128.769
1999-06-15,3,1999-09-15,122.508,290.214,,199.747,,,,,,202.583,,,,504.671,273.184,,355.797,66.547,,163.913,222.508,80.990,168.783,,132.618,239.416,849.096,452.823,,,591.903,244.156,,184.903
1999-06-15,4,1999-10-15,55.199,206.893,,217.315,,,,,,104.424,,,,143.881,455.481,,122.213,90.442,,152.512,621.288,30.094,349.856,,100.080,298.983,164.406,241.155,,,246.733,97.476,,80.850
1999-06-15,5,1999-11-15,20.527,111.195,,355.646,,,,,,47.871,,,,57.555,191.123,,123.729,45.686,,91.923,143.120,11.182,235.292,,48.390,140.421,75.750,151.549,,,103.051,36.348,,31.676
1999-06-15,6,1999-12-15,7.627,57.770,,113.091,,,,,,17.788,,,,21.386,83.172,,59.917,16.976,,49.155,55.895,4.155,259.425,,17.981,101.715,32.825,85.047,,,38.291,13.506,,11.770
1999-07-15,1,1999-08-15,209.424,291.327,,118.284,,,,,134.849,180.783,,,,321.276,163.343,,327.098,,,596.135,378.838,307.572,244.032,249.530,390.073,358.708,332.499,131.292,,,,426.924,,
1999-07-15,2,1999-09-15,122.508,294.498,,251.198,,,,,92.372,234.888,,,,509.386,267.475,,378.788,,,163.879,257.811,110.587,188.085,353.174,123.247,248.441,855.755,438.170,,,,238.723,,
1999-07-15,3,1999-10-15,55.199,209.234,,235.913,,,,,67.643,116.016,,,,145.411,453.400,,130.234,,,152.592,634.622,41.119,357.695,115.743,96.341,302.563,166.610,236.377,,,,95.470,,
1999-07-15,4,1999-11-15,20.527,114.682,,363.182,,,,,57.079,52.295,,,,58.129,190.397,,126.885,,,91.955,147.924,15.279,238.135,43.007,46.994,141.706,76.580,149.756,,,,35.602,,
1999-07-15,5,1999-12-15,7.627,60.644,,115.629,,,,,30.225,19.432,,,,21.599,82.901,,61.091,,,49.170,57.682,5.677,260.505,15.981,17.462,102.218,33.135,84.364,,,,13.229,,
1999-07-15,6,2000-01-15,2.834,47.162,,42.965,,,,,11.231,7.220,,,,8.026,32.095,,23.754,,,21.868,21.433,2.110,97.344,5.938,6.488,45.856,252.204,84.469,,,,91.587,,
1999-08-15,1,1999-09-15,122.508,273.946,,340.633,,,,,128.198,249.914,,132.815,,445.533,296.219,,327.279,,,92.893,181.933,89.638,,320.520,89.125,200.039,809.822,501.246,,,,177.324,,
1999-08-15,2,1999-10-15,55.199,182.304,,265.506,,,,,84.088,121.023,,61.228,,132.085,463.326,,116.451,,,99.597,595.878,33.614,,108.982,70.555,281.574,155.982,253.170,,,,73.808,,
1999-08-15,3,1999-11-15,20.527,98.570,,375.377,,,,,64.806,54.264,,28.711,,52.854,193.723,,119.709,,,70.032,137.580,12.490,,40.495,36.436,134.425,72.414,156.322,,,,27.475,,
1999-08-15,4,1999-12-15,7.627,46.880,,119.625,,,,,33.356,20.163,,60.086,,19.639,84.150,,58.418,,,39.723,53.773,4.641,,15.047,13.539,99.221,31.551,86.947,,,,10.209,,
1999-08-15,5,2000-01-15,2.834,42.796,,44.450,,,,,12.394,7.492,,35.040,,7.298,32.559,,22.732,,,18.016,19.981,1.725,,5.591,5.031,44.732,251.616,85.621,,,,90.465,,
1999-08-15,6,2000-02-15,1.053,27.154,,16.517,,,,,4.605,2.784,,13.129,,3.871,50.508,,8.810,,,7.738,7.424,0.641,,2.078,1.869,17.106,213.285,44.199,,,,39.900,,
1999-09-15,1,1999-10-15,55.199,117.764,,147.094,,,,,74.044,61.757,,55.172,,55.172,330.482,,55.400,,82.689,,438.980,55.172,,55.172,151.318,,55.172,,,111.877,99.550,55.172,,
1999-09-15,2,1999-11-15,20.527,67.120,,312.382,,,,,56.367,26.294,,25.440,,20.501,158.404,,59.445,,40.613,,117.611,20.501,,20.501,67.510,,21.691,,,57.182,48.970,20.501,,
1999-09-15,3,1999-12-15,7.627,29.839,,102.462,,,,,29.409,9.770,,51.882,,7.618,70.508,,33.585,,15.091,,45.624,7.618,,7.618,25.085,,8.748,,,36.586,18.196,7.618,,
1999-09-15,4,2000-01-15,2.834,32.741,,38.073,,,,,10.928,3.630,,31.201,,2.831,27.490,,12.982,,5.607,,16.953,2.831,,2.831,9.321,,243.142,,,19.768,6.761,89.502,,
1999-09-15,5,2000-02-15,1.053,22.662,,14.147,,,,,4.060,1.349,,11.684,,2.211,48.625,,5.086,,4.020,,6.299,1.052,,1.052,3.464,,210.137,,,7.345,2.512,39.542,,
1999-09-15,6,2000-03-15,0.391,91.907,,5.257,,,,,20.919,0.501,,4.342,,64.581,1129.275,,1.890,,31.888,,2.341,95.548,,0.391,1.747,,93.281,,,2.729,0.934,14.892,,
1999-10-15,1,1999-11-15,20.527,29.410,,113.165,,20.527,,,22.229,20.527,,27.690,,20.527,20.815,,57.376,,20.527,,20.527,20.527,,20.527,20.527,,24.022,,,20.527,20.527,,,
1999-10-15,2,1999-12-15,7.627,15.500,,54.371,,7.627,,,9.228,7.627,,56.271,,7.627,7.907,,32.401,,7.627,,7.627,7.627,,7.627,7.627,,10.764,,,8.414,7.627,,,
1999-10-15,3,2000-01-15,2.834,21.653,,20.203,,2.834,,,3.429,2.834,,33.074,,2.834,4.229,,12.554,,2.834,,2.834,2.834,,2.834,2.834,,243.892,,,3.566,2.834,,,
1999-10-15,4,2000-02-15,1.053,18.157,,7.507,,1.102,,,1.274,1.053,,12.453,,2.213,39.981,,4.931,,2.989,,1.053,1.053,,1.053,1.053,,210.415,,,1.325,1.053,,,
1999-10-15,5,2000-03-15,0.391,90.223,,2.789,,0.440,,,19.883,0.391,,4.627,,64.582,1126.063,,1.832,,31.506,,0.391,95.548,,0.391,0.851,,93.385,,,0.492,0.391,,,
1999-10-15,6,2000-04-15,125.420,63.990,,1.036,,65.805,,,252.355,0.145,,1.719,,40.152,557.546,,3.955,,19.687,,0.145,40.664,,0.145,0.584,,39.574,,,0.183,0.145,,,
1999-11-15,1,1999-12-15,7.627,8.176,,7.627,,7.627,7.639,,7.627,7.627,,15.614,,7.627,7.627,,,,7.627,,7.627,7.627,,7.627,7.627,,7.627,,,8.414,7.627,,,
1999-11-15,2,2000-01-15,2.834,18.375,,2.834,,2.834,2.846,,2.834,2.834,,9.569,,2.834,4.125,,,,2.834,,2.834,2.834,,2.834,2.834,,242.726,,,3.566,2.834,,,
1999-11-15,3,2000-02-15,1.053,16.912,,1.053,,1.102,1.057,,1.053,1.053,,3.555,,2.213,39.943,,,,2.989,,1.053,1.053,,1.053,1.053,,209.982,,,1.325,1.053,,,
1999-11-15,4,2000-03-15,0.391,89.760,,0.391,,0.440,0.393,,19.801,0.391,,1.321,,64.582,1126.049,,,,31.506,,0.391,95.548,,0.391,0.851,,93.224,,,0.492,0.391,,,
1999-11-15,5,2000-04-15,125.420,63.614,,0.145,,65.805,0.146,,252.325,0.145,,0.491,,40.152,557.541,,,,19.687,,0.145,40.664,,0.145,0.584,,39.514,,,0.183,0.145,,,
1999-11-15,6,2000-05-15,887.681,50.556,,0.847,,272.032,0.054,,82.676,0.054,,0.182,,92.137,322.874,,,,7.315,,0.054,15.110,,0.054,0.217,,15.030,,,0.162,0.095,,,
1999-12-15,1,2000-01-15,2.834,17.021,2.834,,,2.834,2.834,,2.834,2.834,,2.834,,2.834,4.125,,,,2.834,,2.834,2.834,,2.834,2.834,2.834,242.726,,,2.834,2.834,,,
1999-12-15,2,2000-02-15,1.053,24.564,149.292,,,1.102,1.053,,1.053,1.053,,1.053,,2.213,39.943,,,,2.989,,1.053,1.053,,1.053,1.053,1.538,209.982,,,1.053,1.053,,,
1999-12-15,3,2000-03-15,0.391,96.157,199.085,,,0.440,0.391,,19.801,0.391,,0.391,,64.582,1126.049,,,,31.506,,0.391,95.548,,0.391,0.851,0.852,93.224,,,0.391,0.391,,,
1999-12-15,4,2000-04-15,125.420,71.538,198.539,,,65.805,0.145,,252.325,0.145,,0.145,,40.152,557.541,,,,19.687,,0.145,40.664,,0.145,0.584,0.316,39.514,,,0.145,0.145,,,
1999-12-15,5,2000-05-15,887.681,57.000,158.388,,,272.032,0.054,,82.676,0.054,,0.054,,92.137,322.874,,,,7.315,,0.054,15.110,,0.054,0.217,2.706,15.030,,,0.148,0.095,,,
1999-12-15,6,2000-06-15,586.444,86.361,100.872,,,214.572,0.020,,50.641,29.154,,242.807,,245.204,409.093,,,,19.747,,0.020,5.614,,22.170,4.807,7.104,105.588,,,0.169,10.549,,,
2000-01-15,1,2000-02-15,1.053,13.369,,149.292,,,1.102,1.053,,1.053,1.053,,1.053,,2.213,38.779,,,,2.989,,1.053,1.053,,1.053,1.053,1.538,20.831,,,1.053,1.053,,
2000-01-15,2,2000-03-15,0.391,91.537,,199.085,,,0.440,0.391,,19.801,0.391,,0.391,,64.582,1125.617,,,,31.506,,0.391,95.548,,0.391,0.851,0.852,15.106,,,0.391,0.391,,
2000-01-15,3,2000-04-15,125.420,69.570,,198.539,,,65.805,0.145,,252.325,0.145,,0.145,,40.152,557.380,,,,19.687,,0.145,40.664,,0.145,0.584,0.316,6.224,,,0.145,0.145,,
2000-01-15,4,2000-05-15,887.681,56.248,,158.388,,,272.032,0.054,,82.676,0.054,,0.054,,92.137,322.815,,,,7.315,,0.054,15.110,,0.054,0.217,2.706,2.313,,,0.148,0.095,,
2000-01-15,5,2000-06-15,586.444,81.967,,100.872,,,214.572,0.020,,50.641,29.154,,242.807,,245.204,409.071,,,,19.747,,0.020,5.614,,22.170,4.807,7.104,30.915,,,0.169,10.549,,
2000-01-15,6,2000-07-15,372.882,197.292,,50.756,,,369.700,423.430,,45.450,38.018,,314.401,,393.915,233.549,,,,126.116,,0.007,15.648,,396.905,88.080,105.434,432.542,,,53.097,266.921,,
2000-02-15,1,2000-03-15,0.391,55.324,,0.751,,,0.391,0.391,,19.801,0.391,,0.391,,22.442,778.610,,,,18.587,,0.391,95.548,,0.391,0.851,0.391,0.391,,,0.391,0.391,,
2000-02-15,2,2000-04-15,125.420,53.958,,14.787,,,65.787,0.145,,252.325,0.145,,0.145,,15.261,513.393,,,,13.175,,0.145,40.664,,0.145,0.584,0.145,0.145,,,0.145,0.145,,
2000-02-15,3,2000-05-15,887.681,45.422,,36.868,,,272.025,0.054,,82.676,0.054,,0.054,,45.982,311.186,,,,4.895,,0.054,15.110,,0.054,0.217,2.642,0.054,,,0.148,0.095,,
2000-02-15,4,2000-06-15,586.444,74.471,,43.213,,,214.569,0.020,,50.641,29.154,,242.807,,211.367,404.787,,,,18.848,,0.020,5.614,,22.170,4.807,7.080,0.194,,,0.169,10.549,,
2000-02-15,5,2000-07-15,372.882,189.022,,26.924,,,369.699,423.430,,45.450,38.018,,314.401,,380.855,232.024,,,,125.782,,0.007,15.648,,396.905,88.080,105.426,330.707,,,53.097,266.921,,
2000-02-15,6,2000-08-15,338.515,272.758,,12.910,,,562.551,406.507,,79.004,423.675,,208.720,,173.251,518.609,,,,521.101,,0.116,62.550,,385.350,269.962,263.314,114.306,,,241.755,393.213,,
2000-03-15,1,2000-04-15,125.420,8.277,,0.874,,,65.787,0.145,,54.576,0.145,,0.145,,0.145,17.579,,,,0.145,,0.145,0.145,,0.145,0.145,0.145,0.145,,,0.145,0.145,,
2000-03-15,2,2000-05-15,887.681,23.183,,4.199,,,272.025,0.054,,31.162,0.054,,0.054,,0.054,83.294,,,,0.054,,0.054,0.054,,0.054,0.054,2.642,0.054,,,0.148,0.095,,
2000-03-15,3,2000-06-15,586.444,53.353,,8.717,,,214.569,0.020,,15.278,29.154,,242.807,,33.713,304.127,,,,17.049,,0.020,0.020,,22.170,1.357,7.080,0.194,,,0.169,10.549,,
2000-03-15,4,2000-07-15,372.882,173.333,,6.935,,,369.699,411.770,,15.111,38.018,,314.401,,241.781,200.030,,,,125.114,,0.007,0.007,,396.905,70.730,105.426,330.707,,,53.097,266.921,,
2000-03-15,5,2000-08-15,338.515,264.056,,3.495,,,562.551,404.541,,54.573,423.675,,208.720,,136.704,506.558,,,,520.852,,0.116,9.812,,385.350,259.423,263.314,114.306,,,241.755,393.213,,
2000-03-15,6,2000-09-15,515.884,237.041,,91.293,,,173.698,378.257,,174.157,117.043,,122.246,,255.868,158.403,,,,143.226,,0.112,46.711,,120.940,215.728,830.551,432.656,,,541.188,227.623,,
2000-04-15,1,2000-05-15,887.681,161.248,,128.569,,,,171.036,,53.666,68.267,,60.281,,200.528,190.918,,487.176,,53.376,,117.590,107.832,,172.655,53.753,395.032,112.768,,,245.713,122.064,,
2000-04-15,2,2000-06-15,586.444,237.613,,89.766,,,,117.492,,33.543,449.306,,583.219,,290.455,358.622,,389.383,,207.464,,70.119,82.051,,346.029,340.169,174.645,241.519,,,123.651,141.979,,
2000-04-15,3,2000-07-15,372.882,288.270,,46.624,,,,787.882,,36.482,159.767,,367.553,,409.250,216.304,,189.062,,276.471,,50.141,95.773,,572.839,252.474,227.979,569.010,,,230.702,412.285,,
2000-04-15,4,2000-08-15,338.515,290.695,,21.277,,,,460.809,,74.392,501.301,,226.098,,183.065,512.722,,112.015,,576.953,,109.086,162.697,,431.014,335.730,310.615,163.684,,,323.597,436.759,,
2000-04-15,5,2000-09-15,515.884,259.930,,178.134,,,,396.545,,187.205,138.721,,128.720,,276.299,160.652,,73.070,,160.129,,52.286,157.723,,137.017,241.941,847.892,454.342,,,586.128,242.013,,
2000-04-15,6,2000-10-15,148.003,181.968,,209.763,,,,319.698,,98.848,102.832,,57.520,,456.642,90.716,,92.892,,151.032,,19.428,345.317,,101.726,299.923,164.017,241.714,,,244.716,96.680,,
2000-05-15,1,2000-06-15,586.444,390.946,,192.963,,,,,,217.274,686.689,,823.036,,369.388,461.841,,,,633.226,350.641,189.059,234.527,,440.531,619.900,218.433,366.261,,,189.224,262.137,,
2000-05-15,2,2000-07-15,372.882,301.309,,90.662,,,,,,123.175,212.897,,419.597,,436.584,245.663,,,,387.765,126.054,109.476,169.574,,602.615,317.211,246.681,610.740,,,262.131,460.126,,
2000-05-15,3,2000-08-15,338.515,309.849,,40.353,,,,,,114.006,522.892,,244.967,,192.841,523.809,,,,615.016,263.830,155.907,199.013,,441.664,359.568,317.432,178.245,,,334.784,453.258,,
2000-05-15,4,2000-09-15,515.884,268.852,,192.406,,,,,,204.047,146.294,,135.734,,279.962,164.699,,,,173.270,224.747,68.978,171.207,,140.960,250.703,850.414,459.806,,,590.336,248.069,,
2000-05-15,5,2000-10-15,148.003,209.403,,214.798,,,,,,104.984,105.687,,60.129,,458.002,92.224,,,,155.963,622.070,25.631,350.732,,103.194,303.189,164.939,243.735,,,246.247,98.930,,
2000-05-15,6,2000-11-15,59.087,112.105,,354.547,,,,,,48.076,91.377,,22.359,,192.058,43.713,,,,93.205,143.459,9.524,235.620,,49.548,141.981,75.946,152.508,,,102.872,36.889,,
2000-06-15,1,2000-07-15,372.882,334.848,,171.093,,,,,,188.473,,,401.355,,470.877,,206.792,222.571,,414.916,160.016,219.273,231.426,,621.755,316.711,322.219,642.593,,,363.584,516.554,,222.209
2000-06-15,2,2000-08-15,338.515,281.837,,75.949,,,,,,141.777,,,238.813,,203.526,,293.450,125.445,,620.968,298.800,228.418,224.311,,447.556,359.304,344.315,187.916,,,368.792,471.779,,160.120
2000-06-15,3,2000-09-15,515.884,279.331,,214.230,,,,,,215.335,,,133.444,,284.099,,367.732,78.485,,174.653,234.822,92.693,180.641,,143.107,250.571,860.320,463.520,,,603.101,254.816,,197.065
2000-06-15,4,2000-10-15,148.003,205.996,,222.634,,,,,,109.117,,,59.275,,459.532,,126.585,95.202,,156.517,625.915,34.443,354.359,,104.000,303.145,168.517,245.095,,,250.834,101.436,,85.327
2000-06-15,5,2000-11-15,59.087,110.629,,357.704,,,,,,49.630,,,22.042,,192.622,,125.377,47.485,,93.412,144.814,12.798,236.955,,49.848,141.964,77.279,153.014,,,104.573,37.820,,33.349
2000-06-15,6,2000-12-15,21.956,57.558,,113.821,,,,,,18.441,,,8.190,,83.729,,60.530,17.644,,49.709,56.525,4.755,260.047,,18.522,102.290,33.393,85.592,,,38.857,14.053,,12.392
2000-07-15,1,2000-08-15,338.515,302.148,,138.453,,,,,154.414,199.127,,,227.804,,183.115,,344.022,,,612.052,395.277,324.817,261.473,267.700,406.780,375.560,349.472,150.825,,,,443.482,,
2000-07-15,2,2000-09-15,515.884,276.737,,255.810,,,,,98.416,240.913,,,129.183,,272.327,,385.589,,,171.432,265.006,117.918,194.775,359.104,130.641,255.345,862.335,443.023,,,,245.969,,
2000-07-15,3,2000-10-15,148.003,205.992,,237.859,,,,,69.481,118.309,,,57.576,,455.360,,132.859,,,155.328,637.211,43.840,359.979,118.189,98.807,305.107,169.295,238.544,,,,98.137,,
2000-07-15,4,2000-11-15,59.087,113.209,,363.840,,,,,57.567,53.127,,,21.410,,191.182,,127.816,,,92.964,148.909,16.290,239.003,43.916,47.923,142.657,77.574,150.581,,,,36.593,,
2000-07-15,5,2000-12-15,21.956,60.095,,115.902,,,,,30.375,19.741,,,7.955,,83.189,,61.437,,,49.541,58.047,6.053,260.820,16.318,17.807,102.568,33.504,84.659,,,,13.597,,
2000-07-15,6,2001-01-15,8.158,46.957,,43.067,,,,,11.287,7.335,,,2.956,,32.202,,23.883,,,22.005,21.569,2.249,97.464,6.063,6.617,45.986,252.342,84.561,,,,91.723,,
2000-08-15,1,2000-09-15,515.884,321.774,,407.292,,,,,177.285,312.096,,,169.245,,360.818,,393.299,,378.720,132.990,239.833,123.737,,386.228,120.748,258.177,884.863,572.008,,,,231.048,,
2000-08-15,2,2000-10-15,148.003,205.844,,285.840,,,,,108.455,140.856,,,74.433,,486.553,,133.708,,195.769,131.840,624.605,48.202,,125.342,97.487,307.539,169.778,270.747,,,,92.360,,
2000-08-15,3,2000-11-15,59.087,107.880,,383.599,,,,,77.091,62.163,,,27.765,,201.054,,128.712,,85.395,83.650,145.583,17.911,,46.574,47.713,143.262,78.105,163.057,,,,34.449,,
2000-08-15,4,2000-12-15,21.956,47.367,,122.361,,,,,38.414,23.099,,,10.317,,86.877,,61.774,,31.731,45.674,56.790,6.655,,17.306,17.729,102.957,33.772,89.618,,,,12.800,,
2000-08-15,5,2001-01-15,8.158,42.216,,45.466,,,,,14.274,8.583,,,3.834,,33.573,,24.024,,11.790,20.462,21.102,2.473,,6.430,6.588,46.135,252.441,86.848,,,,91.427,,
2000-08-15,6,2001-02-15,4.191,26.982,,16.894,,,,,5.304,3.189,,,1.424,,50.885,,9.299,,6.317,8.647,7.841,0.919,,2.389,2.448,17.628,213.592,44.673,,,,40.257,,
2000-09-15,1,2000-10-15,148.003,253.560,,312.508,,,,,205.102,179.305,,,147.431,,528.654,,151.056,,222.742,,654.976,140.126,,140.090,319.632,,146.391,,,265.412,246.013,143.956,,
2000-09-15,2,2000-11-15,59.087,122.697,,395.457,,,,,128.866,78.502,,,58.635,,211.747,,144.316,,95.203,,161.190,52.340,,52.306,118.065,,69.030,,,116.269,102.683,55.850,,
2000-09-15,3,2000-12-15,21.956,48.877,,125.699,,,,,59.730,29.240,,,21.787,,90.828,,67.486,,35.375,,62.518,19.448,,19.436,43.870,,30.365,,,68.466,38.155,20.752,,
2000-09-15,4,2001-01-15,8.158,40.665,,46.707,,,,,22.194,10.907,,,8.096,,35.041,,26.286,,13.145,,23.230,7.226,,7.222,16.301,,251.175,,,33.888,14.177,94.382,,
2000-09-15,5,2001-02-15,4.191,26.232,,17.355,,,,,8.247,4.053,,,3.008,,51.430,,10.166,,6.820,,8.632,2.685,,2.683,6.057,,213.121,,,12.592,5.268,41.355,,
2000-09-15,6,2001-03-15,65.317,94.549,,6.449,,,,,22.474,1.506,,,1.118,,1130.318,,3.778,,32.929,,3.207,96.155,,0.997,2.711,,94.390,,,4.679,1.957,15.566,,
2000-10-15,1,2000-11-15,59.087,88.307,,270.977,,59.087,,,90.001,59.087,,106.136,59.087,,75.107,,181.655,,59.087,,59.087,61.914,,64.991,59.087,,88.682,,,59.838,59.087,,,
2000-10-15,2,2000-12-15,21.956,42.291,,94.509,,21.956,,,43.960,21.956,,147.428,21.956,,34.091,,79.336,,21.956,,21.956,24.584,,27.259,21.956,,40.681,,,31.126,21.956,,,
2000-10-15,3,2001-01-15,8.158,32.041,,35.117,,8.158,,,16.335,8.158,,68.211,8.158,,13.958,,31.884,,8.158,,8.158,9.135,,10.129,8.158,,255.008,,,15.769,8.158,,,
2000-10-15,4,2001-02-15,4.191,22.005,,13.049,,3.081,,,6.070,3.031,,26.112,3.031,,43.597,,12.491,,4.968,,3.031,3.394,,3.764,3.031,,214.546,,,5.859,3.031,,,
2000-10-15,5,2001-03-15,65.317,87.668,,4.849,,1.175,,,21.665,1.126,,9.705,1.126,,1127.407,,4.642,,32.241,,1.126,96.418,,1.398,1.587,,94.920,,,2.177,1.126,,,
2000-10-15,6,2001-04-15,40.426,69.861,,1.802,,66.078,,,253.018,0.419,,3.606,125.693,,558.045,,4.999,,19.960,,0.419,40.987,,0.520,0.857,,40.145,,,0.809,0.419,,,
2000-11-15,1,2000-12-15,21.956,22.499,,21.956,,21.956,21.967,,21.956,21.956,,30.399,21.956,,21.956,,21.956,,21.956,,21.956,21.956,,21.956,21.956,,21.956,,,22.742,21.956,,,
2000-11-15,2,2001-01-15,8.158,22.834,,8.158,,8.158,8.170,,8.158,8.158,,15.299,8.158,,9.449,,8.588,,8.158,,8.158,8.158,,8.158,8.158,,248.050,,,8.890,8.158,,,
2000-11-15,3,2001-02-15,4.191,17.922,,3.031,,3.081,3.036,,3.031,3.031,,5.685,3.031,,41.921,,3.441,,4.968,,3.031,3.031,,3.031,3.031,,211.960,,,3.303,3.031,,,
2000-11-15,4,2001-03-15,65.317,81.475,,1.126,,1.175,1.128,,20.536,1.126,,2.112,1.126,,1126.784,,1.278,,32.241,,1.126,96.283,,1.126,1.587,,93.959,,,1.227,1.126,,,
2000-11-15,5,2001-04-15,40.426,65.366,,0.419,,66.078,0.419,,252.598,0.419,,0.785,125.693,,557.814,,3.749,,19.960,,0.419,40.937,,0.419,0.857,,39.788,,,0.456,0.419,,,
2000-11-15,6,2001-05-15,92.239,105.286,,0.949,,272.133,0.156,,82.778,0.156,,0.292,887.782,,322.976,,183.789,,7.417,,0.156,15.211,,0.156,0.319,,15.131,,,0.263,0.197,,,
2000-12-15,1,2001-01-15,8.158,21.557,8.158,8.158,,8.158,8.158,,8.158,8.158,,8.158,8.158,,9.449,,,,8.158,,8.158,8.158,,8.158,8.158,8.158,248.050,,,8.158,8.158,,,
2000-12-15,2,2001-02-15,4.191,25.172,151.270,3.031,,3.081,3.031,,3.031,3.031,,3.031,3.031,,41.921,,,,4.968,,3.031,3.031,,3.031,3.031,3.517,211.960,,,3.031,3.031,,,
2000-12-15,3,2001-03-15,65.317,88.006,199.820,1.126,,1.175,1.126,,20.536,1.126,,1.126,1.126,,1126.784,,,,32.241,,1.126,96.283,,1.126,1.587,1.587,93.959,,,1.126,1.126,,,
2000-12-15,4,2001-04-15,40.426,72.582,198.812,0.419,,66.078,0.419,,252.598,0.419,,0.419,125.693,,557.814,,,,19.960,,0.419,40.937,,0.419,0.857,0.590,39.788,,,0.419,0.419,,,
2000-12-15,5,2001-05-15,92.239,98.179,158.490,0.949,,272.133,0.156,,82.778,0.156,,0.156,887.782,,322.976,,,,7.417,,0.156,15.211,,0.156,0.319,2.807,15.131,,,0.249,0.197,,,
2000-12-15,6,2001-06-15,245.242,103.014,100.910,44.231,,214.609,0.058,,50.679,29.192,,242.844,586.481,,409.131,,,,19.785,,0.058,5.652,,22.208,4.845,7.141,105.626,,,0.207,10.587,,,
2001-01-15,1,2001-02-15,4.191,14.599,,151.270,3.031,,3.081,3.031,,3.031,3.031,,3.031,3.031,,40.757,,,,4.968,,3.031,3.031,,3.031,3.031,3.517,22.809,,,3.031,3.031,,
2001-01-15,2,2001-03-15,65.317,83.642,,199.820,1.126,,1.175,1.126,,20.536,1.126,,1.126,1.126,,1126.352,,,,32.241,,1.126,96.283,,1.126,1.587,1.587,15.841,,,1.126,1.126,,
2001-01-15,3,2001-04-15,40.426,70.724,,198.812,0.419,,66.078,0.419,,252.598,0.419,,0.419,125.693,,557.653,,,,19.960,,0.419,40.937,,0.419,0.857,0.590,6.497,,,0.419,0.419,,
2001-01-15,4,2001-05-15,92.239,97.469,,158.490,0.949,,272.133,0.156,,82.778,0.156,,0.156,887.782,,322.916,,,,7.417,,0.156,15.211,,0.156,0.319,2.807,2.414,,,0.249,0.197,,
2001-01-15,5,2001-06-15,245.242,98.864,,100.910,44.231,,214.609,0.058,,50.679,29.192,,242.844,586.481,,409.109,,,,19.785,,0.058,5.652,,22.208,4.845,7.141,30.952,,,0.207,10.587,,
2001-01-15,6,2001-07-15,393.929,220.134,,50.770,629.228,,369.714,423.444,,45.464,38.032,,314.415,372.896,,233.563,,,,126.130,,0.021,15.662,,396.919,88.094,105.448,432.556,,,53.111,266.935,,
2001-02-15,1,2001-03-15,65.317,69.316,,19.473,2.187,,2.187,2.258,,64.653,2.187,,2.207,2.187,,922.040,,,,41.660,,2.187,163.654,,2.187,9.871,2.187,2.187,,,2.187,2.187,,
2001-02-15,2,2001-04-15,40.426,68.951,,57.450,0.813,,66.454,0.882,,337.077,0.813,,0.832,148.482,,531.368,,,,23.822,,0.813,60.988,,0.813,7.254,0.813,0.813,,,0.813,0.813,,
2001-02-15,3,2001-05-15,92.239,95.505,,85.218,1.095,,272.273,0.328,,100.242,0.302,,0.309,904.196,,315.536,,,,8.852,,0.302,22.662,,0.302,2.695,2.890,0.302,,,1.244,0.343,,
2001-02-15,4,2001-06-15,245.242,101.861,,69.638,44.285,,214.661,1.060,,60.951,43.130,,309.169,589.537,,406.391,,,,20.318,,0.112,8.459,,22.262,22.585,7.172,0.872,,,1.633,11.266,,
2001-02-15,5,2001-07-15,393.929,228.040,,38.154,629.249,,369.733,560.477,,51.198,49.129,,327.463,373.960,,232.585,,,,126.328,,0.042,23.530,,396.940,118.948,105.460,347.021,,,84.991,269.507,,
2001-02-15,6,2001-08-15,177.610,285.878,,17.676,252.951,,562.564,425.056,,81.900,434.170,,212.845,338.915,,518.819,,,,521.304,,0.129,70.405,,385.363,284.466,263.327,116.703,,,265.447,393.766,,
2001-03-15,1,2001-04-15,40.426,135.748,,133.409,36.785,,413.107,38.940,,393.857,45.000,,110.571,519.594,,297.772,,,,43.366,,36.681,36.681,,38.319,36.681,38.652,47.505,,,46.727,129.814,,
2001-03-15,2,2001-05-15,92.239,158.192,,124.090,167.576,,423.073,61.762,,108.237,20.731,,56.293,1016.702,,251.574,,,,19.573,,13.630,13.630,,47.145,13.630,225.049,41.283,,,133.514,109.969,,
2001-03-15,3,2001-06-15,245.242,198.729,,87.760,237.721,,257.109,60.656,,67.092,326.876,,565.228,613.734,,382.762,,,,38.253,,5.065,5.065,,272.010,117.293,134.990,185.761,,,88.089,131.651,,
2001-03-15,4,2001-07-15,393.929,298.308,,45.578,723.345,,385.602,744.765,,55.098,137.940,,364.888,382.605,,224.333,,,,168.051,,2.448,9.296,,549.787,194.242,211.140,549.694,,,213.060,407.671,,
2001-03-15,5,2001-08-15,177.610,308.710,,20.675,279.278,,568.309,450.327,,83.943,491.104,,225.176,342.125,,515.740,,,,538.371,,34.949,55.293,,422.955,314.288,304.442,157.232,,,317.309,435.273,,
2001-03-15,6,2001-09-15,274.255,266.727,,176.363,173.010,,175.822,392.749,,191.472,135.428,,128.377,517.225,,161.764,,,,148.106,,20.311,89.381,,134.041,234.284,845.607,451.902,,,583.767,241.473,,
2001-04-15,1,2001-05-15,92.239,123.645,,43.134,227.105,,,72.707,,17.067,17.204,,17.067,742.002,,87.047,,352.854,,17.067,,38.213,33.400,,73.409,17.067,267.996,33.419,,,131.130,37.725,,
2001-04-15,2,2001-06-15,245.242,203.076,,42.412,256.817,,,73.489,,6.369,353.560,,473.689,565.683,,308.915,,361.259,,121.515,,29.436,37.517,,293.257,235.482,144.205,177.672,,,87.907,86.183,,
2001-04-15,3,2001-07-15,393.929,291.739,,25.654,729.798,,,763.812,,3.718,141.598,,351.534,365.901,,201.284,,179.649,,240.347,,28.655,70.168,,556.518,229.605,215.299,546.584,,,213.354,387.833,,
2001-04-15,4,2001-08-15,177.610,289.426,,12.189,281.466,,,453.783,,37.347,493.133,,220.608,335.932,,507.080,,108.483,,564.373,,91.635,142.922,,425.231,327.297,305.970,156.247,,,317.388,428.580,,
2001-04-15,5,2001-09-15,274.255,263.968,,169.000,173.822,,,393.966,,160.680,136.024,,126.678,514.925,,158.588,,71.742,,156.036,,45.598,150.036,,134.879,238.905,846.171,451.526,,,583.823,239.024,,
2001-04-15,6,2001-10-15,455.883,165.867,,206.470,230.795,,,318.741,,89.588,101.798,,56.760,147.647,,89.947,,92.389,,149.481,,16.943,341.829,,100.930,298.782,163.385,240.676,,,243.874,95.570,,
2001-05-15,1,2001-06-15,245.242,273.431,,82.818,,,,104.933,,101.539,556.453,,691.079,456.771,,334.190,,294.146,,504.599,228.005,80.952,117.303,,313.649,489.986,102.974,241.525,,,78.229,142.601,,
2001-05-15,2,2001-07-15,393.929,279.053,,45.800,,,,788.535,,77.534,175.010,,382.295,334.136,,205.861,,158.303,,348.156,85.820,64.426,124.030,,561.725,278.697,198.881,568.331,,,211.131,414.289,,
2001-05-15,3,2001-08-15,177.610,300.018,,21.845,,,,459.686,,95.724,508.353,,231.242,324.246,,508.891,,100.421,,600.576,245.666,133.506,181.256,,426.986,345.299,299.881,163.220,,,316.480,437.043,,
2001-05-15,4,2001-09-15,274.255,272.283,,181.312,,,,396.105,,196.880,141.004,,130.634,510.588,,159.215,,68.696,,167.973,218.420,61.044,164.595,,135.524,245.419,843.915,454.182,,,583.505,242.090,,
2001-05-15,5,2001-10-15,455.883,189.654,,210.835,,,,319.533,,102.344,103.711,,58.233,146.039,,90.182,,91.220,,153.992,619.704,22.683,348.233,,101.171,301.224,162.554,241.652,,,243.749,96.709,,
2001-05-15,6,2001-11-15,191.272,100.584,,352.947,,,,117.857,,47.088,90.639,,21.654,58.357,,42.954,,45.982,,92.472,142.592,8.428,234.696,,48.796,141.251,75.058,151.733,,,101.944,36.063,,
2001-06-15,1,2001-07-15,393.929,280.181,,101.248,,,,844.340,,117.482,,,,298.131,,185.202,134.814,150.083,,338.456,91.443,148.427,159.135,,544.049,241.596,247.113,564.766,,,287.934,439.623,,149.413
2001-06-15,2,2001-08-15,177.610,289.666,,47.997,,,,473.775,,112.648,,,,310.953,,499.445,264.006,97.530,,594.294,266.510,198.801,195.354,,421.841,331.896,316.938,162.508,,,342.008,445.527,,131.956
2001-06-15,3,2001-09-15,274.255,290.898,,201.184,,,,401.241,,203.843,,,,505.672,,156.159,356.975,67.776,,165.006,223.781,82.100,169.888,,133.663,240.540,850.202,453.895,,,592.941,245.203,,186.099
2001-06-15,4,2001-10-15,455.883,193.278,,217.889,,,,321.438,,104.886,,,,144.256,,89.025,122.643,90.918,,152.921,621.744,30.507,350.264,,100.469,299.405,164.811,241.548,,,247.124,97.864,,81.293
2001-06-15,5,2001-11-15,191.272,103.490,,355.868,,,,118.564,,48.044,,,,57.694,,42.519,123.890,45.855,,92.075,143.289,11.336,235.443,,48.536,140.577,75.901,151.696,,,103.196,36.492,,31.841
2001-06-15,6,2001-12-15,83.227,53.498,,113.169,,,,44.138,,17.852,,,,21.438,,18.957,59.977,17.039,,49.211,55.957,4.212,259.481,,18.035,101.773,32.881,85.101,,,38.345,13.560,,11.831
2001-07-15,1,2001-08-15,177.610,309.884,,131.539,,,,437.896,148.763,195.613,,,,337.390,,,343.250,161.549,145.499,613.204,395.432,323.383,259.561,,406.471,374.960,348.600,145.082,,,366.238,443.479,,
2001-07-15,2,2001-09-15,274.255,306.434,,258.610,,,,388.718,98.576,241.185,,,,515.044,,,384.363,96.796,255.679,168.752,263.044,115.674,193.852,,128.254,253.856,861.506,445.497,,,602.504,243.904,,
2001-07-15,3,2001-10-15,455.883,202.169,,238.550,,,,316.818,70.279,118.291,,,,147.375,,,132.204,105.476,158.133,154.469,636.598,43.015,360.004,,98.405,304.622,168.529,238.744,,,250.147,97.385,,
2001-07-15,4,2001-11-15,191.272,108.718,,364.218,,,,116.856,58.224,53.158,,,,58.862,,,127.653,51.511,71.394,92.656,148.643,15.983,238.974,,47.767,142.462,77.301,150.643,,,104.309,36.315,,
2001-07-15,5,2001-12-15,83.227,55.755,,115.989,,,,43.503,30.677,19.752,,,,21.872,,,61.376,19.140,26.528,49.433,57.949,5.939,260.823,,17.749,102.503,33.405,84.703,,,38.759,13.494,,
2001-07-15,6,2002-01-15,32.216,42.538,,43.099,,,,16.165,11.399,7.339,,,,8.127,,,23.861,7.112,9.857,21.966,21.533,2.207,97.460,,6.595,45.962,252.304,84.608,,,14.402,91.685,,
2001-08-15,1,2001-09-15,274.255,255.984,,318.460,,,91.757,289.692,112.026,229.802,,,,422.556,,,306.202,108.326,291.277,80.594,165.487,77.900,159.965,,77.543,180.489,785.141,478.146,,,526.426,161.903,,
2001-08-15,2,2001-10-15,455.883,183.552,,258.582,,,158.803,283.483,75.815,113.992,,,,126.413,,,110.214,113.230,169.294,90.317,584.011,29.160,343.019,,61.340,273.062,150.942,246.802,,,231.556,67.445,,
2001-08-15,3,2001-11-15,191.272,122.700,,372.568,,,488.858,105.705,60.637,51.461,,,,50.664,,,116.447,54.242,75.617,65.347,134.581,10.835,233.021,,32.748,131.384,70.447,154.032,,,97.610,25.105,,
2001-08-15,4,2001-12-15,83.227,60.301,,118.692,,,187.397,39.344,31.634,19.122,,,,18.826,,,57.205,20.155,28.097,37.505,52.636,4.026,258.458,,12.168,98.016,30.811,86.035,,,36.270,9.328,,
2001-08-15,5,2002-01-15,32.216,43.745,,44.103,,,82.678,14.619,11.755,7.105,,,,6.995,,,22.279,7.489,10.440,17.054,19.558,1.496,96.640,,4.521,44.278,251.341,85.190,,,13.477,90.137,,
2001-08-15,6,2002-02-15,50.381,41.620,,16.388,,,30.721,9.668,4.368,2.640,,,,3.759,,,8.642,2.783,5.816,7.381,7.267,0.556,370.185,,1.680,16.938,213.183,44.030,,,5.008,39.778,,
2001-09-15,1,2001-10-15,455.883,207.835,,247.975,,,282.190,,149.171,126.493,,,,101.606,,,104.103,,165.243,173.268,578.507,98.441,385.317,,255.942,322.408,101.694,215.205,,203.414,185.987,99.573,152.320,
2001-09-15,2,2001-11-15,191.272,133.960,,368.226,,,554.510,,102.873,57.071,,,,39.516,,,113.388,,73.917,99.366,143.044,36.578,247.300,,97.860,146.611,46.181,140.579,,93.957,81.822,37.666,64.779,
2001-09-15,3,2001-12-15,83.227,65.565,,117.257,,,205.780,,49.441,21.227,,,,14.683,,,55.958,,27.466,51.582,55.598,13.592,264.288,,36.362,105.200,20.375,80.697,,57.763,30.403,13.996,24.070,
2001-09-15,4,2002-01-15,32.216,46.106,,43.570,,,89.477,,18.371,7.900,,,,5.456,,,21.686,,10.206,22.682,20.659,5.050,98.622,,13.511,47.012,247.463,82.786,,29.456,11.297,91.872,8.944,
2001-09-15,5,2002-02-15,50.381,42.278,,16.190,,,33.248,,6.826,2.936,,,,3.187,,,8.396,,5.728,9.472,7.676,1.877,371.028,,5.021,17.954,211.742,43.115,,10.945,4.198,40.422,3.323,
2001-09-15,6,2002-03-15,1129.928,33.186,,6.016,,,12.354,,21.946,1.091,,,,64.944,,,3.120,,32.523,144.482,2.852,95.854,104.102,,2.326,6.951,93.878,16.021,,4.067,1.560,15.220,1.235,
2001-10-15,1,2001-11-15,191.272,210.183,,462.687,,131.450,622.597,,221.872,138.613,,,,127.814,,,355.106,,127.626,140.496,,160.360,,,127.626,178.682,212.088,230.155,,151.691,131.132,132.845,130.454,
2001-10-15,2,2001-12-15,83.227,86.378,,136.222,,50.872,221.777,,94.710,60.284,,,,47.606,,,129.541,,47.423,61.454,,70.236,,,47.423,125.159,87.512,123.024,,98.853,50.606,52.078,50.017,
2001-10-15,3,2002-01-15,32.216,57.145,,50.617,,18.903,95.376,,35.192,24.143,,,,17.689,,,53.748,,17.621,24.961,,26.098,,,17.621,54.655,272.409,112.600,,47.705,18.804,121.885,18.585,
2001-10-15,4,2002-02-15,50.381,29.183,,18.808,,7.073,35.439,,13.077,8.971,,,,7.733,,,21.204,,8.484,10.318,,9.697,,,6.548,20.794,221.012,54.939,,17.726,6.987,49.574,6.906,
2001-10-15,5,2002-03-15,1129.928,31.180,,6.989,,2.658,13.168,,24.269,3.333,,,,66.633,,,7.879,,33.547,144.796,,98.760,,,2.893,8.006,97.322,20.414,,6.587,2.596,18.818,2.566,
2001-10-15,6,2002-04-15,558.982,31.547,,2.597,,66.629,4.893,,253.985,1.239,,,,40.915,,,6.202,,20.446,64.783,,41.858,,,1.343,2.975,41.037,7.585,,2.447,0.965,6.992,0.953,
2001-11-15,1,2001-12-15,83.227,95.190,,83.227,,83.227,112.098,,83.227,104.358,,,,83.227,,,84.567,,83.227,84.368,,83.227,,,83.227,156.427,83.227,113.413,,135.136,83.227,90.787,83.227,
2001-11-15,2,2002-01-15,32.216,63.126,,30.925,,30.925,51.811,,30.925,46.773,,,,30.925,,,33.014,,30.925,32.020,,30.925,,,30.925,65.033,270.817,110.028,,62.880,30.925,185.562,30.925,
2001-11-15,3,2002-02-15,50.381,31.176,,11.491,,11.540,19.252,,11.491,17.380,,,,12.651,,,12.745,,13.427,12.941,,11.491,,,11.491,24.650,220.420,53.986,,23.365,11.491,69.870,11.491,
2001-11-15,4,2002-03-15,1129.928,31.960,,4.270,,4.318,7.154,,23.680,6.458,,,,68.460,,,4.736,,35.384,145.771,,99.427,,,4.730,9.439,97.102,20.060,,8.682,4.270,27.077,4.270,
2001-11-15,5,2002-04-15,558.982,31.837,,1.587,,67.246,2.658,,253.766,2.400,,,,41.594,,,5.034,,21.128,65.145,,42.105,,,2.025,3.507,40.956,7.454,,3.226,1.587,10.061,1.587,
2001-11-15,6,2002-05-15,323.410,41.765,,1.383,,272.567,0.988,,83.212,0.892,,,,92.673,,,184.266,,7.851,63.072,,15.645,,,0.753,3.892,15.565,2.770,,1.292,0.631,3.739,0.590,
2001-12-15,1,2002-01-15,32.216,49.581,30.925,30.925,,30.925,30.925,,30.925,30.925,,,,30.925,,,31.355,,30.925,,,30.925,,,30.925,30.925,270.817,39.742,,30.925,30.925,117.596,30.925,
2001-12-15,2,2002-02-15,50.381,34.100,159.730,11.491,,11.540,11.491,,11.491,11.491,,,,12.651,,,11.900,,13.427,,,11.491,,,11.491,11.976,220.420,18.762,,11.491,11.491,49.981,11.491,
2001-12-15,3,2002-03-15,1129.928,33.143,202.963,4.270,,4.318,4.270,,23.680,4.270,,,,68.460,,,4.422,,35.384,,,99.427,,,4.730,4.730,97.102,6.972,,4.270,4.270,18.771,4.270,
2001-12-15,4,2002-04-15,558.982,38.587,199.980,1.587,,67.246,1.587,,253.766,1.587,,,,41.594,,,4.917,,21.128,,,42.105,,,2.025,1.758,40.956,2.591,,1.587,1.587,6.975,1.587,
2001-12-15,5,2002-05-15,323.410,46.815,158.924,1.383,,272.567,0.590,,83.212,0.590,,,,92.673,,,184.223,,7.851,,,15.645,,,0.753,3.241,15.565,0.963,,0.683,0.631,2.592,0.590,
2001-12-15,6,2002-06-15,409.292,123.845,101.071,44.392,,214.771,0.219,,50.840,29.353,,,,245.403,,,313.571,,19.946,,,5.813,,,5.006,7.303,105.787,0.358,,0.368,10.748,419.824,654.432,
2002-01-15,1,2002-02-15,50.381,22.191,,160.893,12.655,,12.704,12.655,,12.655,12.655,,,,13.815,,,12.655,,14.591,,,12.655,,,12.655,13.140,32.432,12.655,,12.655,12.655,12.655,12.655
2002-01-15,2,2002-03-15,1129.928,28.272,,203.396,4.702,,4.750,4.702,,24.112,4.702,,,,68.893,,,4.702,,35.816,,,99.859,,,5.162,5.162,19.417,4.702,,4.702,4.702,4.702,4.702
2002-01-15,3,2002-04-15,558.982,36.540,,200.141,1.747,,67.406,1.747,,253.927,1.747,,,,41.754,,,5.021,,21.289,,,42.266,,,2.186,1.918,7.826,1.747,,1.747,1.747,1.747,1.747
2002-01-15,4,2002-05-15,323.410,46.035,,158.984,1.442,,272.627,0.649,,83.271,0.649,,,,92.732,,,184.262,,7.910,,,15.705,,,0.812,3.301,2.908,0.649,,0.743,0.691,0.650,0.649
2002-01-15,5,2002-06-15,409.292,119.669,,101.093,44.414,,214.793,0.241,,50.862,29.375,,,,245.425,,,313.586,,19.968,,,5.836,,,5.028,7.325,31.136,0.241,,0.390,10.770,419.102,654.454
2002-01-15,6,2002-07-15,233.631,203.463,,50.838,629.297,,369.782,423.512,,45.532,38.100,,,,393.998,,,165.372,,126.198,,,15.730,,,88.162,105.517,432.624,0.090,,53.180,267.004,278.668,178.730
2002-02-15,1,2002-03-15,1129.928,90.117,,100.097,29.907,,29.907,41.617,,180.604,29.907,,,,185.604,,,29.907,29.907,125.599,364.883,,310.769,,,73.377,29.907,30.217,29.907,,30.298,29.907,,29.907
2002-02-15,2,2002-04-15,558.982,80.114,,139.799,11.113,,77.806,20.920,,427.939,11.113,,,,88.696,,,14.844,359.035,53.617,115.460,,91.836,,,37.175,11.113,11.411,11.113,,11.489,16.581,,11.113
2002-02-15,3,2002-05-15,323.410,111.699,,132.443,4.922,,278.020,17.465,,121.019,4.129,,,,138.605,,,242.796,929.815,19.923,109.721,,34.139,,,13.813,15.616,4.240,4.129,,30.411,16.947,,4.129
2002-02-15,4,2002-06-15,409.292,174.059,,90.486,45.707,,216.562,24.920,,71.617,128.691,,,,266.557,,,336.730,1060.953,24.432,138.139,,13.929,,,77.724,27.911,40.506,1.534,,30.242,54.729,,655.747
2002-02-15,5,2002-07-15,233.631,240.438,,46.636,629.777,,370.436,684.411,,56.575,90.769,,,,401.392,,,172.139,390.728,127.857,63.992,,34.603,,,173.177,147.762,475.072,0.570,,171.192,352.029,,179.210
2002-02-15,6,2002-08-15,519.208,278.238,,21.186,253.148,,562.823,440.682,,84.422,464.215,,,,180.265,,,105.638,162.112,521.872,219.186,,81.409,,,306.389,281.230,137.556,599.730,,302.805,418.328,,143.532
2002-03-15,1,2002-04-15,558.982,310.700,,354.066,164.215,,684.271,189.338,,663.952,209.047,,,,200.953,,,398.693,1001.271,194.161,207.331,,140.329,,,149.828,185.446,219.582,140.329,,216.017,353.247,,231.228
2002-03-15,2,2002-05-15,323.410,258.600,,214.962,332.927,,491.242,172.918,,164.160,93.564,,,,222.072,,,567.817,1051.657,84.990,199.388,,55.452,,,60.282,381.785,145.504,52.143,,261.760,196.972,,163.806
2002-03-15,3,2002-06-15,409.292,294.389,,123.054,290.602,,279.154,116.939,,94.147,429.254,,,,299.302,,,418.674,1093.389,100.867,188.779,,31.006,,,262.350,178.015,249.222,19.375,,133.063,170.924,,1115.279
2002-03-15,4,2002-07-15,233.631,290.058,,59.534,741.751,,393.805,785.336,,67.413,158.705,,,,412.976,,,199.912,402.365,219.475,81.398,,58.078,,,238.255,228.701,572.029,7.199,,233.289,423.470,,227.419
2002-03-15,5,2002-08-15,519.208,313.195,,26.386,285.760,,571.331,460.459,,89.326,500.449,,,,184.452,,,116.048,166.433,557.236,230.907,,110.939,,,330.525,310.910,164.924,916.853,,324.606,440.867,,162.299
2002-03-15,6,2002-09-15,163.047,272.637,,181.377,175.417,,176.942,396.425,,193.724,138.513,,,,276.816,,,74.568,258.367,154.028,214.631,,132.778,,,240.086,848.004,454.796,235.627,,586.515,243.534,,197.951
2002-04-15,1,2002-05-15,323.410,376.586,,256.093,492.071,,482.780,298.129,,155.726,176.145,,,,335.247,,899.856,632.452,997.282,150.923,426.347,,224.147,,,154.019,538.133,239.184,176.407,,382.281,248.070,,266.437
2002-04-15,2,2002-06-15,409.292,363.703,,138.035,335.942,,275.805,167.670,,89.453,521.081,,,,338.587,,664.694,430.959,1082.272,280.354,274.115,,131.984,,,418.590,216.771,295.615,80.610,,168.918,194.289,,1168.321
2002-04-15,3,2002-07-15,233.631,306.863,,65.645,757.895,,392.558,809.780,,65.346,178.949,,,,426.909,,225.145,204.078,398.529,302.638,109.451,,119.278,,,272.751,244.063,588.230,53.054,,248.981,432.983,,241.005
2002-04-15,4,2002-08-15,519.208,333.998,,28.953,291.603,,570.867,468.126,,88.419,508.914,,,,189.515,,301.113,117.608,165.010,586.050,247.954,,175.761,,,343.186,316.576,170.624,1167.854,,330.285,444.175,,167.373
2002-04-15,5,2002-09-15,163.047,282.102,,183.396,177.588,,176.770,399.250,,193.355,141.432,,,,278.706,,370.527,75.153,257.838,163.315,220.096,,162.549,,,244.684,850.105,456.932,257.100,,588.641,244.750,,199.847
2002-04-15,6,2002-10-15,91.607,232.347,,211.604,232.196,,210.846,320.702,,101.085,103.850,,,,457.536,,127.603,93.670,159.260,152.225,620.307,,347.306,,,300.945,164.837,242.674,370.612,,245.641,97.697,,86.353
2002-05-15,1,2002-06-15,409.292,398.889,,157.788,301.861,,242.480,179.754,310.981,176.339,631.626,,,,320.382,,,369.228,993.779,579.749,302.981,,192.290,,,565.154,177.804,316.533,142.744,,152.935,217.595,843.663,1200.994
2002-05-15,2,2002-07-15,233.631,353.877,,73.659,746.310,,380.119,816.531,973.061,105.446,202.726,,,,421.680,,,186.074,376.346,375.899,113.593,,151.883,,,306.425,226.828,596.178,92.476,,239.174,442.142,358.312,246.551
2002-05-15,3,2002-08-15,519.208,331.468,,32.202,287.560,,566.500,470.037,198.616,106.126,518.661,,,,187.915,,,110.745,156.858,610.881,256.070,,191.593,,,355.601,310.258,173.546,1193.559,,326.882,447.375,290.392,169.464
2002-05-15,4,2002-09-15,163.047,264.585,,185.142,176.086,,175.178,399.950,119.083,200.759,144.832,,,,278.084,,,72.535,254.786,171.801,222.278,,168.436,,,249.246,847.771,458.021,263.764,,587.362,245.929,134.615,200.634
2002-05-15,5,2002-10-15,91.607,223.827,,212.264,231.636,,210.252,320.962,78.525,103.785,105.134,,,,457.306,,,92.648,158.128,155.414,621.137,,349.660,,,302.646,163.985,243.078,373.123,,245.182,98.135,90.730,86.644
2002-05-15,6,2002-11-15,43.483,131.927,,353.477,98.585,,515.938,118.388,61.603,47.624,91.168,,,,191.801,,,46.512,71.381,93.000,143.124,,235.226,,,141.780,75.591,152.263,119.026,,102.477,36.593,41.063,33.840
2002-06-15,1,2002-07-15,233.631,383.901,,147.455,765.829,,427.396,897.240,995.752,,186.663,,,,445.624,,182.620,198.293,333.441,389.814,136.657,,207.077,,,291.909,297.343,617.135,189.580,,338.597,491.257,324.330,197.914
2002-06-15,2,2002-08-15,519.208,350.798,,66.724,293.813,,580.771,490.377,204.366,,515.027,,,,194.755,,283.924,116.233,141.618,612.006,288.610,,214.964,,,350.182,335.251,179.276,1247.304,,359.817,462.973,277.945,150.824
2002-06-15,3,2002-09-15,163.047,276.527,,210.217,178.408,,180.156,407.362,121.249,,142.905,,,,280.802,,364.227,74.973,248.909,171.386,231.231,,177.157,,,247.217,856.962,460.265,278.796,,599.758,251.573,130.001,193.512
2002-06-15,4,2002-10-15,91.607,226.396,,221.149,232.504,,212.131,323.710,79.339,,104.471,,,,458.307,,125.296,93.835,155.957,155.301,624.574,,353.046,,,301.894,167.281,243.893,378.768,,249.602,100.232,89.010,84.015
2002-06-15,5,2002-11-15,43.483,136.194,,357.136,98.907,,516.643,119.408,61.910,,90.941,,,,192.168,,124.893,46.973,70.574,92.960,144.321,,236.469,,,141.500,76.820,152.567,121.103,,104.116,37.372,40.424,32.860
2002-06-15,6,2002-12-15,19.315,74.752,,113.616,41.538,,195.717,44.451,32.098,,242.235,,,,83.560,,60.350,17.454,26.224,49.541,56.341,,259.865,,,102.117,33.222,85.426,46.240,,38.687,13.887,15.021,12.210
2002-07-15,1,2002-08-15,519.208,341.298,,105.555,214.636,,529.814,400.007,120.531,,571.068,,,,148.465,,306.879,132.592,118.114,573.558,357.490,,225.301,,,338.237,312.397,117.176,1268.878,,332.983,405.709,246.563,
2002-07-15,2,2002-09-15,163.047,272.763,,239.880,148.947,,165.186,377.618,84.270,,152.267,,,,257.481,,372.282,83.934,237.969,159.166,252.190,,181.156,,,242.311,848.784,427.122,283.960,,587.765,233.244,119.725,
2002-07-15,3,2002-10-15,91.607,230.672,,232.060,220.307,,206.236,312.822,63.720,,108.921,,,,449.843,,128.069,98.863,152.088,150.670,632.419,,354.678,,,300.184,164.580,233.183,380.719,,245.596,93.438,85.045,
2002-07-15,4,2002-11-15,43.483,140.300,,361.597,94.378,,514.345,115.403,55.168,,92.975,,,,189.204,,125.985,48.878,69.160,91.229,147.149,,237.061,,,140.844,75.809,148.566,121.822,,102.635,34.846,38.946,
2002-07-15,5,2002-12-15,19.315,77.488,,115.107,39.825,,194.892,42.963,29.442,,243.383,,,,82.453,,60.756,18.162,25.698,48.893,57.393,,260.091,,,101.886,32.846,83.897,46.509,,38.137,12.948,14.471,
2002-07-15,6,2003-01-15,8.491,49.425,,42.771,14.798,,85.449,15.964,10.940,,95.327,,,,31.929,,23.629,6.749,9.549,21.763,21.326,,97.195,,,45.732,252.097,84.259,17.991,,14.171,91.482,5.377,
2002-08-15,1,2002-09-15,163.047,322.984,,418.567,200.225,195.216,162.645,387.628,189.554,,148.461,,,,372.398,,404.297,179.206,390.067,145.594,,,246.482,,,270.038,895.531,582.870,238.051,,633.085,242.154,157.606,
2002-08-15,2,2002-10-15,91.607,223.194,,290.241,243.971,107.387,203.633,316.758,112.684,,107.800,,,,490.614,,138.422,153.587,200.273,135.363,,,384.683,,,311.503,174.677,275.453,360.763,,258.881,97.032,100.147,
2002-08-15,3,2002-11-15,43.483,142.635,,385.199,103.133,48.171,512.818,116.915,78.453,,92.714,,,,202.683,,130.338,69.771,87.048,84.977,,,247.448,,,144.835,79.855,164.736,115.311,,107.513,36.170,44.606,
2002-08-15,4,2002-12-15,19.315,78.248,,122.973,43.190,17.899,194.474,43.524,38.889,,243.457,,,,87.486,,62.375,25.925,32.345,46.147,,,264.166,,,103.486,34.406,90.234,44.025,,39.949,13.440,16.574,
2002-08-15,5,2003-01-15,8.491,49.721,,45.694,16.049,6.651,85.294,16.172,14.450,,95.344,,,,33.799,,24.239,9.633,12.019,20.633,,,98.656,,,46.331,252.676,87.068,17.036,,14.844,91.665,6.159,
2002-08-15,6,2003-02-15,31.173,48.382,,16.979,80.485,2.521,31.693,10.245,5.369,,39.699,,,,50.969,,9.377,3.579,6.402,8.711,,,370.989,,,17.701,213.679,44.755,6.330,,5.516,40.346,2.288,
2002-09-15,1,2002-10-15,91.607,174.265,,185.790,226.193,93.489,217.561,222.483,,,132.265,,,,379.808,,71.816,156.555,114.026,116.378,,,312.671,,,254.095,71.278,157.124,316.672,146.062,131.693,70.969,108.361,
2002-09-15,2,2002-11-15,43.483,122.590,,336.746,97.969,42.936,522.506,88.139,,,108.710,,,,171.992,,79.630,70.990,53.954,73.493,,,224.167,,,125.312,28.942,115.254,102.537,71.989,62.189,26.371,47.984,
2002-09-15,3,2002-12-15,19.315,71.116,,108.650,41.262,15.954,196.783,32.757,,,256.310,,,,75.911,,42.707,26.378,20.048,39.800,,,254.320,,,95.107,12.020,69.055,39.120,45.401,23.108,9.799,17.830,
2002-09-15,4,2003-01-15,8.491,47.156,,40.372,15.332,5.928,86.146,12.172,,,99.456,,,,29.498,,16.445,9.801,7.449,17.739,,,95.269,,,43.181,244.358,75.363,15.131,23.954,8.586,90.312,6.625,
2002-09-15,5,2003-02-15,31.173,47.413,,15.001,80.219,2.252,32.010,8.759,,,41.425,,,,49.371,,6.388,3.642,4.704,7.635,,,369.632,,,16.530,210.588,40.088,5.622,8.901,3.191,39.843,2.462,
2002-09-15,6,2003-03-15,19.158,84.809,,5.574,40.864,0.867,11.894,65.125,,,15.393,,,,1129.552,,2.374,1.353,32.143,143.799,,,103.624,,,6.422,93.449,14.896,8.435,3.307,1.186,15.004,0.915,
2002-10-15,1,2002-11-15,43.483,87.275,,257.386,43.423,42.204,402.844,42.204,,,76.243,,,,58.683,,167.281,42.204,42.204,42.205,,45.504,102.771,,,52.390,72.216,86.923,42.204,,42.204,42.204,42.204,
2002-10-15,2,2002-12-15,19.315,54.629,,88.704,16.843,15.682,165.527,15.682,,,231.294,,,,28.160,,73.734,15.682,15.682,15.683,,18.715,187.677,,,49.676,34.634,56.399,15.765,,15.682,15.682,15.682,
2002-10-15,3,2003-01-15,8.491,40.555,,32.960,6.259,5.827,74.353,5.827,,,92.009,,,,11.755,,29.827,5.827,5.827,5.827,,6.954,74.268,,,25.519,252.761,65.248,5.908,,5.827,92.498,5.827,
2002-10-15,4,2003-02-15,31.173,44.813,,12.247,76.847,2.215,27.628,6.401,,,38.329,,,,42.778,,11.729,2.165,4.101,3.209,,2.584,359.775,,,9.967,213.711,35.392,2.195,,2.165,40.655,2.165,
2002-10-15,5,2003-03-15,19.158,88.629,,4.551,39.611,0.853,10.266,64.249,,,14.242,,,,1127.102,,4.358,0.805,31.919,142.155,,96.117,100.528,,,3.984,94.609,13.151,7.162,,0.805,15.306,0.805,
2002-10-15,6,2003-04-15,7.119,87.198,,1.691,78.639,65.958,3.815,36.898,,,92.250,,,,557.932,,4.893,274.747,19.840,63.801,,40.875,38.254,,,1.480,40.029,4.887,411.695,,0.299,5.687,0.299,
2002-11-15,1,2002-12-15,19.315,24.960,,16.899,16.899,16.899,18.013,16.899,,17.114,128.852,,,,16.899,,16.899,16.899,16.899,16.899,,16.899,43.500,,,42.823,16.899,18.096,19.171,,16.899,16.899,16.899,
2002-11-15,2,2003-01-15,8.491,27.457,,6.279,6.279,6.279,7.341,6.279,,6.488,61.303,,,,7.570,,6.709,6.279,6.279,6.279,,6.279,24.102,,,23.121,246.171,24.949,8.396,,6.279,97.661,6.279,
2002-11-15,3,2003-02-15,31.173,38.145,,2.333,76.855,2.383,2.728,6.569,,2.411,24.428,,,,41.223,,2.743,2.333,4.269,3.377,,2.333,340.242,,,9.076,211.262,16.694,3.120,,2.333,42.005,2.333,
2002-11-15,4,2003-03-15,19.158,82.737,,0.867,39.614,0.915,1.014,64.312,,0.896,9.077,,,,1126.525,,1.019,0.867,31.981,142.217,,96.024,93.514,,,3.652,93.699,6.203,7.506,,0.867,15.850,0.867,
2002-11-15,5,2003-04-15,7.119,82.055,,0.322,78.640,65.981,0.377,36.921,,0.333,82.563,,,,557.717,,3.653,274.771,19.864,63.825,,40.841,35.648,,,1.357,39.691,2.305,411.822,,0.322,5.889,0.322,
2002-11-15,6,2003-05-15,206.283,111.848,,0.913,132.635,272.098,0.140,14.588,,0.124,207.486,,,,322.940,,183.753,899.341,7.381,62.581,,15.175,13.246,,,3.093,15.095,0.856,194.897,,0.161,2.189,0.120,
2002-12-15,1,2003-01-15,8.491,32.621,8.491,8.491,8.491,8.491,8.491,8.491,,,8.497,,,,14.820,,14.434,8.491,8.491,8.491,,10.494,8.491,,,8.491,311.037,36.172,8.491,,,146.575,8.491,
2002-12-15,2,2003-02-15,31.173,49.672,151.394,3.155,77.677,3.204,3.155,7.391,,,3.161,,,,64.506,,8.276,3.155,5.091,4.199,,5.028,334.441,,,3.640,234.696,21.689,3.155,,,53.275,3.155,
2002-12-15,3,2003-03-15,19.158,99.040,199.866,1.172,39.920,1.221,1.172,64.617,,,1.174,,,,1162.311,,3.075,1.172,34.174,142.522,,97.116,91.359,,,1.633,100.652,8.059,7.519,,,20.899,1.172,
2002-12-15,4,2003-04-15,7.119,96.307,198.830,0.436,78.754,66.095,0.436,37.034,,,74.713,,,,563.435,,4.417,274.884,20.747,63.938,,41.232,34.847,,,0.607,42.713,2.995,411.827,,,7.765,0.436,
2002-12-15,5,2003-05-15,206.283,124.693,158.496,0.955,132.677,272.140,0.162,14.630,,,189.725,,,,324.788,,184.037,899.384,7.709,62.623,,15.321,12.948,,,2.814,16.383,1.113,194.899,,,2.886,0.162,
2002-12-15,6,2003-06-15,522.269,220.778,100.912,44.233,411.646,214.612,0.060,74.658,,,360.451,,,,409.797,,313.502,1054.346,19.893,102.892,,5.693,4.811,,,7.144,108.274,0.413,108.010,,,419.933,654.273,
2003-01-15,1,2003-02-15,31.173,34.120,,151.394,3.155,77.677,3.204,3.155,7.391,,3.155,3.155,,,,40.881,,3.155,3.155,5.091,4.199,,,334.441,,,3.640,22.933,3.155,3.155,,,3.155,3.155
2003-01-15,2,2003-03-15,19.158,86.689,,199.866,1.172,39.920,1.221,1.172,64.617,,1.172,1.172,,,,1126.398,,1.172,1.172,32.287,142.522,,,91.359,,,1.633,15.887,1.172,7.519,,,1.172,1.172
2003-01-15,3,2003-04-15,7.119,91.601,,198.830,0.436,78.754,66.095,0.436,37.034,,0.436,74.712,,,,557.670,,3.710,274.884,19.977,63.938,,,34.847,,,0.607,6.514,0.436,411.827,,,0.436,0.436
2003-01-15,4,2003-05-15,206.283,122.932,,158.496,0.955,132.677,272.140,0.162,14.630,,0.162,189.725,,,,322.923,,183.774,899.384,7.423,62.623,,,12.948,,,2.814,2.420,0.162,194.899,,,0.162,0.162
2003-01-15,5,2003-06-15,522.269,217.974,,100.912,44.233,411.646,214.612,0.060,74.658,,29.194,360.451,,,,409.111,,313.405,1054.346,19.787,102.892,,,4.811,,,7.144,30.955,0.060,108.010,,,418.921,654.273
2003-01-15,6,2003-07-15,183.967,316.678,,50.771,629.229,390.107,369.715,423.445,878.102,,38.033,601.539,,,,233.563,,165.305,388.428,126.131,51.298,,,265.925,,,105.449,432.557,0.022,726.681,,,278.600,178.662
2003-02-15,1,2003-03-15,19.158,105.483,,84.674,19.158,19.158,19.158,31.594,126.134,,19.345,22.093,,,,1115.720,,19.158,19.158,,350.667,,,19.158,,,19.158,20.310,19.158,126.902,20.636,,19.158,19.158
2003-02-15,2,2003-04-15,7.119,115.838,,137.465,7.119,58.987,72.760,17.032,60.402,,7.299,274.430,,,,554.404,,11.428,353.895,,112.248,,,7.119,,,7.119,8.166,7.119,597.056,8.472,,7.119,7.119
2003-02-15,3,2003-05-15,206.283,138.890,,130.317,3.438,117.769,274.616,19.019,25.663,,2.712,304.211,,,,321.805,,231.919,925.938,,108.097,,,2.645,,,15.354,3.034,2.645,248.292,35.034,,2.649,2.645
2003-02-15,4,2003-06-15,522.269,233.170,,89.857,45.156,401.991,215.532,28.018,94.689,,124.165,398.932,,,,408.689,,332.608,1059.948,,136.789,,,0.983,,,26.725,39.005,0.983,129.092,31.752,,443.298,655.196
2003-02-15,5,2003-07-15,183.967,334.433,,46.400,629.572,387.318,370.057,673.212,890.207,,90.172,614.092,,,,233.409,,170.937,390.366,,63.541,,,154.322,,,144.836,470.910,0.365,736.160,162.612,,281.172,179.005
2003-02-15,6,2003-08-15,285.622,280.055,,21.071,253.072,162.459,562.684,440.020,173.059,,463.904,288.578,,,,519.125,,105.179,161.978,,218.848,,,173.750,,,279.777,136.750,599.654,334.805,299.731,,263.197,143.456
2003-03-15,1,2003-04-15,7.119,59.740,,14.051,7.119,54.372,141.843,7.119,7.119,,7.119,140.831,,,,64.942,,23.907,387.663,,7.119,,,7.119,,,7.119,7.119,7.119,281.773,7.119,,7.119,7.119
2003-03-15,2,2003-05-15,206.283,114.486,,22.587,9.873,115.474,328.173,2.645,2.645,,2.645,243.622,,,,143.545,,275.878,932.919,,5.870,,,2.645,,,25.458,2.645,2.645,157.823,7.331,,2.646,2.645
2003-03-15,3,2003-06-15,522.269,217.880,,32.696,97.978,401.507,230.543,1.460,0.983,,89.604,379.584,,,,338.099,,343.490,1061.331,,21.103,,,0.983,,,40.756,16.052,0.983,86.770,7.374,,423.657,782.639
2003-03-15,4,2003-07-15,183.967,309.441,,22.596,668.859,387.113,375.691,531.354,674.751,,76.521,607.679,,,,210.027,,174.413,390.838,,14.160,,,174.977,,,158.557,435.232,0.365,702.968,115.304,,280.010,187.399
2003-03-15,5,2003-08-15,285.622,273.104,,11.173,262.477,162.383,564.709,420.737,146.003,,454.844,286.251,,,,510.360,,106.491,162.153,,158.235,,,185.090,,,285.187,129.700,599.654,326.655,280.237,,262.784,146.953
2003-03-15,6,2003-09-15,364.784,247.745,,122.048,166.773,115.927,174.493,383.132,98.662,,124.988,166.767,,,,159.787,,70.991,256.776,,192.442,,,324.635,,,838.517,440.681,208.977,226.895,565.897,,124.474,192.030
2003-04-15,1,2003-05-15,206.283,19.783,,2.645,5.009,2.645,3.964,2.645,2.645,,2.645,2.645,,,,2.645,,35.377,282.298,,5.935,,,2.645,,,8.349,2.645,2.645,,2.645,,3.205,2.645
2003-04-15,2,2003-06-15,522.269,142.309,,0.983,75.129,79.665,34.788,0.983,0.983,,43.413,91.351,,,,42.130,,228.638,953.502,,23.552,,,0.983,,,17.001,0.983,0.983,,0.983,,474.967,632.852
2003-04-15,3,2003-07-15,183.967,240.005,,0.365,655.747,279.514,272.374,457.046,576.238,,47.729,513.319,,,,106.188,,140.745,361.976,,15.122,,,163.094,,,135.276,314.933,0.365,,55.541,,286.562,177.960
2003-04-15,4,2003-08-15,285.622,257.664,,0.136,259.088,129.868,531.502,411.283,139.572,,430.251,257.129,,,,462.922,,93.544,151.526,,157.516,,,182.826,,,276.406,112.581,647.010,,244.512,,264.964,142.982
2003-04-15,5,2003-09-15,364.784,237.185,,12.377,165.517,103.392,162.747,380.285,95.682,,118.897,155.954,,,,144.386,,66.020,252.803,,191.281,,,323.937,,,835.311,431.724,213.130,,537.395,,125.263,190.408
2003-04-15,6,2003-10-15,125.473,175.142,,83.978,227.685,68.575,205.578,313.744,69.371,,94.822,70.868,,,,84.557,,90.130,157.391,,609.214,,,106.088,,,159.523,233.907,350.920,,231.220,,87.246,82.877
2003-05-15,1,2003-06-15,522.269,330.754,,103.362,240.922,,182.954,122.542,250.009,118.937,568.241,,,,259.829,346.951,,307.532,929.388,,242.636,,,133.480,,,120.552,255.366,88.317,,97.436,,779.565,1136.310
2003-05-15,2,2003-07-15,183.967,344.650,,52.103,724.588,,357.524,791.850,951.288,82.601,182.990,,,,399.762,213.144,,165.312,357.067,,92.943,,,550.580,,,203.015,574.624,68.511,,214.086,,338.840,227.518
2003-05-15,3,2003-08-15,285.622,315.926,,23.418,279.797,,558.369,461.775,190.911,97.031,511.148,,,,180.054,511.526,,102.938,149.738,,247.085,,,275.529,,,301.467,165.833,1182.567,,317.836,,283.198,162.372
2003-05-15,4,2003-09-15,364.784,273.132,,178.644,173.202,,172.186,396.895,116.216,197.209,142.085,,,,275.138,160.218,,69.600,252.130,,219.115,,,363.101,,,844.515,455.138,260.231,,583.958,,131.944,197.991
2003-05-15,5,2003-10-15,125.473,209.687,,209.999,230.563,,209.138,319.827,77.458,102.475,104.109,,,,456.212,90.554,,91.532,157.142,,619.953,,,119.148,,,162.789,242.010,371.804,,243.939,,89.737,85.662
2003-05-15,6,2003-11-15,124.969,123.349,,352.533,98.186,,515.523,117.967,61.206,47.134,90.785,,,,191.395,43.091,,46.096,71.015,,142.689,,,44.273,,,75.146,151.866,118.538,,102.015,,40.694,33.475
2003-06-15,1,2003-07-15,183.967,415.998,,147.553,770.305,,431.096,901.836,1000.450,165.364,,,,,449.405,235.859,,199.872,336.510,393.227,136.124,,,651.272,,294.645,300.288,621.387,,,341.790,,327.480,199.503
2003-06-15,2,2003-08-15,285.622,295.166,,67.761,293.453,,580.991,489.976,203.826,133.870,,,,,194.758,520.459,,117.235,141.897,612.456,291.832,,,303.013,,350.992,335.901,178.973,,,360.288,,278.433,152.033
2003-06-15,3,2003-09-15,364.784,281.371,,211.925,178.268,,180.138,407.183,121.074,212.592,,,,,280.883,163.290,,75.556,249.260,171.407,231.996,,,373.363,,247.435,857.182,460.255,,,599.931,,130.139,194.177
2003-06-15,4,2003-10-15,125.473,211.418,,221.778,232.459,,212.134,323.643,79.282,108.085,,,,,458.338,91.709,,94.190,156.072,155.315,624.868,,,122.919,,301.985,167.336,243.872,,,249.646,,89.074,84.243
2003-06-15,5,2003-11-15,124.969,125.706,,357.407,98.890,,516.647,119.382,61.893,49.250,,,,,192.176,43.524,,47.112,70.617,92.965,144.420,,,45.674,,141.532,76.841,152.560,,,104.132,,40.448,32.948
2003-06-15,6,2003-12-15,60.378,52.740,,113.702,41.531,,195.717,44.442,32.092,18.300,,,,,83.563,19.332,,17.506,26.240,49.543,56.378,,,16.971,,102.130,33.231,85.423,,,38.693,,15.030,12.243
2003-07-15,1,2003-08-15,285.622,261.930,,88.966,193.953,,507.469,378.183,102.736,144.948,,,,,129.196,496.848,,114.272,100.424,550.773,335.511,,205.339,,,316.761,291.219,99.805,,,310.793,383.666,225.814,
2003-07-15,2,2003-09-15,364.784,257.249,,229.678,141.426,,158.724,370.543,75.958,217.831,,,,,248.914,156.606,,75.718,228.415,152.863,245.221,,173.199,,,235.190,841.044,416.745,,,580.827,226.386,112.448,
2003-07-15,3,2003-10-15,125.473,218.108,,228.266,217.291,,203.611,310.243,60.088,109.958,,,,,446.529,89.088,,95.097,148.694,148.215,629.848,,351.459,,,297.411,162.062,229.979,,,243.163,90.961,82.087,
2003-07-15,4,2003-11-15,124.969,133.609,,360.083,93.292,,513.348,114.462,53.533,49.968,,,,,188.049,42.519,,47.497,67.882,90.316,146.211,,235.897,,,139.837,74.853,147.320,,,101.735,33.923,37.838,
2003-07-15,5,2003-12-15,60.378,64.708,,114.586,39.415,,194.530,42.612,28.786,18.567,,,,,82.025,18.940,,17.649,25.223,48.550,57.045,,259.649,,,101.498,32.486,83.419,,,37.802,12.605,14.060,
2003-07-15,6,2004-01-15,23.487,45.480,,42.578,14.646,,85.314,15.834,10.696,6.899,,,,,31.770,8.345,,6.558,9.372,21.635,21.196,,97.032,,,45.587,251.963,84.064,,,14.046,91.355,5.224,
2003-08-15,1,2003-09-15,364.784,288.101,,378.976,164.238,,128.004,348.365,153.766,284.777,,,,,333.275,,,144.029,350.700,111.613,212.792,104.566,208.931,,,232.316,854.104,542.364,,,592.275,205.221,123.613,
2003-08-15,2,2003-10-15,125.473,226.671,,276.601,228.437,,187.421,302.860,98.129,131.881,,,,,476.323,,,138.285,186.795,118.968,613.884,40.345,369.501,,,296.615,162.478,262.431,,,246.044,83.750,86.004,
2003-08-15,3,2003-11-15,124.969,136.627,,379.988,97.513,,505.969,111.959,72.359,58.686,,,,,197.663,,,64.106,82.040,78.630,142.177,14.991,241.992,,,139.491,75.192,159.846,,,102.790,31.212,39.305,
2003-08-15,4,2003-12-15,60.378,65.677,,121.106,41.048,,192.161,41.679,36.521,21.807,,,,,85.621,,,23.820,30.484,43.623,55.515,5.570,262.088,,,101.398,32.648,88.381,,,38.194,11.598,14.605,
2003-08-15,5,2004-01-15,23.487,45.783,,45.000,15.252,,84.435,15.487,13.570,8.103,,,,,33.106,,,8.851,11.327,19.653,20.628,2.070,97.897,,,45.552,252.023,86.330,,,14.192,90.980,5.427,
2003-08-15,6,2004-02-15,9.096,48.245,,16.721,80.189,,31.374,9.991,5.042,3.011,,,,,50.711,,,3.289,6.145,8.346,7.665,0.769,370.701,,,17.411,213.437,44.477,,,5.273,40.091,2.016,
2003-09-15,1,2003-10-15,125.473,246.027,,274.042,319.440,161.420,310.018,314.941,,149.147,,,,,484.728,,,240.530,188.526,199.735,,118.101,412.920,,280.717,350.027,121.512,239.459,,,210.765,119.877,178.605,
2003-09-15,2,2003-11-15,124.969,147.019,,378.686,127.098,71.213,564.003,114.531,,66.047,,,,,199.958,,,98.970,82.956,109.255,,43.911,256.670,,106.747,155.422,55.968,151.589,,,90.664,45.596,74.068,
2003-09-15,3,2003-12-15,60.378,68.808,,120.775,53.132,26.461,209.198,42.685,,24.548,,,,,86.385,,,36.831,30.824,55.477,,16.316,267.919,,39.665,109.114,24.803,85.064,,,33.689,16.942,27.522,
2003-09-15,4,2004-01-15,23.487,46.930,,44.877,19.742,9.832,90.758,15.861,,9.125,,,,,33.390,,,13.686,11.454,24.179,,6.063,99.970,,14.738,48.466,249.108,84.712,,,12.518,92.966,10.226,
2003-09-15,5,2004-02-15,9.096,48.674,,16.675,81.857,3.703,33.724,10.130,,3.391,,,,,50.817,,,5.085,6.192,10.028,,2.253,371.504,,5.476,18.494,212.353,43.837,,,4.651,40.829,3.800,
2003-09-15,6,2004-03-15,3.380,93.510,,6.196,41.473,1.406,12.531,65.635,,1.260,,,,,1130.090,,,1.890,32.696,144.688,,95.994,104.285,,2.495,7.152,94.105,16.289,,,1.728,15.371,1.412,
2003-10-15,1,2003-11-15,124.969,75.281,,200.705,50.359,50.359,334.145,50.359,,50.359,,,,50.359,54.382,50.359,,50.359,50.359,50.359,,50.359,75.641,,,50.989,62.126,72.951,,,50.359,50.359,50.359,
2003-10-15,2,2003-12-15,60.378,37.482,,79.664,18.712,18.712,150.861,18.712,,18.712,,,,18.712,22.322,18.983,,18.712,18.712,18.712,,18.712,148.141,,,34.209,27.929,42.974,,,18.712,18.712,18.712,
2003-10-15,3,2004-01-15,23.487,33.082,,29.601,6.953,6.953,68.494,6.953,,6.953,,,,6.953,9.585,7.214,,6.953,6.953,6.953,,6.953,62.454,,,18.266,250.270,45.654,,,6.953,93.624,6.953,
2003-10-15,4,2004-02-15,9.096,43.078,,10.999,77.105,2.633,25.451,6.820,,2.584,,,,3.743,41.972,30.698,,2.584,4.520,3.627,,2.584,354.492,,,7.272,212.785,25.453,,,2.584,41.074,2.584,
2003-10-15,5,2004-03-15,3.380,91.246,,4.087,39.707,1.008,9.457,64.405,,0.960,,,,65.150,1126.803,18.982,,0.960,32.074,142.310,,96.117,98.809,,,2.982,94.265,9.458,,,0.960,15.462,0.960,
2003-10-15,6,2004-04-15,4.530,64.015,,1.519,78.675,66.016,3.514,36.955,,0.357,,,,40.364,557.821,7.053,,274.805,19.898,63.859,,40.875,37.615,,,1.108,39.901,3.514,,,0.357,5.745,0.357,
2003-11-15,1,2003-12-15,60.378,75.711,,59.662,59.662,59.662,88.669,59.662,,82.673,,,,59.662,59.662,83.490,,59.662,59.662,60.630,,59.662,162.462,,,128.837,59.662,90.066,,111.439,59.662,65.687,59.694,
2003-11-15,2,2004-01-15,23.487,52.620,,22.169,22.169,22.169,43.206,22.169,,38.505,,,,22.169,23.460,38.494,,22.169,22.169,23.103,,22.169,68.507,,,55.846,262.061,102.073,,54.312,22.169,173.724,22.201,
2003-11-15,3,2004-02-15,9.096,48.896,,8.237,82.759,8.287,16.055,12.474,,14.308,,,,9.397,47.127,42.321,,8.237,10.174,9.628,,8.237,356.741,,,21.236,217.166,50.907,,20.181,8.237,66.848,8.249,
2003-11-15,4,2004-03-15,3.380,89.863,,3.061,41.808,3.109,5.965,66.506,,5.316,,,,67.251,1128.719,23.301,,3.061,34.175,144.540,,98.218,99.645,,,8.171,95.893,18.916,,7.499,3.061,25.849,3.065,
2003-11-15,5,2004-04-15,4.530,62.068,,1.137,79.455,66.796,2.217,37.736,,1.975,,,,41.144,558.532,8.658,,275.586,20.679,64.688,,41.656,37.926,,,3.036,40.506,7.029,,2.786,1.137,9.605,1.139,
2003-11-15,6,2004-05-15,184.079,98.701,,1.216,132.938,272.400,0.824,14.890,,0.734,,,,92.506,323.243,206.855,,899.644,7.684,62.902,,15.478,14.092,,,3.716,15.398,2.612,,1.129,0.464,3.569,0.423,
2003-12-15,1,2004-01-15,23.487,41.381,22.857,22.857,22.857,22.857,22.857,22.857,,22.857,,,,,24.148,22.857,,22.857,22.857,22.857,,22.857,22.857,,,22.857,293.501,37.450,,22.857,22.857,125.325,22.857,
2003-12-15,2,2004-02-15,9.096,51.649,156.732,8.493,83.015,8.543,8.493,12.729,,8.493,,,,,48.976,36.511,,8.493,10.429,9.537,,8.493,339.779,,,8.978,228.868,20.347,,8.493,8.493,52.250,8.493,
2003-12-15,3,2004-03-15,3.380,94.822,201.849,3.156,41.903,3.204,3.156,66.601,,3.156,,,,,1133.120,21.142,,3.156,34.270,144.506,,98.313,93.342,,,3.616,99.968,7.560,,3.156,3.156,19.767,3.156,
2003-12-15,4,2004-04-15,4.530,69.031,199.567,1.173,79.491,66.832,1.173,37.771,,1.173,,,,,559.177,7.856,,275.621,20.714,64.675,,41.691,35.584,,,1.344,42.147,2.809,,1.173,1.173,7.345,1.173,
2003-12-15,5,2004-05-15,184.079,101.640,158.770,1.229,132.951,272.414,0.436,14.904,,0.436,,,,,323.447,206.557,,899.657,7.697,62.897,,15.492,13.222,,,3.088,16.036,1.044,,0.529,0.477,2.730,0.436,
2003-12-15,6,2004-06-15,313.518,199.878,101.014,44.335,411.748,214.714,0.162,74.760,,29.296,,,,,409.305,522.371,,1054.448,19.889,102.994,,5.756,4.913,,,7.246,108.842,0.388,,0.311,10.691,419.875,654.375,
2004-01-15,1,2004-02-15,9.096,40.657,,160.403,9.096,85.220,9.145,9.096,13.575,,9.096,,,,10.256,48.483,38.545,,9.096,11.032,10.140,,9.096,345.000,,,9.581,30.558,9.096,,9.096,,9.096,9.096
2004-01-15,2,2004-03-15,3.380,93.886,,203.979,3.380,43.041,3.428,3.380,69.576,,3.380,,,,70.162,1133.079,22.273,,3.380,36.676,146.498,,98.537,94.265,,,3.840,19.209,3.380,,3.380,,3.380,3.380
2004-01-15,3,2004-04-15,4.530,69.361,,200.939,1.256,81.169,66.915,1.256,38.960,,1.256,,,,42.441,559.124,8.276,,275.704,21.681,65.538,,41.774,35.992,,,1.427,7.840,1.256,,1.256,,1.256,1.256
2004-01-15,4,2004-05-15,184.079,105.694,,159.288,1.260,134.654,272.444,0.467,15.431,,0.467,,,,94.337,323.426,209.473,,899.688,8.056,63.696,,15.522,13.374,,,3.119,2.913,0.467,,0.560,,0.467,0.467
2004-01-15,5,2004-06-15,313.518,207.626,,101.227,44.346,412.645,214.725,0.173,75.920,,29.307,,,,246.386,409.297,523.483,,1054.459,20.022,103.632,,5.768,4.969,,,7.257,32.609,0.173,,0.323,,419.034,654.386
2004-01-15,6,2004-07-15,165.347,261.541,,50.891,629.271,390.412,369.757,423.487,879.126,,38.075,,,,394.288,233.632,184.271,,388.470,126.218,51.579,,15.705,267.040,,,105.491,434.077,0.064,,53.154,,278.642,178.704
2004-02-15,1,2004-03-15,3.380,55.960,,3.739,3.380,,3.380,3.380,15.397,,3.380,,,,25.431,781.598,3.380,,3.380,21.576,128.975,,98.537,3.380,,,3.380,3.380,3.380,,3.380,,3.380,3.380
2004-02-15,2,2004-04-15,4.530,51.549,,15.897,1.256,,66.897,1.256,10.414,,1.256,,,,16.371,514.504,1.256,,275.704,14.285,61.308,,41.774,1.256,,,1.256,1.256,1.256,,1.256,,1.256,1.256
2004-02-15,3,2004-05-15,184.079,91.001,,37.281,1.260,,272.438,0.467,3.869,,0.467,,,,46.395,311.599,160.642,,899.688,5.308,59.132,,15.522,0.467,,,3.055,0.467,0.467,,0.560,,0.467,0.467
2004-02-15,4,2004-06-15,313.518,186.277,,43.367,44.346,,214.723,0.173,13.592,,29.307,,,,211.521,404.940,504.059,,1054.459,19.001,98.615,,5.768,0.173,,,7.233,0.348,0.173,,0.323,,419.034,654.386
2004-02-15,5,2004-07-15,165.347,236.102,,26.981,629.271,,369.756,423.487,791.333,,38.075,,,,380.912,232.081,179.656,,388.470,125.839,49.739,,15.705,123.931,,,105.483,330.764,0.064,,53.154,,278.642,178.704
2004-02-15,6,2004-08-15,103.041,276.745,,12.931,252.960,,562.572,406.528,156.107,,423.697,,,,173.273,518.630,283.978,,161.275,521.122,207.740,,62.571,166.872,,,263.335,114.327,599.542,,241.776,,262.328,143.344
2004-03-15,1,2004-04-15,4.530,19.168,,1.985,1.256,,66.897,1.256,1.256,,1.256,,,,1.256,18.689,1.256,,275.704,1.256,1.256,,1.256,1.256,,,1.256,1.256,1.256,,1.256,,1.256,1.256
2004-03-15,2,2004-05-15,184.079,71.635,,4.612,1.260,,272.438,0.467,0.467,,0.467,,,,0.467,83.706,160.642,,899.688,0.467,1.601,,0.467,0.467,,,3.055,0.467,0.467,,0.560,,0.467,0.467
2004-03-15,3,2004-06-15,313.518,165.297,,8.871,44.346,,214.723,0.173,0.173,,29.307,,,,33.866,304.280,504.059,,1054.459,17.202,12.627,,0.173,0.173,,,7.233,0.348,0.173,,0.323,,419.034,654.386
2004-03-15,4,2004-07-15,165.347,210.824,,6.992,629.271,,369.756,411.827,545.551,,38.075,,,,241.838,200.087,179.656,,388.470,125.170,8.980,,0.064,123.931,,,105.483,330.764,0.064,,53.154,,278.642,178.704
2004-03-15,5,2004-08-15,103.041,266.135,,3.517,252.960,,562.572,404.562,136.357,,423.697,,,,136.725,506.579,283.978,,161.275,520.873,128.246,,9.833,166.872,,,263.335,114.327,599.542,,241.776,,262.328,143.344
2004-03-15,6,2004-09-15,69.684,253.258,,91.301,163.251,,173.706,378.265,94.187,,117.051,,,,255.876,158.411,364.175,,256.449,143.234,178.592,,46.719,315.743,,,830.559,432.664,208.936,,541.196,,124.309,190.543
2004-04-15,1,2004-05-15,184.079,78.525,,5.708,88.407,,76.586,28.428,3.127,,3.127,,,,26.271,25.603,414.522,,503.020,3.127,64.760,,6.944,,,,113.162,3.567,3.127,,48.839,,67.633,6.025
2004-04-15,2,2004-06-15,313.518,231.373,,9.287,191.270,,137.109,37.897,26.678,,195.927,,,,164.776,186.771,569.796,,993.017,43.818,113.565,,12.835,,,,95.958,57.798,1.162,,38.443,,642.585,877.390
2004-04-15,3,2004-07-15,165.347,275.786,,7.596,706.578,,339.355,630.477,791.003,,105.369,,,,329.521,167.982,195.210,,370.539,155.802,54.957,,52.230,,,,192.213,483.257,0.432,,150.609,,313.507,193.294
2004-04-15,4,2004-08-15,103.041,309.154,,3.842,273.801,,551.976,436.248,158.272,,471.611,,,,160.695,492.288,289.903,,154.660,533.773,213.876,,90.330,,,,297.428,139.862,888.805,,292.922,,274.291,149.354
2004-04-15,5,2004-09-15,69.684,261.756,,98.614,170.974,,169.861,388.320,103.772,,129.873,,,,266.660,153.631,366.368,,253.981,147.032,209.352,,104.355,,,,843.025,445.035,230.917,,569.924,,128.674,193.003
2004-04-15,6,2004-10-15,91.587,218.391,,166.997,229.732,,208.271,316.678,72.734,,99.337,,,,453.156,88.080,126.059,,157.828,146.025,616.138,,296.336,,,,162.245,238.329,359.449,,239.693,,88.521,83.822
2004-05-15,1,2004-06-15,313.518,356.418,,104.882,246.483,,186.644,124.250,255.570,,575.960,,,,266.157,353.517,530.283,,938.453,524.265,247.117,,137.456,136.312,,,122.205,260.582,87.338,,97.079,,788.264,1145.543
2004-05-15,2,2004-07-15,165.347,349.325,,53.867,725.352,,359.529,795.630,952.116,,181.952,,,,399.919,212.999,182.842,,355.355,354.987,92.842,,130.928,553.373,,,206.088,575.627,71.462,,218.601,,337.373,225.649
2004-05-15,3,2004-08-15,103.041,344.093,,24.575,279.788,,558.780,462.305,190.854,,510.953,,,,179.937,511.473,285.262,,149.072,603.147,248.471,,183.465,275.963,,,302.480,165.873,1185.864,,319.272,,282.619,161.702
2004-05-15,4,2004-09-15,69.684,281.212,,179.755,173.197,,172.313,397.079,116.199,,141.966,,,,275.102,160.179,364.647,,251.893,168.925,219.466,,165.436,363.259,,,844.886,455.173,260.878,,584.416,,131.727,197.748
2004-05-15,5,2004-10-15,91.587,220.966,,210.449,230.562,,209.188,319.895,77.454,,104.069,,,,456.199,90.541,125.420,,157.053,154.346,620.079,,348.535,119.205,,,162.914,242.019,372.051,,244.101,,89.657,85.572
2004-05-15,6,2004-11-15,46.115,135.157,,352.724,98.186,,515.542,117.992,61.205,,90.773,,,,191.390,43.087,124.950,,70.982,92.603,142.732,,234.809,44.294,,,75.193,151.870,118.628,,102.075,,40.664,33.442
2004-06-15,1,2004-07-15,165.347,350.421,,117.285,727.266,,390.407,858.447,956.744,,154.508,,,,408.383,199.717,150.148,,297.451,353.197,107.748,,173.900,,,256.601,261.785,579.005,156.742,,302.536,453.859,288.258,164.848
2004-06-15,2,2004-08-15,103.041,357.265,,53.567,283.221,,569.000,479.857,194.122,,499.702,,,,183.488,505.267,269.312,,129.868,599.921,271.061,,201.092,,,337.395,322.668,168.562,1232.246,,347.667,451.520,265.752,137.281
2004-06-15,3,2004-09-15,69.684,275.997,,202.649,174.480,,175.981,403.511,117.395,,138.041,,,,276.442,158.342,358.952,,244.073,167.169,225.607,,171.966,,,242.623,852.331,456.094,274.068,,595.172,247.447,125.559,188.027
2004-06-15,4,2004-10-15,91.587,224.533,,218.375,231.029,,210.563,322.282,77.893,,102.587,,,,456.689,89.833,123.393,,154.189,153.720,622.447,,351.032,,,300.170,165.613,242.374,377.000,,247.947,98.700,87.340,82.016
2004-06-15,5,2004-11-15,46.115,135.369,,356.028,98.359,,516.056,118.878,61.365,,90.214,,,,191.573,42.818,124.166,,69.916,92.372,143.552,,235.730,,,140.862,76.198,152.002,120.450,,103.502,36.803,39.802,32.109
2004-06-15,6,2004-12-15,17.135,74.596,,113.236,41.334,,195.500,44.254,31.894,,241.937,,,,83.339,19.067,60.080,,25.979,49.322,56.055,,259.588,,,101.879,32.991,85.215,45.998,,38.459,13.675,14.790,11.931
2004-07-15,1,2004-08-15,103.041,269.962,,80.014,179.452,,489.478,360.979,92.166,132.176,530.520,,,,117.316,478.958,269.426,,90.236,532.252,318.222,,190.808,,,300.249,275.129,89.601,,,295.412,366.381,210.462,
2004-07-15,2,2004-09-15,69.684,260.236,,219.879,135.856,,154.926,365.825,69.268,210.596,142.346,,,,240.859,152.771,359.380,,219.402,149.248,240.651,,167.276,,,230.261,835.226,406.872,,,574.575,221.986,107.512,
2004-07-15,3,2004-10-15,91.587,211.833,,224.768,214.643,,201.901,308.572,56.665,107.427,104.817,,,,443.517,87.490,123.731,,145.648,146.701,628.096,,348.826,,,295.439,160.449,227.279,,,241.346,89.375,79.978,
2004-07-15,4,2004-11-15,46.115,134.540,,358.616,92.325,,512.645,113.865,51.780,48.980,91.281,,,,187.058,41.886,124.232,,66.743,89.745,145.597,,234.968,,,139.133,74.231,146.273,,,101.070,33.331,37.043,
2004-07-15,5,2004-12-15,17.135,75.426,,114.112,39.042,,194.289,42.390,28.055,18.200,242.576,,,,81.655,18.688,60.104,,24.800,48.331,56.816,,259.290,,,101.221,32.251,83.005,,,37.555,12.385,13.764,
2004-07-15,6,2005-01-15,6.367,48.687,,42.401,14.507,,85.224,15.751,10.425,6.763,95.043,,,,31.632,8.246,23.384,,9.215,21.552,21.111,,96.902,,,45.484,251.876,83.875,,,13.955,91.273,5.114,
2004-08-15,1,2004-09-15,69.684,194.692,,266.770,83.499,76.794,56.195,238.992,72.923,180.908,49.780,,,,224.579,55.740,254.161,,240.394,48.579,,,114.798,,,135.278,726.985,422.940,,,470.319,117.231,56.978,
2004-08-15,2,2004-10-15,91.587,155.868,,241.033,178.453,52.985,133.215,265.137,56.264,97.148,47.554,,,,435.749,35.798,95.240,,152.425,65.299,,,320.509,,,251.178,138.376,231.635,,,216.858,51.972,50.536,
2004-08-15,3,2004-11-15,46.115,116.916,,365.535,79.574,25.924,476.312,99.573,50.752,44.797,59.817,,,,184.833,18.965,109.079,,69.273,54.158,,,225.242,,,123.922,65.309,148.100,,,92.295,19.323,25.540,
2004-08-15,4,2004-12-15,17.135,68.043,,116.309,33.922,9.633,183.520,37.052,27.527,16.645,220.280,,,,80.841,8.727,54.442,,25.740,32.528,,,255.391,,,94.817,28.802,83.715,,,34.295,7.180,9.490,
2004-08-15,5,2005-01-15,6.367,45.935,,43.218,12.604,3.579,81.232,13.768,10.229,6.185,87.760,,,,31.330,4.033,21.210,,9.564,14.992,,,95.538,,,43.079,250.594,84.174,,,12.743,89.339,3.526,
2004-08-15,6,2005-02-15,2.366,48.354,,16.059,79.205,1.379,30.184,9.352,3.801,2.298,36.568,,,,50.052,29.516,8.237,,5.490,6.614,,,369.765,,,16.492,212.906,43.642,,,4.735,39.481,1.310,
2004-09-15,1,2004-10-15,91.587,98.854,,116.018,156.810,48.122,150.432,148.008,48.420,38.517,,,,,294.354,44.973,33.071,,54.783,62.523,,,228.316,,,178.669,32.874,88.402,,83.387,71.887,32.874,64.637,
2004-09-15,2,2004-11-15,46.115,89.765,,293.870,71.757,23.634,474.025,64.355,42.833,17.158,,,,,145.950,22.526,46.502,,28.930,47.370,,,193.325,,,96.268,13.353,87.337,,45.150,37.417,12.215,31.331,
2004-09-15,3,2004-12-15,17.135,48.165,,97.267,30.695,8.782,184.318,23.914,23.471,6.376,,,,,65.568,10.728,27.535,,10.750,28.019,,,240.542,,,82.477,5.619,56.451,,30.700,13.903,4.539,11.642,
2004-09-15,4,2005-01-15,6.367,38.118,,36.142,11.405,3.263,81.581,8.886,8.721,2.369,,,,,25.655,5.024,10.721,,3.994,12.748,,,90.864,,,38.402,241.980,65.729,,17.019,5.166,88.358,4.326,
2004-09-15,5,2005-02-15,2.366,45.168,,13.430,78.760,1.262,30.313,7.538,3.241,0.880,,,,,47.943,29.884,4.243,,3.420,5.780,,,367.518,,,14.755,209.705,35.730,,6.324,1.920,39.117,1.607,
2004-09-15,6,2005-03-15,0.879,85.013,,4.990,40.322,0.499,11.264,64.672,20.614,0.327,,,,,1129.022,18.679,1.577,,31.666,143.110,,,102.971,,,5.762,93.121,13.276,,2.350,0.713,14.734,0.597,
2004-10-15,1,2004-11-15,46.115,92.480,,270.442,48.671,46.115,416.712,46.115,,46.148,,,,,66.777,48.709,179.279,,46.115,46.357,,50.444,112.926,,,58.699,82.093,97.569,,48.092,46.115,46.115,46.115,
2004-10-15,2,2004-12-15,17.135,47.644,,91.827,19.502,17.135,169.715,17.135,,17.167,,,,,31.986,23.222,77.583,,17.135,17.370,,21.118,193.977,,,56.070,38.638,61.858,,30.025,17.135,17.135,17.135,
2004-10-15,3,2005-01-15,6.367,38.124,,34.121,7.247,6.367,75.999,6.367,,6.379,,,,,13.176,10.561,31.690,,6.367,6.454,,7.847,76.556,,,28.155,254.249,68.859,,16.314,6.367,93.038,6.367,
2004-10-15,4,2005-02-15,2.366,45.098,,12.678,77.214,2.415,28.240,6.602,,2.370,,,,,43.306,31.942,12.520,,4.302,3.442,,2.916,360.414,,,10.947,214.264,36.732,,6.062,2.366,40.856,2.366,
2004-10-15,5,2005-03-15,0.879,88.799,,4.711,39.748,0.927,10.493,64.324,,0.881,,,,,1127.299,19.444,4.652,,31.993,142.241,,96.240,100.823,,,4.348,94.815,13.649,,2.252,0.879,15.381,0.879,
2004-10-15,6,2005-04-15,274.775,48.740,,1.751,78.690,65.986,3.899,36.925,,0.327,,,,,558.005,7.225,5.003,,19.868,63.834,,40.921,38.364,,,1.615,40.106,5.072,,0.837,0.327,5.715,0.327,
2004-11-15,1,2004-12-15,17.135,20.614,,17.135,17.135,17.135,18.837,17.135,,17.701,,,,,17.135,20.250,17.135,,17.135,17.135,,17.135,47.817,,,45.297,17.135,19.004,,,17.135,17.135,17.135,
2004-11-15,2,2005-01-15,6.367,27.409,,6.367,6.367,6.367,7.978,6.367,,6.911,,,,,7.658,9.186,6.797,,6.367,6.367,,6.367,26.301,,,24.218,246.259,28.124,,,6.367,100.039,6.367,
2004-11-15,3,2005-02-15,2.366,42.479,,2.366,76.887,2.415,2.965,6.602,,2.568,,,,,41.256,31.431,2.775,,4.302,3.409,,2.366,341.059,,,9.484,211.295,18.581,,,2.366,42.607,2.366,
2004-11-15,4,2005-03-15,0.879,91.631,,0.879,39.626,0.927,1.102,64.324,,0.954,,,,,1126.537,19.254,1.031,,31.993,142.229,,96.036,93.818,,,3.804,93.712,6.904,,,0.879,16.100,0.879,
2004-11-15,5,2005-04-15,274.775,50.621,,0.327,78.645,65.986,0.409,36.925,,0.355,,,,,557.722,7.154,3.657,,19.868,63.829,,40.845,35.761,,,1.413,39.696,2.565,,,0.327,5.983,0.327,
2004-11-15,6,2005-05-15,899.343,65.980,,0.915,132.636,272.099,0.152,14.589,,0.132,,,,,322.942,206.296,183.755,,7.383,62.583,,15.177,13.288,,,3.114,15.097,0.953,,,0.163,2.223,0.121,
2004-12-15,1,2005-01-15,6.367,24.109,6.367,6.367,6.367,6.367,6.367,6.367,,6.367,,,,,7.658,6.367,6.797,,6.367,6.367,,6.367,6.367,,,6.367,246.259,15.184,,,,93.038,6.367,
2004-12-15,2,2005-02-15,2.366,48.882,150.604,2.366,76.887,2.415,2.366,6.602,,2.366,,,,,41.256,30.384,2.775,,4.302,3.409,,2.366,333.652,,,2.851,211.295,9.637,,,,40.856,2.366,
2004-12-15,3,2005-03-15,0.879,101.565,199.572,0.879,39.626,0.927,0.879,64.324,,0.879,,,,,1126.537,18.865,1.031,,31.993,142.229,,96.036,91.066,,,1.339,93.712,3.581,,,,15.381,0.879,
2004-12-15,4,2005-04-15,274.775,60.868,198.721,0.327,78.645,65.986,0.327,36.925,,0.327,,,,,557.722,7.010,3.657,,19.868,63.829,,40.845,34.738,,,0.498,39.696,1.331,,,,5.715,0.327,
2004-12-15,5,2005-05-15,899.343,74.239,158.456,0.915,132.636,272.099,0.121,14.589,,0.121,,,,,322.942,206.243,183.755,,7.383,62.583,,15.177,12.908,,,2.773,15.097,0.494,,,,2.124,0.121,
2004-12-15,6,2005-06-15,1054.331,181.047,100.897,44.218,411.631,214.597,0.045,74.643,,29.179,,,,,409.118,522.254,313.398,,19.772,102.877,,5.639,4.796,,,7.129,105.613,0.184,,,,419.650,654.258,
2005-01-15,1,2005-02-15,2.366,34.732,,150.604,2.366,76.887,2.415,2.366,6.602,,2.366,,,,,40.092,30.384,2.366,,4.302,3.409,,2.366,333.652,,,2.851,22.143,2.366,,2.366,,2.366,2.366
2005-01-15,2,2005-03-15,0.879,91.735,,199.572,0.879,39.626,0.927,0.879,64.324,,0.879,,,,,1126.104,18.865,0.879,,31.993,142.229,,96.036,91.066,,,1.339,15.594,0.879,,0.879,,0.879,0.879
2005-01-15,3,2005-04-15,274.775,55.846,,198.721,0.327,78.645,65.986,0.327,36.925,,0.327,,,,,557.561,7.010,3.601,,19.868,63.829,,40.845,34.738,,,0.498,6.405,0.327,,0.327,,0.327,0.327
2005-01-15,4,2005-05-15,899.343,69.779,,158.456,0.915,132.636,272.099,0.121,14.589,,0.121,,,,,322.882,206.243,183.734,,7.383,62.583,,15.177,12.908,,,2.773,2.380,0.121,,0.215,,0.122,0.121
2005-01-15,5,2005-06-15,1054.331,168.225,,100.897,44.218,411.631,214.597,0.045,74.643,,29.179,,,,,409.096,522.254,313.390,,19.772,102.877,,5.639,4.796,,,7.129,30.940,0.045,,0.194,,418.906,654.258
2005-01-15,6,2005-07-15,388.423,243.477,,50.765,629.224,390.101,369.709,423.440,878.096,,38.028,,,,,233.558,183.961,165.299,,126.125,51.293,,15.657,265.919,,,105.444,432.551,0.017,,53.107,,278.595,178.657
2005-02-15,1,2005-03-15,0.879,50.955,,1.238,0.879,0.879,0.879,0.879,12.896,,0.879,,,,22.930,779.097,0.879,0.879,,19.075,126.474,,96.036,0.879,,,0.879,0.879,0.879,,0.879,,0.879,0.879
2005-02-15,2,2005-04-15,274.775,35.879,,14.968,0.327,12.246,65.968,0.327,9.484,,0.327,,,,15.442,513.574,0.327,3.601,,13.356,60.379,,40.845,0.327,,,0.327,0.327,0.327,,0.327,,0.327,0.327
2005-02-15,3,2005-05-15,899.343,55.092,,36.935,0.915,59.435,272.093,0.121,3.524,,0.121,,,,46.050,311.253,160.297,183.734,,4.963,58.787,,15.177,0.121,,,2.710,0.121,0.121,,0.215,,0.122,0.121
2005-02-15,4,2005-06-15,1054.331,159.150,,43.238,44.218,360.107,214.594,0.045,13.464,,29.179,,,,211.392,404.812,503.931,313.390,,18.873,98.487,,5.639,0.045,,,7.105,0.219,0.045,,0.194,,418.906,654.258
2005-02-15,5,2005-07-15,388.423,232.082,,26.933,629.224,375.746,369.708,423.440,791.285,,38.028,,,,380.865,232.033,179.608,165.299,,125.791,49.691,,15.657,123.883,,,105.435,330.716,0.017,,53.107,,278.595,178.657
2005-02-15,6,2005-08-15,161.257,268.320,,12.913,252.942,158.396,562.554,406.510,156.089,,423.679,,,,173.255,518.613,283.960,103.023,,521.104,207.723,,62.553,166.854,,,263.317,114.309,599.524,,241.759,,262.311,143.326
2005-03-15,1,2005-04-15,274.775,5.276,,1.056,0.327,12.246,65.968,0.327,0.327,,0.327,,,,0.327,17.760,0.327,3.601,,0.327,0.327,,,0.327,,,0.327,0.327,0.327,,0.327,,0.327,0.327
2005-03-15,2,2005-05-15,899.343,38.475,,4.266,0.915,59.435,272.093,0.121,0.121,,0.121,,,,0.121,83.361,160.297,183.734,,0.121,1.256,,,0.121,,,2.710,0.121,0.121,,0.215,,0.122,0.121
2005-03-15,3,2005-06-15,1054.331,146.124,,8.742,44.218,360.107,214.594,0.045,0.045,,29.179,,,,33.738,304.152,503.931,313.390,,17.074,12.499,,,0.045,,,7.105,0.219,0.045,,0.194,,418.906,654.258
2005-03-15,4,2005-07-15,388.423,218.407,,6.944,629.224,375.746,369.708,411.779,545.503,,38.028,,,,241.790,200.040,179.608,165.299,,125.123,8.933,,,123.883,,,105.435,330.716,0.017,,53.107,,278.595,178.657
2005-03-15,5,2005-08-15,161.257,270.635,,3.499,252.942,158.396,562.554,404.544,136.339,,423.679,,,,136.707,506.561,283.960,103.023,,520.856,128.229,,,166.854,,,263.317,114.309,599.524,,241.759,,262.311,143.326
2005-03-15,6,2005-09-15,256.443,247.300,,91.295,163.245,114.433,173.699,378.258,94.181,,117.044,,,,255.870,158.404,364.169,69.677,,143.227,178.585,,,315.736,,,830.552,432.657,208.929,,541.189,,124.303,190.536
2005-04-15,1,2005-05-15,899.343,274.420,,168.815,397.814,212.582,388.289,212.472,112.418,,100.245,,,,244.751,234.132,802.336,536.355,,,334.790,,144.354,131.546,,,442.962,152.267,99.901,,290.959,,302.829,178.588
2005-04-15,2,2005-06-15,1054.331,334.905,,105.962,305.749,447.236,245.923,133.627,210.497,,475.681,,,,306.156,375.399,636.490,401.928,,,242.440,,98.245,111.528,,,187.562,260.444,49.017,,137.802,,833.793,1132.628
2005-04-15,3,2005-07-15,388.423,346.380,,53.120,746.851,401.032,381.474,795.331,937.931,,166.169,,,,414.892,221.848,214.946,193.515,,,98.099,,103.749,535.937,,,233.008,575.656,36.362,,236.674,,351.564,229.441
2005-04-15,4,2005-08-15,161.257,320.177,,23.945,287.541,167.390,566.777,463.210,186.657,,503.909,,,,185.113,514.799,297.319,113.676,,,243.254,,167.724,271.496,,,312.473,166.041,1155.505,,325.768,,287.863,163.070
2005-04-15,5,2005-09-15,256.443,269.931,,180.171,176.078,117.795,175.254,397.431,114.626,,139.635,,,,277.064,161.417,369.117,73.690,,,218.419,,159.586,361.582,,,848.581,455.225,254.086,,586.941,,133.674,198.245
2005-04-15,6,2005-10-15,158.742,213.796,,210.479,231.635,74.006,210.283,320.027,76.865,,103.176,,,,456.926,91.001,127.079,93.124,,,619.678,,346.107,118.591,,,164.272,242.040,369.473,,245.015,,90.381,85.758
2005-05-15,1,2005-06-15,1054.331,432.175,,199.057,355.490,,293.078,225.857,364.632,,689.968,,,,373.475,465.517,644.407,424.103,,636.740,355.094,,239.699,237.893,,,223.928,370.391,183.077,,195.417,,903.576,1262.105
2005-05-15,2,2005-07-15,388.423,378.007,,92.445,763.271,,398.977,839.363,990.153,,215.823,,,,438.865,248.288,216.801,201.303,,390.434,128.612,,171.357,596.829,,,248.111,612.966,114.513,,263.064,,370.811,258.148
2005-05-15,3,2005-08-15,161.257,356.109,,40.781,293.261,,572.967,476.807,204.208,,523.907,,,,193.774,524.770,298.024,116.584,,616.048,264.290,,199.580,290.612,,,318.002,179.185,1205.384,,335.226,,294.951,173.816
2005-05-15,4,2005-09-15,256.443,277.674,,192.118,178.203,,177.523,402.439,121.169,,146.689,,,,280.303,165.065,369.378,74.776,,173.664,224.981,,171.414,368.721,,,850.629,460.149,267.190,,590.504,,136.303,202.268
2005-05-15,5,2005-10-15,158.742,219.749,,214.703,232.425,,211.129,321.886,79.303,,105.832,,,,458.129,92.359,127.175,93.532,,156.110,622.156,,350.804,121.226,,,165.023,243.864,374.408,,246.314,,91.358,87.250
2005-05-15,6,2005-11-15,71.609,134.687,,354.498,98.878,,516.265,118.731,61.894,,91.430,,,,192.105,43.763,125.603,46.844,,93.259,143.492,,235.647,45.045,,,75.977,152.555,119.499,,102.897,,41.297,34.065
2005-06-15,1,2005-07-15,388.423,446.006,,199.641,822.169,,483.023,953.693,1052.296,,239.847,,,,501.306,287.913,236.014,251.899,,445.129,188.244,,260.969,703.155,,346.587,352.248,673.264,243.011,,393.735,547.082,379.400,251.511
2005-06-15,2,2005-08-15,161.257,385.850,,87.060,312.835,,600.325,509.359,223.220,,536.364,,,,214.123,539.702,304.881,136.543,,631.807,311.026,,235.460,322.384,,370.320,355.218,198.349,1268.592,,379.632,482.378,297.777,171.341
2005-06-15,3,2005-09-15,256.443,284.475,,219.032,185.470,,187.330,414.387,128.279,,150.434,,,,288.070,170.460,371.947,82.726,,178.603,239.157,,184.806,380.558,,254.620,864.362,467.450,286.266,,607.102,258.723,137.330,201.335
2005-06-15,4,2005-10-15,158.742,221.543,,224.426,235.134,,214.806,326.320,81.959,,107.305,,,,461.009,94.373,128.136,96.844,,157.989,627.525,,355.924,125.594,,304.655,170.005,246.546,381.548,,252.313,102.887,91.746,86.904
2005-06-15,5,2005-11-15,71.609,131.882,,358.389,99.884,,517.639,120.377,62.888,,92.009,,,,193.169,44.513,125.957,48.096,,93.959,145.409,,237.535,46.668,,142.524,77.833,153.554,122.134,,105.123,38.359,41.441,33.937
2005-06-15,6,2005-12-15,26.608,72.196,,114.068,41.901,,196.086,44.811,32.462,,242.647,,,,83.932,19.699,60.745,17.871,,49.912,56.745,,260.262,17.341,,102.499,33.599,85.793,46.624,,39.061,14.253,15.399,12.610
2005-07-15,1,2005-08-15,161.257,339.777,,148.777,258.971,,576.507,446.445,164.129,,,,,,191.325,565.721,352.810,176.209,,620.300,403.813,,270.990,275.720,,384.200,358.290,160.959,,320.374,375.958,451.863,292.175,
2005-07-15,2,2005-09-15,256.443,291.898,,258.425,165.794,,181.186,393.922,101.542,,,,,,276.253,179.143,388.863,100.331,,175.157,268.431,,197.723,362.980,,258.877,865.574,445.316,,226.352,606.652,249.451,135.981,
2005-07-15,3,2005-10-15,158.742,224.109,,238.654,227.038,,212.234,318.840,70.510,,,,,,456.577,97.628,134.166,105.569,,156.668,638.571,,361.014,119.600,,306.325,170.622,239.675,,185.815,252.122,99.517,91.036,
2005-07-15,4,2005-11-15,71.609,136.990,,364.100,96.914,,516.641,117.633,57.862,,,,,,191.655,45.728,128.292,51.508,,93.467,149.411,,239.401,44.440,,143.127,78.052,150.936,,87.310,105.051,37.104,41.171,
2005-07-15,5,2005-12-15,26.608,66.960,,116.011,40.778,,195.730,43.791,30.469,,,,,,83.368,20.144,61.613,19.139,,49.728,58.234,,260.967,16.513,,102.732,33.678,84.788,,53.389,39.035,13.787,15.298,
2005-07-15,6,2006-01-15,9.887,45.678,,43.107,15.152,,85.759,16.272,11.322,,,,,,32.269,8.797,23.947,7.112,,22.074,21.638,,97.517,6.136,,46.047,252.406,84.608,,27.420,14.504,91.794,5.684,
2005-08-15,1,2005-09-15,256.443,209.827,,282.644,101.964,95.353,75.599,255.095,91.561,197.477,,,,,240.822,,270.087,88.640,,68.861,135.806,,132.241,,,152.545,741.479,438.102,,131.480,485.271,135.000,76.517,
2005-08-15,2,2005-10-15,158.742,189.313,,247.224,183.508,58.899,137.863,271.149,62.066,103.459,,,,,441.439,,101.947,97.016,,70.229,566.148,,325.532,,,256.463,145.613,238.295,,140.425,223.642,58.638,56.702,
2005-08-15,3,2005-11-15,71.609,123.691,,367.718,81.512,27.941,477.115,101.950,52.320,47.050,,,,,187.157,,111.164,48.054,,55.427,130.345,,227.231,,,126.008,67.910,150.531,,70.005,94.845,21.796,27.747,
2005-08-15,4,2005-12-15,26.608,61.648,,117.172,34.604,10.382,184.036,37.933,28.010,17.483,,,,,81.705,,55.212,17.856,,32.789,51.022,,256.086,,,95.508,29.751,84.593,,45.172,35.242,8.099,10.310,
2005-08-15,5,2006-01-15,9.887,43.578,,43.538,12.858,3.858,81.423,14.095,10.408,6.496,,,,,31.651,,21.488,6.635,,15.033,18.958,,95.807,,,43.333,250.947,84.465,,23.968,13.095,89.680,3.831,
2005-08-15,6,2006-02-15,5.610,45.783,,16.178,79.299,1.483,30.255,9.473,3.867,2.414,,,,,50.171,,8.339,2.465,,6.629,7.045,,369.860,,,16.587,213.037,43.747,,8.906,4.866,39.608,1.424,
2005-09-15,1,2005-10-15,158.742,196.458,,240.908,284.667,131.864,275.241,280.955,143.091,120.892,,,,,447.923,,99.365,208.254,,166.723,,94.183,,,,315.020,96.859,208.170,,196.724,179.488,95.024,147.357,
2005-09-15,2,2005-11-15,71.609,129.726,,365.018,115.940,59.931,551.045,103.822,99.955,54.732,,,,,189.003,,109.875,87.907,,96.630,,34.996,,,,144.143,43.987,138.137,,91.484,79.529,35.808,62.859,
2005-09-15,3,2005-12-15,26.608,55.715,,116.325,48.786,22.269,204.783,38.652,48.275,20.345,,,,,82.355,,54.666,32.677,,50.392,,13.004,,,,104.191,19.509,79.616,,56.536,29.551,13.305,23.357,
2005-09-15,4,2006-01-15,9.887,42.472,,43.224,18.128,8.275,89.111,14.362,17.938,7.564,,,,,31.892,,21.202,12.142,,22.193,,4.832,,,,46.627,247.141,82.128,,28.934,10.980,91.615,8.679,
2005-09-15,5,2006-02-15,5.610,29.334,,16.061,81.257,3.124,33.112,9.573,6.665,2.811,,,,,50.260,,8.217,4.512,,9.290,,1.795,,,,17.811,211.622,42.846,,10.751,4.080,40.327,3.225,
2005-09-15,6,2006-03-15,32.479,87.498,,5.968,41.250,1.191,12.303,65.428,21.886,1.044,,,,,1129.883,,3.053,1.676,,144.414,,95.824,,,,6.898,93.833,15.920,,3.995,1.516,15.184,1.198,
2005-10-15,1,2005-11-15,71.609,126.777,,315.623,,71.609,466.200,71.609,115.765,71.872,,,,71.609,94.301,,219.566,,,71.673,,80.493,150.307,,,89.306,106.940,122.263,,74.793,71.609,71.609,71.609,
2005-10-15,2,2005-12-15,26.608,61.593,,103.483,,26.608,181.886,26.608,55.311,27.507,,,,26.608,43.538,,90.406,,,26.671,,33.874,214.754,,,67.727,48.600,73.215,,43.646,26.608,26.608,26.608,
2005-10-15,3,2006-01-15,9.887,44.578,,38.452,,9.887,80.396,9.887,20.552,10.592,,,,9.887,17.469,,36.439,,,9.910,,12.587,82.487,,,32.461,257.951,79.056,,22.641,9.887,96.558,9.887,
2005-10-15,4,2006-02-15,5.610,43.820,,14.288,,3.723,29.873,7.910,7.637,3.936,,,,4.834,44.901,,14.236,,,4.726,,4.677,364.093,,,12.547,215.639,41.638,,8.413,3.674,42.164,3.674,
2005-10-15,5,2006-03-15,32.479,93.892,,5.309,,1.413,11.100,64.810,22.247,1.462,,,,65.555,1127.891,,5.290,,,142.718,,96.895,101.785,,,4.942,95.326,15.472,,3.126,1.365,15.867,1.365,
2005-10-15,6,2006-04-15,20.049,61.420,,1.973,,66.166,4.125,37.106,253.234,0.543,,,,40.514,558.225,,5.240,,,64.011,,41.164,38.721,,,1.836,40.295,5.749,,1.162,0.507,5.896,0.507,
2005-11-15,1,2005-12-15,26.608,27.059,,26.608,,26.608,26.620,,26.608,26.608,,,,26.608,26.608,,26.608,,,26.608,,26.608,,,26.608,33.872,26.608,26.653,,27.395,26.608,26.608,26.608,
2005-11-15,2,2006-01-15,9.887,28.996,,9.887,,9.887,9.899,,9.887,9.887,,,,9.887,11.178,,10.317,,,9.887,,9.887,,,9.887,15.963,249.779,18.748,,10.619,9.887,96.558,9.887,
2005-11-15,3,2006-02-15,5.610,20.300,,3.674,,3.723,3.678,,3.674,3.674,,,,4.834,42.564,,4.083,,,4.717,,3.674,,,3.674,6.417,212.603,10.961,,3.946,3.674,42.164,3.674,
2005-11-15,4,2006-03-15,32.479,87.913,,1.365,,1.413,1.367,,20.775,1.365,,,,65.555,1127.023,,1.517,,,142.715,,96.522,,,1.825,2.664,94.198,4.073,,1.466,1.365,15.867,1.365,
2005-11-15,5,2006-04-15,20.049,59.914,,0.507,,66.166,0.508,,252.687,0.507,,,,40.514,557.902,,3.838,,,64.010,,41.026,,,0.946,0.990,39.876,1.513,,0.545,0.507,5.896,0.507,
2005-11-15,6,2006-05-15,7.450,58.626,,0.982,,272.166,0.189,,82.810,0.188,,,,92.272,323.009,,183.822,,,62.650,,15.244,,,0.352,2.956,15.164,0.562,,0.296,0.230,2.191,0.188,
2005-12-15,1,2006-01-15,9.887,23.800,9.887,9.887,,9.887,9.887,,9.887,9.887,,,,9.887,11.178,,10.317,,,,9.887,9.887,,,9.887,9.887,249.779,18.704,,9.887,9.887,,9.887,
2005-12-15,2,2006-02-15,5.610,26.198,151.912,3.674,,3.723,3.674,,3.674,3.674,,,,4.834,42.564,,4.083,,,,3.674,3.674,,,3.674,4.159,212.603,10.945,,3.674,3.674,,3.674,
2005-12-15,3,2006-03-15,32.479,90.241,200.058,1.365,,1.413,1.365,,20.775,1.365,,,,65.555,1127.023,,1.517,,,,1.365,96.522,,,1.825,1.825,94.198,4.067,,1.365,1.365,,1.365,
2005-12-15,4,2006-04-15,20.049,67.089,198.901,0.507,,66.166,0.507,,252.687,0.507,,,,40.514,557.902,,3.838,,,,0.507,41.026,,,0.946,0.678,39.876,1.511,,0.507,0.507,,0.507,
2005-12-15,5,2006-05-15,7.450,63.834,158.523,0.982,,272.166,0.188,,82.810,0.188,,,,92.272,323.009,,183.822,,,,0.188,15.244,,,0.352,2.840,15.164,0.562,,0.282,0.230,,0.188,
2005-12-15,6,2006-06-15,19.797,122.015,100.922,44.243,,214.622,0.070,,50.691,29.204,,,,245.254,409.143,,313.422,,,,0.070,5.664,,,4.857,7.154,105.638,0.209,,0.219,10.599,,654.283,
2006-01-15,1,2006-02-15,5.610,15.198,,151.912,3.674,,3.723,3.674,,3.674,3.674,,,3.674,4.834,41.400,,3.674,,,,3.674,3.674,,,3.674,4.159,23.451,,,3.674,3.674,,3.674
2006-01-15,2,2006-03-15,32.479,85.718,,200.058,1.365,,1.413,1.365,,20.775,1.365,,,1.365,65.555,1126.590,,1.365,,,,1.365,96.522,,,1.825,1.825,16.080,,,1.365,1.365,,1.365
2006-01-15,3,2006-04-15,20.049,72.131,,198.901,0.507,,66.166,0.507,,252.687,0.507,,,125.782,40.514,557.742,,3.781,,,,0.507,41.026,,,0.946,0.678,6.586,,,0.507,0.507,,0.507
2006-01-15,4,2006-05-15,7.450,112.415,,158.523,0.982,,272.166,0.188,,82.810,0.188,,,887.815,92.272,322.949,,183.801,,,,0.188,15.244,,,0.352,2.840,2.447,,,0.282,0.230,,0.188
2006-01-15,5,2006-06-15,19.797,150.436,,100.922,44.243,,214.622,0.070,,50.691,29.204,,,586.494,245.254,409.121,,313.415,,,,0.070,5.664,,,4.857,7.154,30.965,,,0.219,10.599,,654.283
2006-01-15,6,2006-07-15,126.135,214.606,,50.774,629.233,,369.718,423.449,,45.468,38.037,,,372.901,393.934,233.567,,165.308,,,,0.026,15.666,,,88.099,105.453,432.561,,,53.116,266.940,,178.666
2006-02-15,1,2006-03-15,32.479,67.950,,20.660,3.179,,3.179,3.179,,57.308,3.179,,3.179,,55.475,898.631,,3.179,,,,3.179,146.562,,3.179,6.325,3.179,3.179,,,3.179,3.179,,
2006-02-15,2,2006-04-15,20.049,60.226,,47.230,1.181,,66.822,1.181,,325.110,1.181,,1.181,,36.482,529.273,,4.455,,,,1.181,58.835,,1.181,4.058,1.181,1.181,,,1.181,1.181,,
2006-02-15,3,2006-05-15,7.450,59.173,,76.740,1.232,,272.410,0.439,,97.322,0.439,,0.439,,85.470,315.070,,186.823,,,,0.439,21.862,,0.439,1.508,3.027,0.439,,,0.532,0.480,,
2006-02-15,4,2006-06-15,19.797,96.884,,64.601,44.336,,214.712,0.163,,59.200,45.929,,287.704,,241.348,406.229,,315.628,,,,0.163,8.123,,22.313,14.892,7.223,0.344,,,0.312,10.692,,
2006-02-15,5,2006-07-15,126.135,227.688,,35.961,629.267,,369.752,537.192,,50.049,50.737,,323.311,,392.801,232.529,,165.934,,,,0.061,20.566,,396.959,112.629,105.479,336.543,,,71.645,266.975,,
2006-02-15,6,2006-08-15,521.232,252.674,,16.771,252.958,,562.571,422.834,,81.286,435.407,,211.559,,177.204,518.798,,103.268,,,,0.136,67.453,,385.370,281.740,263.334,115.018,,,259.198,393.233,,
2006-03-15,1,2006-04-15,20.049,55.292,,37.167,20.049,,178.428,20.049,,155.281,20.049,,21.760,259.333,20.049,94.748,,,,,,20.049,20.049,,20.049,20.049,20.049,20.049,,,20.049,27.999,,
2006-03-15,2,2006-05-15,7.450,96.511,,42.467,23.321,,340.167,8.691,,65.471,7.450,,9.050,947.043,7.567,160.098,,,,,,7.450,7.450,,7.450,7.450,42.013,7.450,,,22.205,24.404,,
2006-03-15,3,2006-06-15,19.797,126.428,,45.655,118.003,,234.752,8.761,,35.456,112.483,,386.633,598.973,115.950,343.837,,,,,,2.768,2.768,,99.637,8.866,53.921,26.187,,,20.797,60.263,,
2006-03-15,4,2006-07-15,126.135,258.254,,28.426,674.550,,377.296,556.329,,34.722,84.575,,339.896,377.349,312.544,212.064,,,,,,1.029,1.029,,462.539,91.908,166.744,456.052,,,128.002,343.520,,
2006-03-15,5,2006-08-15,521.232,268.280,,13.644,264.513,,565.289,423.297,,72.755,459.237,,216.812,340.172,155.464,511.102,,,,,,2.692,11.588,,400.401,271.654,288.008,133.578,,,283.020,415.807,,
2006-03-15,6,2006-09-15,143.367,261.294,,119.606,167.523,,174.707,384.075,,186.216,126.320,,125.261,516.500,264.609,160.063,,,,,,2.157,48.887,,126.071,219.682,839.569,442.453,,,564.696,234.893,,
2006-04-15,1,2006-05-15,7.450,26.932,,7.450,,,,7.450,,7.450,7.450,,7.450,307.532,7.450,7.450,,35.533,,,,7.450,7.450,,7.450,7.450,10.490,7.450,,,7.450,7.450,,
2006-04-15,2,2006-06-15,19.797,60.168,,2.768,,,,2.768,,2.768,42.448,,96.689,502.569,44.954,39.427,,221.054,,,,2.768,2.768,,34.728,4.561,14.281,2.768,,,2.768,2.768,,
2006-04-15,3,2006-07-15,126.135,158.099,,1.029,,,,443.381,,1.029,46.668,,265.464,349.129,233.862,102.295,,138.840,,,,1.029,1.042,,413.580,79.991,129.356,300.819,,,53.562,126.610,,
2006-04-15,4,2006-08-15,521.232,216.615,,0.382,,,,408.755,,0.382,428.684,,193.490,329.737,133.004,456.383,,92.753,,,,5.371,23.869,,389.054,265.665,273.663,110.869,,,241.954,328.443,,
2006-04-15,5,2006-09-15,143.367,236.045,,10.895,,,,379.571,,4.796,118.574,,116.555,512.625,252.204,143.028,,65.709,,,,4.205,61.875,,122.187,217.721,834.344,430.739,,,527.900,209.831,,
2006-04-15,6,2006-10-15,144.605,155.604,,78.541,,,,313.490,,4.966,94.674,,52.962,146.795,448.033,83.998,,89.990,,,,1.562,236.690,,96.060,290.724,159.204,233.594,,,229.427,84.550,,
2006-05-15,1,2006-06-15,19.797,7.542,,2.768,,,,2.768,,2.768,19.845,,69.429,3.627,2.768,2.768,,2.768,,,2.768,2.768,2.768,,2.768,4.105,2.768,2.768,,,2.768,2.768,,
2006-05-15,2,2006-07-15,126.135,59.997,,1.029,,,,206.651,,1.029,27.604,,247.424,105.090,51.729,6.716,,1.029,,,1.029,1.029,1.029,,186.704,71.751,1.029,136.388,,,1.029,31.656,,
2006-05-15,3,2006-08-15,521.232,142.910,,0.382,,,,365.126,,0.382,411.657,,188.121,233.210,67.027,299.959,,1.001,,,4.282,0.382,0.390,,335.953,259.802,24.673,76.829,,,67.770,235.435,,
2006-05-15,4,2006-09-15,143.367,190.106,,0.192,,,,366.251,,4.128,114.323,,114.550,476.885,191.766,110.599,,4.771,,,67.690,0.142,14.247,,106.563,215.869,659.626,409.211,,,381.438,183.650,,
2006-05-15,5,2006-10-15,144.605,159.298,,25.202,,,,308.669,,4.154,92.886,,52.213,134.437,425.150,69.756,,29.787,,,534.365,0.053,192.660,,89.399,289.982,124.180,227.028,,,192.935,74.511,,
2006-05-15,6,2006-11-15,88.971,84.313,,211.564,,,,113.884,,2.079,86.286,,19.416,54.023,181.189,34.846,,18.270,,,120.310,0.020,176.826,,44.415,137.127,59.686,146.214,,,83.674,27.805,,
2006-06-15,1,2006-07-15,126.135,146.518,,12.693,462.536,,,589.140,,12.822,15.799,,,,170.426,37.606,,18.050,83.153,,12.693,,24.520,,304.268,57.006,62.555,322.872,,,90.333,214.336,,
2006-06-15,2,2006-08-15,521.232,201.648,,4.716,233.649,,,431.774,,20.230,353.404,,,,120.770,378.221,,19.406,59.040,,106.744,,88.969,,369.835,243.844,229.684,116.367,,,267.952,383.407,,
2006-06-15,3,2006-09-15,143.367,243.939,,94.127,156.149,,,386.657,,131.670,105.010,,,,248.932,126.266,,28.191,206.998,,173.999,,124.275,,116.420,210.954,818.425,433.067,,,560.990,224.840,,
2006-06-15,4,2006-10-15,144.605,213.832,,171.238,223.908,,,316.060,,78.683,87.878,,,,446.579,76.910,,65.505,141.072,,600.809,,328.839,,93.673,288.061,154.471,234.407,,,236.747,90.304,,
2006-06-15,5,2006-11-15,88.971,111.414,,334.057,95.717,,,116.577,,37.507,83.964,,,,187.947,37.799,,34.550,65.037,,136.473,,227.881,,45.999,136.432,72.013,149.028,,,99.368,33.682,,
2006-06-15,6,2006-12-15,48.047,68.920,,106.769,40.344,,,43.399,,13.937,238.845,,,,81.988,17.167,,12.838,24.166,,53.410,,256.520,,17.092,100.195,31.429,84.095,,,36.923,12.515,,
2006-07-15,1,2006-08-15,521.232,214.110,,63.788,166.103,,,349.237,76.800,118.078,,,,,102.521,467.580,257.131,88.008,74.640,,306.526,239.398,177.606,,318.644,288.074,262.770,74.070,,,282.474,354.651,,
2006-07-15,2,2006-09-15,143.367,254.586,,217.381,131.081,,,360.548,65.066,206.657,,,,,237.516,147.019,354.472,65.078,216.499,,235.281,88.963,162.639,,102.061,225.129,830.552,404.380,,,570.272,216.536,,
2006-07-15,3,2006-10-15,144.605,204.639,,223.738,213.216,,,306.563,55.622,105.876,,,,,442.261,85.445,121.765,90.591,144.396,,626.139,33.061,347.351,,87.461,293.608,158.414,225.840,,,239.456,87.332,,
2006-07-15,4,2006-11-15,88.971,108.019,,358.328,91.787,,,113.106,51.653,48.429,,,,,186.520,41.146,123.551,45.795,66.278,,144.849,12.285,234.395,,43.636,138.438,73.486,145.752,,,100.361,32.573,,
2006-07-15,5,2006-12-15,48.047,54.943,,113.966,38.851,,,42.108,28.051,17.995,,,,,81.457,18.421,59.851,17.016,24.627,,56.538,4.565,259.086,,16.214,100.971,31.976,82.826,,,37.292,12.103,,
2006-07-15,6,2007-01-15,21.447,41.031,,42.347,14.436,,,15.646,10.423,6.687,,,,,31.558,8.150,23.290,6.323,9.151,,21.008,1.696,96.824,,6.025,45.391,251.774,83.827,,,13.857,91.168,,
2006-08-15,1,2006-09-15,143.367,345.351,,431.789,203.031,,161.914,399.894,192.086,333.997,,,,,384.386,,417.175,179.678,402.666,,259.124,129.580,253.945,,124.709,278.075,913.849,598.569,,,649.662,247.549,,
2006-08-15,2,2006-10-15,144.605,243.973,,291.593,250.824,,212.311,318.853,116.799,146.452,,,,,493.719,,137.882,159.945,201.189,,635.160,52.069,390.390,,109.281,316.316,172.000,275.127,,,258.006,97.564,,
2006-08-15,3,2006-11-15,88.971,145.762,,386.094,105.252,,518.290,117.101,81.838,64.523,,,,,203.030,,131.722,72.028,87.370,,148.088,19.348,249.035,,52.202,146.099,79.222,164.735,,,107.051,36.442,,
2006-08-15,4,2006-12-15,48.047,69.062,,123.110,44.131,,195.859,43.603,40.418,23.979,,,,,87.617,,62.889,26.764,32.465,,57.744,7.189,264.897,,19.397,104.228,34.237,90.338,,,39.778,13.541,,
2006-08-15,5,2007-01-15,21.447,46.926,,45.745,16.398,,85.808,16.202,15.019,8.912,,,,,33.847,,24.458,9.945,12.063,,21.456,2.671,98.890,,7.208,46.616,252.614,87.251,,,14.780,91.703,,
2006-08-15,6,2007-02-15,9.013,48.636,,16.998,80.615,,31.884,10.256,5.581,3.312,,,,,50.987,,9.464,3.695,6.419,,7.973,0.993,371.091,,2.678,17.807,213.656,44.834,,,5.492,40.360,,
2006-09-15,1,2006-10-15,144.605,177.394,,219.292,264.611,105.691,255.059,260.353,117.301,93.597,,,,,430.435,104.657,69.407,185.643,133.599,,,61.795,358.611,,,295.397,65.638,184.868,,,155.725,63.772,122.437,
2006-09-15,2,2006-11-15,88.971,124.060,,358.711,106.641,50.681,544.278,93.928,93.001,45.551,,,,,179.430,54.095,105.129,78.426,62.430,,,22.983,236.297,,,135.028,35.350,131.010,,,70.142,24.854,53.228,
2006-09-15,3,2006-12-15,48.047,60.395,,113.193,45.573,18.832,201.671,35.030,46.018,16.942,,,,,78.782,26.256,52.985,29.197,23.198,,,8.540,260.420,,,101.557,17.123,77.516,,,26.063,9.235,19.778,
2006-09-15,4,2007-01-15,21.447,42.728,,42.060,16.934,6.997,87.957,13.016,17.099,6.305,,,,,30.565,11.974,20.726,10.849,8.620,,,3.173,97.158,,,45.667,246.254,82.063,,,9.684,90.103,7.349,
2006-09-15,5,2007-02-15,9.013,46.919,,15.628,80.814,2.649,32.683,9.073,6.354,2.343,,,,,49.767,32.467,8.065,4.031,5.139,,,1.179,370.477,,,17.454,211.293,42.870,,,3.599,39.765,2.731,
2006-09-15,6,2007-03-15,144.311,83.365,,5.807,41.085,1.014,12.144,65.242,21.771,0.871,,,,,1129.700,19.639,2.997,1.498,32.304,,,95.595,103.899,,,6.765,93.711,15.930,,,1.337,14.975,1.015,
2006-10-15,1,2006-11-15,88.971,163.934,,438.018,103.824,74.715,601.159,75.263,,85.537,,,,,149.270,100.393,326.525,81.570,65.860,,,112.775,241.549,,,134.367,172.399,190.603,,102.867,73.477,76.042,72.466,
2006-10-15,2,2006-12-15,48.047,79.655,,117.063,50.006,31.938,205.061,32.553,,45.372,,,,,67.270,64.920,112.783,37.171,24.518,,,54.243,267.654,,,115.329,71.287,111.048,,90.476,30.902,33.364,30.140,
2006-10-15,3,2007-01-15,21.447,53.092,,43.498,18.581,11.868,89.116,12.096,,19.373,,,,,26.287,30.151,48.545,13.812,9.110,,,20.155,97.924,,,51.113,266.381,113.201,,45.590,11.482,122.349,11.199,
2006-10-15,4,2007-02-15,9.013,50.747,,16.163,81.426,4.459,33.114,8.731,,7.199,,,,,48.178,39.221,19.475,5.132,5.321,,,7.489,371.382,,,19.478,218.771,55.301,,16.940,4.267,48.740,4.161,
2006-10-15,5,2007-03-15,144.311,83.825,,6.006,41.313,1.687,12.304,65.115,,2.675,,,,,1129.109,22.149,7.236,1.907,32.372,,,97.940,104.063,,,7.517,96.490,20.549,,6.295,1.585,18.633,1.546,
2006-10-15,6,2007-04-15,64.603,60.065,,2.232,79.271,66.268,4.572,37.219,,0.994,,,,,558.678,8.230,5.963,275.157,20.009,,,41.553,39.567,,,2.793,40.728,7.635,,2.339,0.589,6.924,0.575,
2006-11-15,1,2006-12-15,48.047,63.774,,41.065,41.065,41.393,88.619,41.065,,77.958,,,,,41.065,84.464,46.610,41.870,41.065,,,41.065,173.106,,,138.391,41.065,90.611,,,41.065,57.798,42.369,
2006-11-15,2,2007-01-15,21.447,52.883,,15.259,15.259,15.575,45.457,15.259,,39.972,,,,,16.550,40.369,22.245,16.033,15.259,,,15.259,70.753,,,56.675,255.151,117.330,,,15.259,200.596,16.514,
2006-11-15,3,2007-02-15,9.013,51.840,,5.670,80.191,5.837,16.891,9.906,,14.852,,,,,44.560,43.018,9.451,5.957,7.606,,,5.670,357.576,,,21.544,214.599,56.836,,,5.670,72.994,6.136,
2006-11-15,4,2007-03-15,144.311,87.755,,2.107,40.854,2.199,6.276,65.552,,5.519,,,,,1127.765,23.560,3.512,2.214,33.221,,,97.264,99.955,,,8.285,94.939,21.119,,,2.107,28.611,2.280,
2006-11-15,5,2007-04-15,64.603,63.047,,0.783,79.101,66.458,2.332,37.381,,2.051,,,,,558.178,8.754,4.579,275.271,20.324,,,41.301,38.041,,,3.079,40.152,7.847,,,0.783,10.631,0.847,
2006-11-15,6,2007-05-15,62.870,110.512,,1.084,132.806,272.275,0.867,14.759,,0.762,,,,,323.111,206.891,184.097,899.527,7.552,,,15.347,14.135,,,3.732,15.266,2.916,,,0.332,3.951,0.315,
2006-12-15,1,2007-01-15,21.447,58.598,21.447,21.447,21.447,21.447,21.447,21.447,,21.447,,,,,33.939,21.447,33.954,21.447,21.447,,,31.374,21.447,,,21.447,432.149,87.887,,,,215.241,21.447,
2006-12-15,2,2007-02-15,9.013,64.220,156.208,7.969,82.491,8.019,7.969,12.205,,7.969,,,,,96.857,35.987,17.837,7.969,13.792,,,16.547,339.255,,,8.454,269.329,45.958,,,,77.403,7.969,
2006-12-15,3,2007-03-15,144.311,103.906,201.654,2.961,41.709,3.009,2.961,66.406,,2.961,,,,,1202.941,20.947,6.628,2.961,48.155,,,110.648,93.148,,,3.421,113.228,17.077,,,,30.434,2.961,
2006-12-15,4,2007-04-15,64.603,74.841,199.494,1.100,79.418,66.759,1.100,37.699,,1.100,,,,,570.457,7.783,5.737,275.549,26.469,,,46.177,35.512,,,1.271,47.589,6.345,,,,11.309,1.100,
2006-12-15,5,2007-05-15,62.870,119.326,158.743,1.202,132.924,272.387,0.409,14.877,,0.409,,,,,327.054,206.530,184.528,899.631,9.835,,,17.158,13.195,,,3.061,18.276,2.358,,,,4.202,0.409,
2006-12-15,6,2007-06-15,102.984,232.239,101.004,44.325,411.738,214.704,0.152,74.750,,29.286,,,,,410.638,522.361,313.685,1054.438,20.684,,,6.376,4.903,,,7.236,118.546,0.876,,,,422.470,654.365,
2007-01-15,1,2007-02-15,9.013,40.283,,156.208,7.969,82.491,8.019,7.969,12.205,,7.969,,,,,45.695,35.987,7.969,7.969,9.905,,,7.969,339.255,,,8.454,27.747,7.969,,7.969,,7.969,7.969
2007-01-15,2,2007-03-15,144.311,86.750,,201.654,2.961,41.709,3.009,2.961,66.406,,2.961,,,,,1128.187,20.947,2.961,2.961,34.075,,,98.118,93.148,,,3.421,17.676,2.961,,2.961,,2.961,2.961
2007-01-15,3,2007-04-15,64.603,67.167,,199.494,1.100,79.418,66.759,1.100,37.699,,1.100,,,,,558.335,7.783,4.374,275.549,20.642,,,41.619,35.512,,,1.271,7.179,1.100,,1.100,,1.100,1.100
2007-01-15,4,2007-05-15,62.870,111.904,,158.743,1.202,132.924,272.387,0.409,14.877,,0.409,,,,,323.170,206.530,184.021,899.631,7.670,,,15.465,13.195,,,3.061,2.667,0.409,,0.502,,0.409,0.409
2007-01-15,5,2007-06-15,102.984,215.905,,101.004,44.325,411.738,214.704,0.152,74.750,,29.286,,,,,409.203,522.361,313.497,1054.438,19.879,,,5.746,4.903,,,7.236,31.046,0.152,,0.301,,419.013,654.365
2007-01-15,6,2007-07-15,51.332,260.373,,50.805,629.263,390.141,369.749,423.479,878.136,,38.067,,,,,233.598,184.001,165.339,388.462,126.165,,,15.697,265.959,,,105.483,432.591,0.056,,53.146,,278.634,178.697
2007-02-15,1,2007-03-15,144.311,50.743,,6.717,3.917,3.917,3.917,3.917,15.979,,3.917,,,,,806.886,3.917,3.917,3.917,22.113,,,104.409,3.917,,,3.917,3.917,3.917,,3.917,,3.917,3.917
2007-02-15,2,2007-04-15,64.603,49.318,,20.364,1.455,13.374,67.097,1.455,10.657,,1.455,,,,,518.313,1.455,4.729,275.904,14.485,,,45.433,1.455,,,1.455,1.455,1.455,,1.455,,1.455,1.455
2007-02-15,3,2007-05-15,62.870,98.531,,45.997,1.334,59.854,272.512,0.541,3.960,,0.541,,,,,312.519,160.716,184.153,899.763,5.382,,,16.882,0.541,,,3.129,0.541,0.541,,0.634,,0.541,0.541
2007-02-15,4,2007-06-15,102.984,204.941,,47.919,44.374,360.263,214.750,0.201,17.413,,29.335,,,,,405.286,504.086,313.546,1054.487,19.029,,,6.273,0.201,,,7.261,0.375,0.201,,0.350,,419.062,654.414
2007-02-15,5,2007-07-15,51.332,244.030,,28.767,629.282,375.804,369.766,446.743,813.896,,38.086,,,,,232.201,179.666,165.357,388.480,125.849,,,15.892,123.941,,,105.493,330.774,0.075,,53.165,,278.653,178.715
2007-02-15,6,2007-08-15,209.265,271.132,,13.686,252.964,158.418,562.576,410.966,158.033,,423.700,,,,,518.675,283.981,103.045,161.279,521.126,,,62.641,166.876,,,263.339,114.331,599.546,,241.780,,262.332,143.348
2007-03-15,1,2007-04-15,64.603,131.934,,114.846,59.768,242.163,369.096,59.768,60.629,,61.838,,,,60.058,260.553,59.768,145.711,658.139,61.049,,,,59.768,,,59.768,61.242,59.768,,60.631,,59.768,64.338
2007-03-15,2,2007-05-15,62.870,178.085,,106.962,123.982,213.703,415.814,40.605,23.163,,24.103,,,,60.605,241.284,430.173,444.039,993.598,23.412,,,,22.209,,,176.563,31.078,22.209,,96.435,,31.529,40.238
2007-03-15,3,2007-06-15,102.984,302.589,,79.174,216.128,447.909,255.952,41.054,62.171,,271.043,,,,217.327,378.928,578.247,386.248,1076.704,30.451,,,,9.194,,,120.621,150.224,8.252,,72.768,,636.526,1012.869
2007-03-15,4,2007-07-15,51.332,330.927,,41.919,716.170,401.593,385.155,718.862,859.776,,128.356,,,,385.397,223.225,198.147,188.444,396.320,150.364,,,,362.245,,,203.903,535.258,3.066,,203.653,,310.911,205.767
2007-03-15,5,2007-08-15,209.265,300.446,,19.098,276.933,167.618,568.160,445.657,166.742,,485.811,,,,174.696,515.325,291.005,111.768,164.188,531.056,,,,236.435,,,301.831,153.107,658.154,,314.015,,273.132,154.181
2007-03-15,6,2007-09-15,207.943,265.725,,174.094,172.139,117.879,175.768,391.108,107.105,,133.863,,,,273.157,161.612,366.776,72.971,257.533,146.034,,,,347.922,,,844.642,450.293,215.916,,582.553,,128.227,194.904
2007-04-15,1,2007-05-15,62.870,85.701,,26.450,78.396,,69.787,33.003,26.450,,26.450,,,,30.502,31.096,387.821,164.125,474.663,26.450,,,26.459,26.450,,,101.030,26.450,26.450,,45.600,,59.938,26.450
2007-04-15,2,2007-06-15,102.984,219.838,,9.828,182.170,,127.719,27.289,14.417,,160.387,,,,143.801,165.635,571.250,310.957,995.494,34.198,,,10.940,10.473,,,90.859,36.625,9.828,,31.542,,629.197,834.146
2007-04-15,3,2007-07-15,51.332,276.965,,3.652,703.994,,334.804,617.601,763.877,,99.866,,,,325.422,163.269,196.699,165.161,372.413,141.840,,,32.935,312.983,,,188.547,465.326,3.652,,141.516,,312.349,193.393
2007-04-15,4,2007-08-15,209.265,294.425,,1.357,273.046,,550.601,433.721,154.122,,468.091,,,,159.297,490.682,290.444,102.944,155.361,528.092,,,77.864,222.814,,,296.161,135.815,834.832,,290.094,,273.880,149.277
2007-04-15,5,2007-09-15,207.943,256.852,,77.904,170.695,,169.375,387.402,102.147,,128.903,,,,266.260,153.047,366.569,69.631,254.239,145.411,,,98.226,341.756,,,842.558,443.359,228.624,,569.469,,128.522,192.946
2007-04-15,6,2007-10-15,615.638,186.020,,157.231,229.627,,208.087,316.338,72.104,,98.945,,,,452.996,87.862,126.134,91.560,157.924,145.396,,,294.556,111.791,,,162.079,237.735,358.319,,239.445,,88.464,83.803
2007-05-15,1,2007-06-15,102.984,222.214,,34.394,95.107,,,35.324,103.009,34.127,383.736,,,,118.582,179.285,336.731,149.131,730.473,340.782,,,39.272,40.123,,319.658,34.607,106.106,33.839,,33.839,,584.729,933.646
2007-05-15,2,2007-07-15,51.332,278.694,,13.158,661.827,,,676.291,888.313,17.713,152.061,,,,334.921,170.295,152.559,118.914,332.732,315.576,,,59.941,444.424,,251.746,109.937,514.770,12.907,,106.346,,311.814,206.337
2007-05-15,3,2007-08-15,209.265,290.317,,4.920,261.965,,,439.892,174.063,50.968,497.092,,,,161.159,494.540,272.952,84.092,141.243,589.950,,,138.347,252.138,,335.503,264.373,148.565,1079.577,,277.389,,273.683,154.236
2007-05-15,4,2007-09-15,207.943,262.271,,115.243,166.587,,,389.135,109.881,172.054,137.478,,,,267.558,154.307,360.142,62.026,248.836,164.419,,,148.189,354.208,,241.887,831.036,448.432,245.490,,567.477,,128.445,194.860
2007-05-15,5,2007-10-15,615.638,190.176,,183.133,228.081,,,316.959,75.081,93.503,102.340,,,,453.425,88.336,123.772,88.308,155.927,152.652,,,341.086,115.942,,299.900,158.202,239.566,366.020,,238.525,,88.429,84.509
2007-05-15,6,2007-11-15,141.188,106.780,,339.646,97.264,,,116.905,60.311,43.648,90.107,,,,190.374,42.262,124.328,44.864,70.563,91.973,,,232.138,43.081,,140.761,73.426,150.956,116.498,,100.017,,40.208,33.044
2007-06-15,1,2007-07-15,51.332,282.042,,52.979,618.631,,,748.641,845.949,61.423,,,,,306.521,114.726,73.322,85.830,202.309,254.700,,,92.709,,452.497,164.827,168.611,472.540,,,206.632,350.969,,84.981
2007-06-15,2,2007-08-15,209.265,247.454,,21.265,259.482,,,456.515,172.092,76.074,,,,,156.271,464.360,224.635,66.451,100.136,568.429,,,160.869,,401.890,302.303,288.713,144.239,,,315.904,423.534,,98.466
2007-06-15,3,2007-09-15,207.943,263.914,,172.106,165.705,,,395.117,108.974,185.357,,,,,265.477,145.735,343.094,53.750,230.506,156.881,,,156.668,,126.827,230.394,839.920,446.088,,,583.122,237.694,,170.947
2007-06-15,4,2007-10-15,615.638,185.176,,206.861,227.695,,,319.174,74.689,98.295,,,,,452.618,85.003,117.848,84.038,149.300,149.828,,,344.858,,97.832,295.529,161.285,238.816,,,243.712,95.086,,75.884
2007-06-15,5,2007-11-15,141.188,107.344,,351.144,97.124,,,117.726,60.137,45.504,,,,,190.092,40.992,121.986,43.189,68.094,90.923,,,233.487,,47.549,139.157,74.578,150.673,,,101.933,35.460,,29.785
2007-06-15,6,2007-12-15,55.174,55.376,,111.666,40.873,,,43.826,31.432,16.908,,,,,82.788,18.378,59.269,16.048,25.302,48.781,,,258.737,,17.668,101.234,32.387,84.717,,,37.876,13.176,,11.068
2007-07-15,1,2007-08-15,209.265,137.919,,19.158,,,,252.285,22.451,49.592,,,,160.301,39.416,,166.684,29.032,22.073,415.756,,,,100.485,223.671,195.525,172.853,21.754,,,196.513,257.070,,
2007-07-15,2,2007-09-15,207.943,257.901,,158.792,,,,332.436,27.480,162.729,,,,451.760,188.586,,321.924,30.544,162.166,122.356,,,,288.985,79.073,195.759,795.442,343.114,,,532.661,190.503,,
2007-07-15,3,2007-10-15,615.638,160.788,,201.483,,,,296.627,34.436,90.436,,,,126.915,423.482,,111.385,68.869,125.651,135.701,,,,95.302,75.974,281.706,148.895,209.718,,,228.834,77.974,,
2007-07-15,4,2007-11-15,141.188,95.103,,348.655,,,,109.570,39.958,42.352,,,,51.171,180.465,,119.112,37.115,59.231,85.616,,,,35.412,39.148,134.200,69.796,139.392,,,96.482,29.080,,
2007-07-15,5,2007-12-15,55.174,41.998,,110.935,,,,40.791,23.044,15.737,,,,19.014,79.192,,58.199,13.791,22.009,46.759,,,,13.158,14.547,99.292,30.575,80.275,,,35.850,10.805,,
2007-07-15,6,2008-01-15,20.501,38.731,,41.221,,,,15.157,8.563,5.847,,,,7.065,30.717,,22.665,5.124,8.178,20.958,,,,4.889,5.405,44.764,251.253,82.620,,,13.321,90.686,,
2007-08-15,1,2007-09-15,207.943,328.429,,379.530,,,,,142.558,282.392,,,,489.415,332.466,,364.960,,350.567,94.985,,82.665,,358.059,78.254,227.154,860.270,545.653,,200.682,596.525,197.165,,
2007-08-15,2,2007-10-15,615.638,174.991,,273.147,,,,,97.635,128.096,,,,133.641,474.801,,119.941,,182.863,124.105,,34.105,,111.135,89.165,296.967,154.605,257.131,,178.027,240.143,79.342,,
2007-08-15,3,2007-11-15,141.188,101.793,,379.141,,,,,74.247,57.624,,,,53.874,196.214,,124.652,,80.563,81.244,,12.673,,41.295,44.652,139.053,72.659,158.009,,84.484,100.450,29.649,,
2007-08-15,4,2007-12-15,55.174,45.815,,120.576,,,,,37.529,21.415,,,,20.018,85.085,,60.262,,29.935,45.080,,4.709,,15.344,16.592,101.536,31.780,87.813,,52.832,37.325,11.017,,
2007-08-15,5,2008-01-15,20.501,40.655,,44.803,,,,,13.945,7.959,,,,7.438,32.906,,23.474,,11.123,20.320,,1.750,,5.702,6.165,45.614,251.701,86.276,,27.320,13.869,90.765,,
2007-08-15,6,2008-02-15,7.618,25.806,,16.648,,,,,5.182,2.957,,,,3.924,50.637,,9.097,,6.069,8.594,,0.650,,2.119,2.291,17.434,213.317,44.469,,10.151,5.153,40.011,,
2007-09-15,1,2007-10-15,615.638,164.387,,267.475,,,,,155.848,128.636,,91.034,93.510,94.515,487.728,,97.573,,174.002,,,83.859,,83.805,273.676,,91.325,,,219.270,198.848,89.085,,
2007-09-15,2,2007-11-15,141.188,95.759,,379.710,,,,,112.822,60.290,,63.237,39.835,40.552,192.856,,130.934,,76.856,,,32.081,,32.038,99.192,,52.735,,,98.339,84.023,36.636,,
2007-09-15,3,2007-12-15,55.174,43.967,,119.090,,,,,54.027,22.479,,109.660,14.802,15.068,83.763,,62.466,,28.558,,,11.921,,11.905,36.858,,25.095,,,62.953,31.221,13.613,,
2007-09-15,4,2008-01-15,20.501,38.329,,44.251,,,,,20.075,8.397,,54.657,5.500,5.599,32.415,,24.631,,10.612,,,4.429,,4.424,13.695,,249.217,,,32.036,11.601,91.729,,
2007-09-15,5,2008-02-15,7.618,24.772,,16.443,,,,,7.459,3.120,,20.768,2.044,3.240,50.455,,9.594,,5.879,,,1.646,,1.644,5.089,,212.394,,,11.904,4.311,40.370,,
2007-09-15,6,2008-03-15,2.831,92.692,,6.110,,,,,22.182,1.159,,7.717,0.759,64.963,1129.955,,3.565,,32.579,,,95.769,,0.611,2.351,,94.120,,,4.423,1.602,15.200,,
2007-10-15,1,2007-11-15,141.188,226.705,,535.567,,149.862,,,271.651,163.599,,301.772,138.795,139.732,234.526,,421.284,,136.764,,,195.135,,211.525,137.331,,258.619,,,183.984,147.140,,,
2007-10-15,2,2007-12-15,55.174,98.375,,145.667,,61.664,,,108.791,78.408,,262.849,53.045,53.840,98.311,,143.047,,51.188,,,85.327,,91.488,51.720,,102.276,,,126.965,59.411,,,
2007-10-15,3,2008-01-15,20.501,53.629,,54.126,,22.913,,,40.424,32.404,,106.629,19.710,20.006,37.821,,60.449,,19.020,,,31.706,,33.995,19.218,,277.895,,,59.677,22.076,,,
2007-10-15,4,2008-02-15,7.618,30.220,,20.112,,8.563,,,15.021,12.041,,41.398,7.324,8.593,52.463,,24.022,,9.004,,,11.781,,12.632,7.141,,223.050,,,22.175,8.203,,,
2007-10-15,5,2008-03-15,2.831,94.710,,7.473,,3.212,,,24.991,4.474,,15.459,2.721,66.953,1130.701,,8.926,,33.740,,,99.534,,4.694,3.114,,98.080,,,8.240,3.048,,,
2007-10-15,6,2008-04-15,1.052,73.487,,2.777,,66.835,,,254.253,1.662,,5.744,126.286,41.033,559.269,,6.591,,20.517,,,42.145,,1.744,1.425,,41.319,,,3.062,1.133,,,
2007-11-15,1,2007-12-15,55.174,69.914,,55.174,,55.174,86.854,,55.174,80.196,,178.977,55.174,55.174,55.174,,,,55.174,,,55.174,,55.174,55.174,,55.174,,,110.505,55.174,,,
2007-11-15,2,2008-01-15,20.501,43.753,,20.501,,20.501,42.973,,20.501,38.087,,77.670,20.501,20.501,21.792,,,,20.501,,,20.501,,20.501,20.501,,260.393,,,54.120,20.501,,,
2007-11-15,3,2008-02-15,7.618,26.414,,7.618,,7.667,15.968,,7.618,14.152,,30.017,7.618,8.778,46.508,,,,9.554,,,7.618,,7.618,7.618,,216.547,,,20.110,7.618,,,
2007-11-15,4,2008-03-15,2.831,93.292,,2.831,,2.879,5.933,,22.240,5.259,,11.170,2.831,67.021,1128.488,,,,33.945,,,97.988,,2.831,3.291,,95.663,,,7.472,2.831,,,
2007-11-15,5,2008-04-15,1.052,72.756,,1.052,,66.711,2.205,,253.231,1.954,,4.151,126.326,41.059,558.447,,,,20.593,,,41.570,,1.052,1.491,,40.421,,,2.777,1.052,,,
2007-11-15,6,2008-05-15,0.391,106.520,,1.184,,272.369,0.819,,83.013,0.726,,1.542,888.018,92.474,323.211,,,,7.652,,,15.447,,0.391,0.554,,15.366,,,1.125,0.432,,,
2007-12-15,1,2008-01-15,20.501,41.076,20.501,,,20.501,20.501,,22.617,20.501,,20.501,20.501,20.501,23.441,,,,20.501,,,22.180,,20.501,20.501,20.501,363.530,,,20.501,20.501,,,
2007-12-15,2,2008-02-15,7.618,34.167,155.856,,,7.667,7.618,,9.537,7.618,,7.618,7.618,8.778,61.183,,,,10.357,,,9.191,,7.618,7.618,8.103,249.231,,,7.618,7.618,,,
2007-12-15,3,2008-03-15,2.831,101.131,201.524,,,2.879,2.831,,22.954,2.831,,2.831,2.831,67.021,1157.329,,,,34.650,,,99.272,,2.831,3.291,3.291,107.205,,,2.831,2.831,,,
2007-12-15,4,2008-04-15,1.052,80.423,199.446,,,66.711,1.052,,253.496,1.052,,1.052,126.326,41.059,562.862,,,,20.855,,,42.404,,1.052,1.491,1.223,45.014,,,1.052,1.052,,,
2007-12-15,5,2008-05-15,0.391,109.767,158.725,,,272.369,0.391,,83.111,0.391,,0.391,888.018,92.474,324.594,,,,7.749,,,15.756,,0.391,0.554,3.043,17.163,,,0.484,0.432,,,
2007-12-15,6,2008-06-15,0.145,121.602,100.997,,,214.697,0.145,,50.803,29.279,,242.932,586.569,245.329,409.729,,,,19.908,,,5.855,,22.295,4.932,7.229,115.562,,,0.294,10.674,,,
2008-01-15,1,2008-02-15,7.618,19.934,,155.856,,,7.667,7.618,,7.618,7.618,,7.618,7.618,8.778,45.344,,,,9.554,,,7.618,,7.618,7.618,8.103,27.395,,,7.618,7.618,,
2008-01-15,2,2008-03-15,2.831,93.976,,201.524,,,2.879,2.831,,22.240,2.831,,2.831,2.831,67.021,1128.056,,,,33.945,,,97.988,,2.831,3.291,3.291,17.546,,,2.831,2.831,,
2008-01-15,3,2008-04-15,1.052,77.846,,199.446,,,66.711,1.052,,253.231,1.052,,1.052,126.326,41.059,558.286,,,,20.593,,,41.570,,1.052,1.491,1.223,7.130,,,1.052,1.052,,
2008-01-15,4,2008-05-15,0.391,108.798,,158.725,,,272.369,0.391,,83.013,0.391,,0.391,888.018,92.474,323.152,,,,7.652,,,15.447,,0.391,0.554,3.043,2.649,,,0.484,0.432,,
2008-01-15,5,2008-06-15,0.145,116.587,,100.997,,,214.697,0.145,,50.766,29.279,,242.932,586.569,245.329,409.196,,,,19.872,,,5.740,,22.295,4.932,7.229,31.040,,,0.294,10.674,,
2008-01-15,6,2008-07-15,0.054,219.273,,50.802,,,369.746,423.477,,45.496,38.065,,314.447,372.929,393.962,233.595,,,,126.163,,,15.694,,396.952,88.127,105.481,432.589,,,53.144,266.968,,
2008-02-15,1,2008-03-15,2.831,57.763,,3.190,,,2.831,2.831,,22.240,2.831,,2.831,2.831,24.882,781.049,,,,21.027,,,97.988,,2.831,3.291,2.831,2.831,,,2.831,2.831,,
2008-02-15,2,2008-04-15,1.052,62.233,,15.693,,,66.693,1.052,,253.231,1.052,,1.052,126.326,16.167,514.300,,,,14.081,,,41.570,,1.052,1.491,1.052,1.052,,,1.052,1.052,,
2008-02-15,3,2008-05-15,0.391,97.972,,37.205,,,272.362,0.391,,83.013,0.391,,0.391,888.018,46.319,311.523,,,,5.232,,,15.447,,0.391,0.554,2.979,0.391,,,0.484,0.432,,
2008-02-15,4,2008-06-15,0.145,109.092,,43.339,,,214.694,0.145,,50.766,29.279,,242.932,586.569,211.492,404.912,,,,18.973,,,5.740,,22.295,4.932,7.205,0.320,,,0.294,10.674,,
2008-02-15,5,2008-07-15,0.054,211.002,,26.970,,,369.745,423.477,,45.496,38.065,,314.447,372.929,380.902,232.070,,,,125.828,,,15.694,,396.952,88.127,105.472,330.753,,,53.144,266.968,,
2008-02-15,6,2008-08-15,0.134,292.682,,12.927,,,562.568,406.524,,79.022,423.693,,208.737,338.532,173.269,518.626,,,,521.118,,,62.567,,385.368,269.979,263.331,114.323,,,241.772,393.230,,
2008-03-15,1,2008-04-15,1.052,16.552,,1.781,,,66.693,1.052,,55.483,1.052,,1.052,126.326,1.052,18.485,,,,1.052,,,1.052,,1.052,1.052,1.052,1.052,,,1.052,1.052,,
2008-03-15,2,2008-05-15,0.391,75.733,,4.536,,,272.362,0.391,,31.499,0.391,,0.391,888.018,0.391,83.631,,,,0.391,,,0.391,,0.391,0.391,2.979,0.391,,,0.484,0.432,,
2008-03-15,3,2008-06-15,0.145,87.973,,8.842,,,214.694,0.145,,15.403,29.279,,242.932,586.569,33.838,304.252,,,,17.174,,,0.145,,22.295,1.482,7.205,0.320,,,0.294,10.674,,
2008-03-15,4,2008-07-15,0.054,195.313,,6.981,,,369.745,411.817,,15.158,38.065,,314.447,372.929,241.827,200.077,,,,125.160,,,0.054,,396.952,70.777,105.472,330.753,,,53.144,266.968,,
2008-03-15,5,2008-08-15,0.134,283.979,,3.513,,,562.568,404.558,,54.590,423.693,,208.737,338.532,136.721,506.575,,,,520.869,,,9.829,,385.368,259.440,263.331,114.323,,,241.772,393.230,,
2008-03-15,6,2008-09-15,0.118,267.387,,91.300,,,173.704,378.264,,174.164,117.049,,122.252,515.890,255.875,158.409,,,,143.232,,,46.718,,120.946,215.734,830.557,432.662,,,541.194,227.629,,
2008-04-15,1,2008-05-15,0.391,16.768,,0.391,,,,0.391,,0.391,0.391,,0.391,262.249,0.391,0.391,,15.472,,0.391,,,0.391,,0.391,0.391,1.857,0.391,,,0.391,0.391,,
2008-04-15,2,2008-06-15,0.145,51.092,,0.145,,,,0.145,,0.145,24.629,,71.478,492.381,25.385,19.853,,194.066,,17.174,,,0.145,,15.706,1.482,5.400,0.145,,,0.145,0.145,,
2008-04-15,3,2008-07-15,0.054,149.039,,0.054,,,,401.142,,0.054,33.495,,249.779,346.155,210.853,82.436,,130.902,,125.160,,,0.054,,388.350,70.777,103.760,262.697,,,31.937,96.059,,
2008-04-15,4,2008-08-15,0.134,240.092,,0.020,,,,403.226,,0.020,418.212,,188.744,328.651,126.725,447.315,,89.632,,520.869,,,9.829,,383.365,259.440,262.725,104.399,,,223.494,314.901,,
2008-04-15,5,2008-09-15,0.118,240.804,,4.835,,,,377.850,,3.993,115.849,,114.784,512.223,249.519,140.203,,64.476,,143.232,,,46.718,,120.254,215.734,830.334,426.823,,,520.937,205.898,,
2008-04-15,6,2008-10-15,0.044,161.450,,60.198,,,,312.863,,4.104,93.546,,52.300,146.646,447.038,82.914,,89.490,,144.555,,,225.023,,95.311,289.932,157.907,232.393,,,227.305,83.128,,
2008-05-15,1,2008-06-15,0.145,16.478,,0.145,,,,,,0.145,55.031,,126.510,10.227,0.162,0.145,,,,49.709,0.145,,0.145,,0.656,20.041,0.145,0.145,,,0.145,0.145,,
2008-05-15,2,2008-07-15,0.054,91.902,,0.054,,,,,,0.054,56.896,,279.034,163.947,104.687,26.512,,,,172.013,0.054,,0.054,,265.216,120.460,0.054,208.717,,,0.054,72.621,,
2008-05-15,3,2008-08-15,0.134,194.484,,0.020,,,,,,0.020,439.401,,197.644,257.869,88.833,363.194,,,,540.599,21.558,,7.873,,354.401,285.519,62.659,94.034,,,119.468,278.656,,
2008-05-15,4,2008-09-15,0.118,216.705,,1.188,,,,,,15.524,121.038,,118.109,485.954,211.234,122.938,,,,148.842,114.063,,43.433,,111.736,224.306,712.671,420.677,,,419.338,196.223,,
2008-05-15,5,2008-10-15,0.044,176.984,,44.551,,,,,,14.629,95.748,,53.547,137.371,433.146,75.458,,,,146.731,565.911,,234.347,,91.638,293.271,132.712,230.458,,,202.987,79.233,,
2008-05-15,6,2008-11-15,0.016,96.824,,236.889,,,,,,7.410,87.500,,19.913,55.125,183.706,37.215,,,,89.765,127.206,,193.070,,45.265,138.317,63.402,147.546,,,87.296,29.564,,
2008-06-15,1,2008-07-15,0.054,5.209,,0.054,,,,,,0.054,,,0.054,0.238,0.416,,0.054,0.054,,0.054,0.054,,0.054,,32.251,0.054,0.054,39.090,,,0.054,15.914,,0.054
2008-06-15,2,2008-08-15,0.134,57.295,,0.020,,,,,,0.020,,,19.611,84.252,17.299,,0.741,0.020,,238.881,0.020,,0.020,,219.374,28.077,31.459,29.240,,,112.475,192.491,,0.020
2008-06-15,3,2008-09-15,0.118,142.979,,0.057,,,,,,4.779,,,32.781,312.924,117.041,,118.396,0.007,,92.592,35.415,,12.433,,77.379,85.983,637.140,345.012,,,386.919,166.666,,5.114
2008-06-15,4,2008-10-15,0.044,130.394,,29.185,,,,,,5.110,,,18.613,96.985,385.467,,50.099,2.829,,120.424,438.314,,172.143,,73.520,226.281,123.530,209.727,,,192.833,67.378,,4.265
2008-06-15,5,2008-11-15,0.016,78.015,,218.833,,,,,,2.572,,,6.916,39.402,169.463,,75.231,2.497,,79.603,105.707,,162.967,,38.495,114.646,59.445,140.143,,,83.603,25.151,,1.585
2008-06-15,6,2008-12-15,0.006,45.650,,77.882,,,,,,0.956,,,2.570,14.641,74.874,,40.591,0.928,,44.319,41.402,,224.239,,14.304,91.228,26.625,80.485,,,31.065,9.346,,0.589
2008-07-15,1,2008-08-15,0.134,5.019,,0.020,,,,,0.020,0.020,,,0.020,0.762,0.020,,0.152,0.020,0.020,57.479,0.697,,0.020,,7.476,2.889,0.594,0.020,,,,15.091,,
2008-07-15,2,2008-09-15,0.118,63.160,,0.358,,,,,0.007,5.888,,,0.007,191.209,6.222,,106.337,0.007,1.696,36.016,66.279,,1.525,,6.253,31.600,487.688,56.440,,,,76.182,,
2008-07-15,3,2008-10-15,0.044,85.814,,40.668,,,,,0.003,6.410,,,0.003,66.591,223.006,,45.681,0.980,6.496,77.534,458.927,,135.045,,6.502,163.190,106.153,86.684,,,,34.961,,
2008-07-15,4,2008-11-15,0.016,60.252,,233.287,,,,,0.001,3.267,,,0.001,27.418,122.336,,69.784,0.925,4.888,59.165,110.289,,146.689,,4.580,89.476,51.188,87.981,,,,13.007,,
2008-07-15,5,2008-12-15,0.006,38.216,,81.619,,,,,0.000,1.214,,,0.000,10.188,56.025,,37.902,0.344,1.816,35.068,43.155,,215.778,,1.702,79.911,23.261,56.848,,,,4.833,,
2008-07-15,6,2009-01-15,0.002,36.998,,30.328,,,,,0.000,0.451,,,0.000,3.786,22.109,,14.950,0.128,0.675,16.078,16.036,,83.419,,0.632,37.414,248.535,65.960,,,,88.467,,
2008-08-15,1,2008-09-15,0.118,71.670,,58.912,,,,,0.119,30.069,,,0.394,128.678,30.883,,71.241,,44.680,0.118,12.914,,8.006,,0.118,7.740,427.121,174.278,,,205.439,17.674,,
2008-08-15,2,2008-10-15,0.044,99.767,,141.216,,,,,0.652,25.885,,,0.309,55.368,310.209,,35.138,,60.044,3.186,366.118,,161.911,,0.044,117.130,100.621,154.595,,,150.995,12.622,,
2008-08-15,3,2008-11-15,0.016,68.699,,316.288,,,,,4.289,12.982,,,0.115,22.396,148.931,,57.684,,33.347,10.190,91.332,,159.198,,0.016,70.519,47.956,119.071,,,68.876,4.690,,
2008-08-15,4,2008-12-15,0.006,40.472,,102.193,,,,,3.556,4.824,,,0.043,8.322,67.093,,32.070,,12.391,9.199,35.787,,222.498,,0.006,69.880,21.806,71.026,,,25.593,1.743,,
2008-08-15,5,2009-01-15,0.002,37.998,,37.973,,,,,1.321,1.792,,,0.016,3.092,26.221,,12.676,,4.604,4.532,13.298,,85.522,,0.002,33.623,247.995,76.466,,,9.510,87.319,,
2008-08-15,6,2009-02-15,0.001,44.380,,14.110,,,,,0.491,0.666,,,0.006,2.309,48.153,,5.026,,3.647,2.728,4.941,,364.732,,0.001,12.979,211.940,40.468,,,3.534,38.731,,
2008-09-15,1,2008-10-15,0.044,8.083,,0.243,,,,,0.044,0.044,,,0.044,0.044,48.147,,0.044,,0.044,0.044,77.892,,,,0.044,10.558,0.044,0.044,,0.044,0.044,0.044,,
2008-09-15,2,2008-11-15,0.016,10.635,,76.786,,,,,0.016,0.016,,,0.016,0.016,51.438,,3.945,,0.016,0.016,36.326,,,,0.016,10.950,0.016,1.179,,0.016,0.016,0.016,,
2008-09-15,3,2008-12-15,0.006,6.651,,41.440,,,,,0.006,0.006,,,0.006,0.006,26.427,,3.290,,0.006,0.006,13.615,,,,0.006,25.597,0.006,1.841,,0.793,0.006,0.006,,
2008-09-15,4,2009-01-15,0.002,22.816,,15.398,,,,,0.002,0.002,,,0.002,0.002,11.111,,1.652,,0.002,0.002,5.059,,,,0.002,15.823,239.894,11.518,,0.734,0.002,86.673,,
2008-09-15,5,2009-02-15,0.001,18.715,,5.722,,,,,0.001,0.001,,,0.001,1.161,42.539,,0.864,,1.937,1.044,1.880,,,,0.001,6.365,208.930,8.946,,0.273,0.001,38.491,,
2008-09-15,6,2009-03-15,95.157,88.241,,2.126,,,,,19.410,0.000,,,0.000,64.191,1127.014,,0.321,,31.115,141.350,0.698,,,,0.460,2.645,92.833,3.324,,0.101,0.000,14.502,,
2008-10-15,1,2008-11-15,0.016,8.532,,25.936,,0.016,106.010,,0.016,0.016,,,,0.016,0.016,,3.945,,0.016,,0.016,,,,0.016,0.016,0.016,0.424,,0.016,0.016,,,
2008-10-15,2,2008-12-15,0.006,6.420,,18.671,,0.006,71.811,,0.006,0.006,,,,0.006,0.006,,3.290,,0.006,,0.006,,,,0.006,7.269,0.006,0.823,,0.793,0.006,,,
2008-10-15,3,2009-01-15,0.002,18.842,,6.938,,0.002,35.494,,0.002,0.002,,,,0.002,1.293,,1.652,,0.002,,0.002,,,,0.002,6.078,239.894,9.371,,0.734,0.002,,,
2008-10-15,4,2009-02-15,0.001,17.381,,2.578,,0.050,13.189,,0.001,0.001,,,,1.161,38.891,,0.864,,1.937,,0.001,,,,0.001,2.744,208.930,7.477,,0.273,0.001,,,
2008-10-15,5,2009-03-15,95.157,84.005,,0.958,,0.049,4.901,,19.410,0.000,,,,64.191,1125.658,,0.321,,31.115,,0.000,,,,0.460,1.299,92.833,2.778,,0.101,0.000,,,
2008-10-15,6,2009-04-15,40.519,61.357,,0.356,,65.659,1.821,,252.180,0.000,,,,40.007,557.395,,3.393,,19.542,,0.000,,,,0.439,0.483,39.369,1.032,,0.038,0.000,,,
2008-11-15,1,2008-12-15,0.006,0.483,,0.006,,0.006,0.018,,0.006,0.006,,,,0.006,0.006,,0.006,,0.006,,0.006,,,,0.006,7.269,0.006,0.051,,0.793,0.006,,0.006,
2008-11-15,2,2009-01-15,0.002,15.137,,0.002,,0.002,0.014,,0.002,0.002,,,,0.002,1.293,,0.432,,0.002,,0.002,,,,0.002,6.078,239.894,8.863,,0.734,0.002,,0.002,
2008-11-15,3,2009-02-15,0.001,15.394,,0.001,,0.050,0.005,,0.001,0.001,,,,1.161,38.891,,0.410,,1.937,,0.001,,,,0.001,2.744,208.930,7.289,,0.273,0.001,,0.001,
2008-11-15,4,2009-03-15,95.157,78.705,,0.000,,0.049,0.002,,19.410,0.000,,,,64.191,1125.658,,0.152,,31.115,,0.000,,,,0.460,1.299,92.833,2.708,,0.101,0.000,,0.000,
2008-11-15,5,2009-04-15,40.519,57.615,,0.000,,65.659,0.001,,252.180,0.000,,,,40.007,557.395,,3.331,,19.542,,0.000,,,,0.439,0.483,39.369,1.006,,0.038,0.000,,0.000,
2008-11-15,6,2009-05-15,15.056,57.625,,0.793,,271.978,0.000,,82.622,0.000,,,,92.083,322.821,,183.634,,7.261,,0.000,,,,0.163,2.768,14.976,0.374,,0.108,0.041,,0.000,
2008-12-15,1,2009-01-15,0.002,13.915,0.002,0.002,,0.002,0.002,,0.002,0.002,,,,0.002,1.293,,0.432,,0.002,,0.002,,,,0.002,0.002,239.894,8.819,,0.002,0.002,,0.002,
2008-12-15,2,2009-02-15,0.001,22.632,148.239,0.001,,0.050,0.001,,0.001,0.001,,,,1.161,38.891,,0.410,,1.937,,0.001,,,,0.001,0.486,208.930,7.272,,0.001,0.001,,0.001,
2008-12-15,3,2009-03-15,95.157,85.318,198.694,0.000,,0.049,0.000,,19.410,0.000,,,,64.191,1125.658,,0.152,,31.115,,0.000,,,,0.460,0.461,92.833,2.702,,0.000,0.000,,0.000,
2008-12-15,4,2009-04-15,40.519,65.416,198.394,0.000,,65.659,0.000,,252.180,0.000,,,,40.007,557.395,,3.331,,19.542,,0.000,,,,0.439,0.171,39.369,1.004,,0.000,0.000,,0.000,
2008-12-15,5,2009-05-15,15.056,63.212,158.334,0.793,,271.978,0.000,,82.622,0.000,,,,92.083,322.821,,183.634,,7.261,,0.000,,,,0.163,2.652,14.976,0.373,,0.094,0.041,,0.000,
2008-12-15,6,2009-06-15,5.594,122.730,100.852,44.173,,214.552,0.000,,50.621,29.134,,,,245.184,409.073,,313.352,,19.727,,0.000,,,,4.787,7.084,105.568,0.139,,0.149,10.529,,654.213,
2009-01-15,1,2009-02-15,0.001,11.633,,148.239,0.001,,0.050,0.001,,0.001,0.001,,0.001,0.001,1.161,37.727,,0.001,,1.937,,0.001,,,,0.001,0.486,19.778,,,0.001,0.001,,
2009-01-15,2,2009-03-15,95.157,80.796,,198.694,0.000,,0.049,0.000,,19.410,0.000,,0.000,0.000,64.191,1125.226,,0.000,,31.115,,0.000,,,,0.460,0.461,14.715,,,0.000,0.000,,
2009-01-15,3,2009-04-15,40.519,70.459,,198.394,0.000,,65.659,0.000,,252.180,0.000,,0.000,125.275,40.007,557.235,,3.274,,19.542,,0.000,,,,0.439,0.171,6.078,,,0.000,0.000,,
2009-01-15,4,2009-05-15,15.056,111.793,,158.334,0.793,,271.978,0.000,,82.622,0.000,,0.000,887.627,92.083,322.761,,183.613,,7.261,,0.000,,,,0.163,2.652,2.259,,,0.094,0.041,,
2009-01-15,5,2009-06-15,5.594,128.294,,100.852,44.173,,214.552,0.000,,50.621,29.134,,242.787,586.423,245.184,409.051,,313.345,,19.727,,0.000,,,,4.787,7.084,30.895,,,0.149,10.529,,
2009-01-15,6,2009-07-15,15.640,228.259,,50.748,629.207,,369.692,423.423,,45.442,38.011,,314.393,372.875,393.908,233.541,,165.282,,126.109,,0.000,,,,88.073,105.427,432.535,,,53.090,266.914,,
2009-02-15,1,2009-03-15,95.157,46.594,,0.360,0.000,,0.000,0.000,,19.410,0.000,,0.000,0.000,22.051,778.219,,,,18.196,,0.000,,,0.000,0.460,0.000,0.000,,,0.000,0.000,,
2009-02-15,2,2009-04-15,40.519,55.532,,14.642,0.000,,65.641,0.000,,252.180,0.000,,0.000,125.275,15.116,513.248,,,,13.029,,0.000,,,0.000,0.439,0.000,0.000,,,0.000,0.000,,
2009-02-15,3,2009-05-15,15.056,91.368,,36.814,0.793,,271.971,0.000,,82.622,0.000,,0.000,887.627,45.928,311.132,,,,4.841,,0.000,,,0.000,0.163,2.588,0.000,,,0.094,0.041,,
2009-02-15,4,2009-06-15,5.594,105.037,,43.193,44.173,,214.549,0.000,,50.621,29.134,,242.787,586.423,211.347,404.767,,,,18.828,,0.000,,,22.150,4.787,7.060,0.174,,,0.149,10.529,,
2009-02-15,5,2009-07-15,15.640,233.316,,26.916,629.207,,369.691,423.423,,45.442,38.011,,314.393,372.875,380.848,232.016,,,,125.775,,0.000,,,396.898,88.073,105.418,330.699,,,53.090,266.914,,
2009-02-15,6,2009-08-15,62.547,286.986,,12.907,252.936,,562.548,406.504,,79.002,423.673,,208.717,338.512,173.249,518.606,,,,521.098,,0.113,,,385.348,269.959,263.311,114.303,,,241.752,393.210,,
2009-03-15,1,2009-04-15,40.519,135.750,,141.037,40.782,,400.923,45.327,,378.451,46.303,,107.297,506.129,43.945,286.658,,,,46.259,,40.519,,,44.461,40.519,44.210,51.530,,,51.615,127.529,,
2009-03-15,2,2009-05-15,15.056,159.136,,114.752,156.070,,419.250,71.252,,107.963,20.137,,54.607,1013.779,85.759,248.158,,,,20.104,,15.056,,,46.888,15.056,208.634,36.473,,,126.578,103.929,,
2009-03-15,3,2009-06-15,5.594,206.558,,83.286,231.584,,256.508,61.823,,66.277,313.448,,554.700,613.369,237.368,381.107,,,,35.685,,5.594,,,256.931,106.439,131.575,174.259,,,81.043,127.040,,
2009-03-15,4,2009-07-15,15.640,315.315,,43.793,721.169,,385.394,714.698,,54.829,135.661,,363.941,382.488,389.881,223.868,,,,154.977,,4.382,,,544.522,186.880,209.473,546.610,,,208.071,405.039,,
2009-03-15,5,2009-08-15,62.547,314.821,,19.891,278.578,,568.232,447.666,,83.821,489.780,,224.863,342.081,176.344,515.558,,,,533.824,,42.924,,,421.387,311.734,303.808,156.251,,,315.625,434.404,,
2009-03-15,6,2009-09-15,88.420,276.508,,171.171,172.749,,175.793,391.953,,191.439,135.049,,128.260,517.209,273.756,161.698,,,,146.881,,23.248,,,133.472,233.384,845.375,451.532,,,583.008,241.161,,
2009-04-15,1,2009-05-15,15.056,48.645,,15.056,,,,15.546,,15.056,15.056,,15.056,439.948,15.131,15.210,,111.108,,15.056,,15.056,,,15.056,15.056,57.767,15.056,,,21.703,15.056,,
2009-04-15,2,2009-06-15,5.594,96.632,,5.594,,,,10.420,,5.594,114.219,,196.272,529.921,108.540,119.445,,286.031,,23.553,,5.594,,,103.652,34.603,65.639,12.486,,,15.274,5.905,,
2009-04-15,3,2009-07-15,15.640,212.349,,2.079,,,,573.055,,2.079,83.132,,302.955,356.461,298.477,146.641,,157.582,,129.523,,2.381,,,484.349,135.402,174.784,424.291,,,116.060,220.683,,
2009-04-15,4,2009-08-15,62.547,263.333,,0.772,,,,426.252,,0.772,457.207,,205.195,332.443,152.081,483.135,,100.053,,522.775,,29.944,,,404.543,291.628,291.105,127.639,,,277.261,373.847,,
2009-04-15,5,2009-09-15,88.420,252.038,,49.895,,,,384.944,,27.852,125.894,,120.927,513.630,262.781,150.585,,68.531,,143.830,,17.959,,,127.423,226.394,840.697,439.840,,,561.420,222.039,,
2009-04-15,6,2009-10-15,276.022,157.186,,133.977,,,,315.438,,25.518,97.725,,54.603,147.167,451.755,86.930,,91.130,,144.784,,6.673,,,98.114,294.059,161.409,236.506,,,237.174,89.192,,
2009-05-15,1,2009-06-15,5.594,56.311,,5.594,13.634,,,5.594,,5.594,166.104,,262.395,92.559,37.225,38.803,,31.665,,149.979,,5.594,,,56.050,114.529,5.594,11.452,,,5.594,5.634,,
2009-05-15,2,2009-07-15,15.640,180.690,,2.079,474.447,,,434.995,,2.079,97.496,,315.425,231.839,197.445,93.250,,45.642,,230.498,,2.694,,,363.183,179.818,27.473,346.784,,,25.060,182.207,,
2009-05-15,3,2009-08-15,62.547,237.169,,0.772,231.685,,,407.962,,4.490,465.953,,209.084,283.486,116.047,423.322,,41.979,,561.922,,32.924,,,378.617,309.147,146.683,116.099,,,209.791,329.077,,
2009-05-15,4,2009-09-15,88.420,233.898,,37.138,155.184,,,379.355,,75.993,128.381,,122.375,495.434,232.297,137.193,,42.014,,155.400,,19.297,,,119.504,232.509,766.623,433.377,,,467.411,210.672,,
2009-05-15,5,2009-10-15,276.022,155.644,,100.355,223.375,,,313.414,,48.827,98.723,,55.143,140.650,441.187,81.398,,72.707,,149.238,,7.170,,,94.771,296.387,143.772,234.436,,,215.372,84.665,,
2009-05-15,6,2009-11-15,209.041,86.481,,274.138,95.498,,,115.607,,23.616,88.700,,20.506,56.350,186.308,39.560,,36.816,,90.699,,2.664,,,46.436,139.462,67.889,149.068,,,91.750,31.587,,
2009-06-15,1,2009-07-15,15.640,106.769,,2.079,345.866,,,463.922,,2.536,6.196,,,,109.620,26.842,,7.250,42.550,69.319,2.079,,,,209.347,33.820,45.083,224.742,,,64.824,158.997,,
2009-06-15,2,2009-08-15,62.547,183.687,,0.772,210.036,,,410.485,,13.288,255.531,,,,88.687,286.380,,14.916,33.991,446.017,68.204,,,,328.765,167.891,157.421,86.370,,,238.570,315.352,,
2009-06-15,3,2009-09-15,88.420,216.128,,53.277,146.929,,,380.151,,92.374,83.990,,,,207.979,101.918,,26.229,153.821,128.957,140.005,,,,104.929,176.493,768.568,413.999,,,487.761,206.796,,
2009-06-15,4,2009-10-15,276.022,187.380,,123.612,219.727,,,313.704,,54.003,73.387,,,,431.864,64.431,,59.054,120.834,138.424,546.866,,,,88.385,273.960,144.736,228.486,,,220.846,83.133,,
2009-06-15,5,2009-11-15,209.041,96.707,,299.682,94.129,,,115.713,,25.678,76.811,,,,183.335,32.422,,29.907,57.754,86.586,126.690,,,,44.079,131.324,68.257,146.906,,,93.728,31.017,,
2009-06-15,6,2009-12-15,247.811,54.385,,98.489,39.737,,,43.078,,9.541,234.772,,,,80.213,15.167,,11.113,21.460,47.114,49.593,,,,16.379,98.226,30.033,83.269,,,34.827,11.525,,
2009-07-15,1,2009-08-15,62.547,134.706,,12.036,84.045,,266.757,166.602,,36.385,305.993,,,,43.148,265.459,114.827,26.405,19.141,303.800,143.008,,,,159.905,138.994,119.284,15.883,,,205.375,186.090,80.983,
2009-07-15,2,2009-09-15,88.420,172.211,,99.343,88.720,,101.935,282.331,,114.552,92.024,,,,117.869,96.192,258.192,34.995,106.770,97.705,168.770,,,,52.990,138.230,710.288,254.008,,,416.117,156.858,56.325,
2009-07-15,3,2009-10-15,276.022,160.308,,152.953,167.306,,175.178,279.909,,62.230,77.837,,,,363.488,61.751,92.089,64.696,81.805,121.566,574.368,,,,47.372,252.899,136.164,171.747,,,200.148,62.519,60.126,
2009-07-15,4,2009-11-15,209.041,108.313,,317.730,69.685,,498.079,104.010,,29.090,79.114,,,,163.138,31.305,106.184,31.966,41.382,79.625,132.384,,,,27.502,123.629,64.800,127.388,,,86.221,23.346,29.672,
2009-07-15,5,2009-12-15,247.811,56.652,,103.276,30.117,,189.973,38.727,,10.809,236.294,,,,72.141,14.727,53.282,11.878,15.376,44.193,51.793,,,,10.219,95.175,28.740,74.586,,,32.038,8.675,11.025,
2009-07-15,6,2010-01-15,93.280,41.562,,38.375,11.191,,83.637,14.390,,4.016,92.989,,,,28.097,6.765,20.848,4.414,5.714,19.910,19.245,,,,3.797,43.209,250.571,78.174,,,11.905,89.894,4.097,
2009-08-15,1,2009-09-15,88.420,157.907,,206.370,71.156,,39.548,183.915,51.194,138.647,,,,,163.410,38.330,206.747,57.297,182.572,32.466,107.491,,,,30.698,92.311,649.524,357.634,,,400.621,104.997,43.210,
2009-08-15,2,2009-10-15,276.022,150.361,,218.544,159.276,,117.303,239.255,39.111,74.965,,,,,411.615,29.083,77.283,78.979,129.784,59.827,495.972,,,,22.722,220.097,127.589,211.468,,,200.367,44.622,49.356,
2009-08-15,3,2009-11-15,209.041,101.264,,355.079,68.314,,427.703,91.519,35.806,34.901,,,,,177.355,16.256,95.182,37.838,61.227,49.014,118.665,,,,13.428,111.727,61.135,141.687,,,86.402,16.603,25.436,
2009-08-15,4,2009-12-15,247.811,44.133,,113.269,29.503,,174.349,34.068,19.744,12.968,,,,,77.910,8.194,48.909,14.060,22.751,29.538,46.390,,,,4.989,90.075,27.319,80.906,,,32.105,6.169,9.451,
2009-08-15,5,2010-01-15,93.280,36.681,,42.088,10.963,,77.948,12.659,7.336,4.819,,,,,30.240,4.011,19.184,5.224,8.454,13.482,17.237,,,,1.854,41.274,250.043,82.393,,,11.930,88.963,3.512,
2009-08-15,6,2010-02-15,368.498,27.998,,15.639,78.595,,28.964,8.940,2.726,1.791,,,,,49.647,29.508,7.490,1.941,5.077,6.053,6.405,,,,0.689,15.822,212.701,42.893,,,4.433,39.342,1.305,
2009-09-15,1,2009-10-15,276.022,119.537,,153.234,198.978,69.760,192.138,188.881,,56.149,,,,,346.443,66.168,44.164,125.076,79.357,94.378,,40.513,,,,222.937,40.615,119.628,,,101.237,40.794,90.750,
2009-09-15,2,2009-11-15,209.041,95.547,,317.647,83.917,33.873,497.005,74.704,,26.932,,,,,157.706,34.838,68.529,57.532,40.850,63.724,,15.054,,,,109.554,21.285,106.721,,,49.011,15.327,41.180,
2009-09-15,3,2009-12-15,247.811,41.549,,103.231,35.984,12.586,190.407,27.822,,10.007,,,,,69.997,17.962,37.315,21.386,15.179,35.976,,5.594,,,,90.133,10.912,65.733,,,18.212,5.695,15.301,
2009-09-15,4,2010-01-15,93.280,36.601,,38.358,13.371,4.677,83.851,10.338,,3.719,,,,,27.300,8.574,14.738,7.947,5.640,16.198,,2.078,,,,41.297,243.947,72.154,,,6.767,88.787,5.686,
2009-09-15,5,2010-02-15,368.498,28.691,,14.253,79.490,1.787,31.157,8.077,,1.382,,,,,48.554,31.204,5.814,2.953,4.032,7.062,,0.772,,,,15.830,210.436,38.420,,,2.514,39.276,2.113,
2009-09-15,6,2010-03-15,103.312,88.236,,5.296,40.593,0.694,11.577,64.872,,0.513,,,,,1129.249,19.170,2.160,1.097,31.893,143.587,,95.444,,,,6.162,93.392,14.276,,,0.934,14.794,0.785,
2009-10-15,1,2009-11-15,209.041,154.158,,389.378,105.535,92.190,545.409,92.073,,95.727,,,,,137.937,104.159,286.470,93.506,90.866,97.596,,111.696,,,,126.903,157.147,174.852,,104.876,92.054,93.078,91.699,
2009-10-15,2,2009-12-15,247.811,65.180,,118.477,45.563,35.016,201.657,34.915,,39.738,,,,,62.437,54.363,109.369,36.216,33.764,41.301,,49.784,,,,98.991,67.194,98.419,,71.118,34.896,35.821,34.560,
2009-10-15,3,2010-01-15,93.280,46.190,,44.023,16.930,13.011,87.938,12.974,,15.617,,,,,24.491,24.507,45.384,13.457,12.546,16.379,,18.499,,,,44.691,264.860,97.270,,35.977,12.966,109.435,12.842,
2009-10-15,4,2010-02-15,368.498,31.538,,16.358,80.812,4.884,32.676,9.057,,5.803,,,,,47.510,37.124,17.963,5.000,6.598,7.130,,6.874,,,,17.091,218.206,48.932,,13.368,4.818,45.783,4.772,
2009-10-15,5,2010-03-15,103.312,85.421,,6.078,41.085,1.845,12.142,65.236,,2.156,,,,,1128.861,21.370,6.675,1.858,32.846,143.612,,97.711,,,,6.631,96.280,18.182,,4.967,1.790,17.313,1.773,
2009-10-15,6,2010-04-15,39.289,61.162,,2.259,79.186,66.327,4.512,37.264,,0.801,,,,,558.585,7.940,5.754,275.139,20.185,64.343,,41.468,,,,2.464,40.650,6.756,,1.846,0.665,6.433,0.659,
2009-11-15,1,2009-12-15,247.811,122.908,,87.614,87.614,88.766,150.639,87.614,,140.286,393.342,,,,87.614,140.921,96.710,89.288,87.614,101.501,,87.614,,,,198.730,87.614,153.201,,,87.619,111.251,92.601,
2009-11-15,2,2010-01-15,93.280,74.589,,32.555,32.555,33.665,69.261,32.555,,63.674,134.723,,,,33.846,62.940,43.343,34.130,32.555,44.066,,32.555,,,,79.443,272.447,150.713,,,32.560,237.122,37.063,
2009-11-15,3,2010-02-15,368.498,42.106,,12.097,86.618,12.558,25.736,16.333,,23.660,57.183,,,,50.987,51.405,17.718,12.682,14.033,17.418,,12.097,,,,30.004,221.026,68.865,,,12.098,85.840,13.772,
2009-11-15,4,2010-03-15,103.312,89.413,,4.495,43.242,4.696,9.563,67.940,,8.791,21.248,,,,1130.153,26.676,6.584,4.712,35.609,147.434,,99.652,,,,11.429,97.327,25.592,,,4.496,33.507,5.117,
2009-11-15,5,2010-04-15,39.289,67.504,,1.670,79.988,67.386,3.553,38.269,,3.267,105.060,,,,559.065,9.912,5.720,276.200,21.212,65.763,,42.189,,,,4.247,41.039,9.510,,,1.670,12.450,1.901,
2009-11-15,6,2010-05-15,14.599,119.409,,1.414,133.136,272.620,1.320,15.088,,1.214,232.078,,,,323.441,207.321,184.522,899.872,7.882,63.302,,15.676,,,,4.166,15.596,3.534,,,0.662,4.627,0.707,
2009-12-15,1,2010-01-15,93.280,150.147,93.280,93.280,93.386,97.241,94.102,93.725,,,109.405,,,,134.128,93.280,137.415,93.280,100.704,93.280,,141.598,,,,93.280,633.817,233.707,93.280,,,386.431,94.327,
2009-12-15,2,2010-02-15,368.498,84.626,182.899,34.661,133.421,38.387,35.444,39.852,,,47.668,,,,194.728,62.679,63.106,34.661,75.867,35.704,,64.734,,,,35.146,324.022,94.038,34.661,,,125.168,35.667,
2009-12-15,3,2010-03-15,103.312,122.079,211.572,12.879,57.354,14.294,13.170,79.041,,,17.712,,,,1277.141,30.865,23.449,12.879,101.538,161.244,,165.219,,,,13.339,131.838,35.298,19.226,,,50.265,13.253,
2009-12-15,4,2010-04-15,39.289,105.419,203.179,4.786,93.198,70.952,4.894,42.958,,,105.498,,,,585.658,11.469,11.987,279.234,47.681,69.618,,64.552,,,,4.957,54.863,13.116,416.177,,,18.677,4.925,
2009-12-15,5,2010-05-15,14.599,140.068,160.113,2.571,140.585,273.945,1.818,17.086,,,234.248,,,,332.201,207.899,186.850,901.000,17.717,65.600,,23.986,,,,4.430,21.158,4.874,196.515,,,6.940,1.830,
2009-12-15,6,2010-06-15,5.425,249.995,101.513,44.834,415.501,215.283,0.676,77.411,,,375.716,,,,412.548,522.870,314.548,1054.947,23.612,105.420,,8.971,,,,7.744,125.136,1.811,108.610,,,427.855,654.893,
2010-01-15,1,2010-02-15,368.498,50.720,,184.820,34.661,110.817,34.710,34.661,39.113,,34.661,34.661,,,,73.263,62.932,34.661,34.661,36.845,35.704,,,,,,35.146,54.438,34.661,34.661,,,34.661,34.661
2010-01-15,2,2010-03-15,103.312,95.131,,212.652,12.879,52.055,12.927,12.879,77.176,,12.879,12.879,,,,1140.353,31.097,12.879,12.879,44.219,156.075,,,,,,13.339,27.594,12.879,19.226,,,12.879,12.879
2010-01-15,3,2010-04-15,39.289,94.692,,203.525,4.786,83.830,70.445,4.786,41.977,,4.786,79.062,,,,562.363,11.555,8.060,279.234,24.411,68.659,,,,,,4.957,10.864,4.786,416.177,,,4.786,4.786
2010-01-15,4,2010-05-15,14.599,134.385,,160.283,2.571,134.759,273.756,1.778,16.570,,1.778,191.341,,,,324.642,209.824,185.391,901.000,9.070,64.609,,,,,,4.430,4.037,1.778,196.515,,,1.779,1.778
2010-01-15,5,2010-06-15,5.425,244.582,,101.576,44.834,412.503,215.212,0.661,76.215,,29.795,361.051,,,,409.750,523.696,314.005,1054.947,20.399,104.033,,,,,,7.744,31.555,0.661,108.610,,,419.522,654.874
2010-01-15,6,2010-07-15,266.528,312.854,,51.018,629.452,390.406,369.938,423.668,878.821,,38.256,601.763,,,,233.801,184.382,165.528,388.651,126.358,51.725,,,,,,105.672,432.780,0.246,726.904,,,278.824,178.886
2010-02-15,1,2010-03-15,103.312,229.555,,270.031,101.744,105.334,101.744,167.977,315.572,,118.481,139.912,,,,1392.297,103.021,103.832,103.729,,584.094,,,,,,102.860,117.071,101.744,327.611,125.546,,106.751,101.744
2010-02-15,2,2010-04-15,39.289,185.232,,230.260,37.806,188.315,177.070,75.725,127.937,,52.052,428.777,,,,600.496,39.032,73.684,550.429,,162.408,,,,,,38.871,50.097,37.806,696.166,57.688,,42.216,37.806
2010-02-15,3,2010-05-15,14.599,199.121,,170.845,16.162,193.224,344.466,60.895,58.967,,19.883,353.164,,,,336.719,374.178,374.385,973.281,,140.047,,,,,,104.567,20.586,14.048,277.321,109.819,,25.822,14.048
2010-02-15,4,2010-06-15,5.425,304.715,,105.716,86.367,439.323,235.739,56.070,128.454,,247.616,415.104,,,,414.215,567.069,369.265,1071.387,,154.984,,,,,,94.538,140.595,5.220,139.872,78.214,,571.556,772.990
2010-02-15,5,2010-07-15,266.528,356.228,,52.624,663.716,398.771,377.598,740.326,905.574,,123.413,619.794,,,,235.433,195.101,182.614,394.416,,69.938,,,,,,191.275,533.836,1.940,740.429,207.088,,302.066,188.610
2010-02-15,6,2010-08-15,213.968,292.102,,23.585,261.125,166.588,565.419,449.317,177.381,,483.152,290.675,,,,519.878,289.855,109.586,163.481,,222.970,,,,,,297.201,152.430,600.239,336.334,315.219,,270.248,147.358
2010-03-15,1,2010-04-15,39.289,117.708,,67.148,39.289,145.715,257.442,39.289,39.289,,39.289,250.499,,,,160.159,39.289,83.871,528.696,,39.778,,,,,,39.289,39.289,39.289,388.461,39.289,,39.289,39.504
2010-03-15,2,2010-05-15,14.599,164.080,,61.439,53.567,172.416,378.886,19.886,14.599,,14.599,296.834,,,,201.017,317.697,368.427,967.936,,28.151,,,,,,90.616,14.599,14.599,192.705,41.656,,15.385,16.589
2010-03-15,3,2010-06-15,5.425,283.198,,55.501,167.838,429.683,245.534,20.626,11.270,,176.570,397.312,,,,362.855,555.396,368.261,1070.315,,54.255,,,,,,87.643,73.293,5.425,106.129,34.223,,530.281,911.556
2010-03-15,4,2010-07-15,266.528,337.642,,32.492,699.119,395.793,381.286,631.590,794.297,,107.380,613.705,,,,217.975,192.339,182.405,394.044,,30.935,,,,,,187.627,500.641,2.016,724.927,171.489,,296.412,196.363
2010-03-15,5,2010-08-15,213.968,286.189,,15.281,271.357,165.514,566.747,434.902,155.182,,473.961,288.449,,,,513.351,288.801,109.503,163.343,,184.447,,,,,,295.867,143.772,600.366,331.211,302.921,,268.251,150.548
2010-03-15,6,2010-09-15,338.269,254.270,,152.889,170.068,117.095,175.246,387.656,102.649,,130.391,167.584,,,,160.886,365.960,72.123,257.218,,200.950,,,,,,842.443,446.618,209.214,228.574,577.911,,126.452,193.478
2010-04-15,1,2010-05-15,14.599,62.485,,14.599,43.153,14.599,37.115,15.299,14.599,,14.599,15.309,,,,14.646,329.467,116.067,414.122,,33.916,,,,,,62.058,14.599,14.599,14.599,21.004,,30.757,14.599
2010-04-15,2,2010-06-15,5.425,213.736,,5.425,154.621,173.827,101.118,9.976,5.425,,119.062,193.097,,,,125.200,557.924,291.285,983.546,,77.034,,,,,,69.651,14.483,5.425,5.425,14.567,,591.773,775.853
2010-04-15,3,2010-07-15,266.528,294.662,,2.016,694.218,325.254,322.702,583.874,714.826,,86.798,554.227,,,,150.403,192.941,158.997,369.141,,41.485,,,,,,177.419,432.974,2.016,469.737,120.093,,305.285,188.844
2010-04-15,4,2010-08-15,213.968,284.585,,0.749,269.830,142.901,546.594,427.933,149.578,,460.380,268.352,,,,485.571,289.029,100.605,154.153,,200.612,,,,,,292.131,129.000,781.416,292.943,281.124,,271.352,147.446
2010-04-15,5,2010-09-15,338.269,246.143,,52.516,169.501,108.495,167.931,385.413,100.251,,126.672,160.122,,,,151.289,366.045,68.740,253.788,,205.237,,,,,,841.069,440.462,224.970,214.826,565.727,,127.590,192.222
2010-04-15,6,2010-10-15,110.610,181.339,,138.996,229.182,70.517,207.546,315.606,71.335,,98.054,72.418,,,,87.200,125.940,91.215,157.757,,614.630,,,,,,161.541,236.719,356.607,181.644,238.213,,88.116,83.538
2010-05-15,1,2010-06-15,5.425,109.341,,5.425,12.358,91.089,5.433,5.425,15.366,,186.709,37.603,,,,37.113,146.759,30.038,503.992,,13.394,,,,,,5.425,10.801,5.425,5.425,5.425,,367.027,696.596
2010-05-15,2,2010-07-15,266.528,225.256,,2.016,509.559,280.677,142.018,467.954,734.251,,108.133,452.442,,,,96.476,102.557,44.978,300.761,,8.493,,,,,,25.654,379.365,2.016,367.159,23.691,,274.103,182.827
2010-05-15,3,2010-08-15,213.968,258.639,,0.749,236.836,130.429,477.703,414.771,153.472,,473.904,244.464,,,,454.513,250.179,44.579,130.698,,116.788,,,,,,163.868,121.801,867.883,275.730,208.537,,260.887,144.979
2010-05-15,4,2010-09-15,338.269,232.443,,35.689,157.193,103.580,148.298,381.306,101.765,,130.445,151.406,,,,142.286,351.962,44.193,244.600,,177.996,,,,,,787.635,436.711,230.972,208.744,499.115,,123.792,191.176
2010-05-15,5,2010-10-15,110.610,175.435,,108.353,224.319,68.646,199.802,314.114,71.916,,99.577,69.171,,,,83.724,120.812,78.068,154.376,,601.891,,,,,,147.302,235.492,359.456,179.289,222.534,,86.688,83.160
2010-05-15,6,2010-11-15,41.100,111.167,,291.064,95.859,32.834,511.843,115.863,59.063,,89.035,32.356,,,,40.518,123.195,40.384,69.988,,136.851,,,,,,69.267,149.447,114.518,84.882,94.278,,39.561,32.539
2010-06-15,1,2010-07-15,266.528,140.323,,2.016,365.284,90.389,113.369,486.903,575.769,,,236.477,,,,23.104,3.884,6.079,38.521,,2.016,,,,,,40.428,,2.726,434.511,59.635,,39.351,5.351
2010-06-15,2,2010-08-15,213.968,210.961,,0.749,216.650,61.439,435.237,416.122,140.732,,,201.718,,,,302.614,89.784,12.586,31.540,,63.229,,,,,,169.147,,975.943,282.975,237.154,,130.431,29.253
2010-06-15,3,2010-09-15,338.269,203.224,,53.560,149.622,66.385,140.569,381.753,96.131,,,136.413,,,,109.273,268.283,23.650,173.669,,141.065,,,,,,787.166,,237.457,211.198,514.447,,79.954,87.431
2010-06-15,4,2010-10-15,110.610,167.071,,134.935,221.054,53.141,196.248,314.278,69.537,,,63.537,,,,68.572,95.443,57.088,129.766,,573.778,,,,,,147.675,,362.481,180.227,226.635,,69.675,43.211
2010-06-15,5,2010-11-15,41.100,107.127,,312.307,94.643,26.631,510.119,115.922,58.037,,,30.193,,,,34.277,110.488,29.183,60.964,,129.975,,,,,,69.410,,115.445,85.231,95.764,,33.230,16.457
2010-06-15,6,2010-12-15,15.272,45.477,,101.150,39.935,9.895,193.447,43.156,30.622,,,63.831,,,,15.849,54.994,10.844,22.653,,50.937,,,,,,30.460,,44.130,52.634,35.584,,12.348,6.115
2010-07-15,1,2010-08-15,213.968,250.318,,85.407,,,512.726,382.632,101.118,145.019,,203.014,,,130.283,,289.238,113.533,98.719,556.712,340.223,,,,351.960,,294.727,97.420,,257.797,316.596,,228.601,
2010-07-15,2,2010-09-15,338.269,266.200,,234.470,,,157.834,370.599,77.905,220.438,,137.182,,,250.841,,365.486,77.682,232.117,151.728,245.135,,,,110.819,,842.090,421.884,,202.397,580.113,,112.877,
2010-07-15,3,2010-10-15,110.610,197.986,,230.109,,,203.644,310.194,61.605,110.724,,63.823,,,447.522,,125.434,96.825,149.856,147.974,629.754,,,,91.260,,161.902,230.861,,176.838,242.749,,82.681,
2010-07-15,4,2010-11-15,41.100,126.742,,360.918,,,513.376,114.417,54.527,50.298,,30.339,,,188.305,,125.031,48.081,68.350,90.227,146.153,,,,45.132,,74.828,147.758,,83.966,101.577,,38.079,
2010-07-15,5,2010-12-15,15.272,55.113,,114.835,,,194.530,42.596,29.228,18.690,,63.934,,,82.117,,60.403,17.866,25.397,48.521,57.023,,,,16.770,,32.485,83.602,,52.137,37.744,,14.149,
2010-07-15,6,2011-01-15,5.675,38.950,,42.670,,,85.314,15.828,10.860,6.945,,36.714,,,31.804,,23.499,6.639,9.437,21.625,21.188,,,,6.231,,251.963,84.157,,26.951,14.025,,5.258,
2010-08-15,1,2010-09-15,338.269,310.614,,358.962,,,,,135.292,265.606,,140.572,128.738,466.437,312.968,,345.606,,330.744,,195.729,87.206,,,85.285,,833.694,522.450,,188.387,572.148,,,
2010-08-15,2,2010-10-15,110.610,190.537,,269.772,,,,,90.760,124.819,,64.763,58.599,133.412,469.683,,118.568,,179.873,,604.775,33.819,,,78.041,,155.910,255.472,,171.022,239.306,,,
2010-08-15,3,2010-11-15,41.100,100.669,,377.389,,,,,69.419,56.016,,31.210,21.850,53.559,195.196,,122.123,,79.524,,139.280,12.566,,,40.332,,72.793,157.386,,81.771,100.296,,,
2010-08-15,4,2010-12-15,15.272,45.250,,120.169,,,,,35.400,20.814,,64.258,8.119,19.901,84.694,,59.328,,29.549,,54.431,4.669,,,14.986,,31.773,87.446,,51.195,37.268,,,
2010-08-15,5,2011-01-15,5.675,36.578,,44.652,,,,,13.154,7.734,,36.848,3.017,7.395,32.761,,23.105,,10.980,,20.225,1.735,,,5.569,,251.698,85.949,,26.572,13.848,,,
2010-08-15,6,2011-02-15,2.109,24.479,,16.592,,,,,4.888,2.874,,13.831,1.121,3.908,50.583,,8.956,,6.016,,7.515,0.645,,,2.069,,213.316,44.332,,9.873,5.146,,,
2010-09-15,1,2010-10-15,110.610,213.026,,262.483,,,,,162.622,139.725,,112.908,114.295,114.348,471.373,,116.865,,178.623,,594.255,110.611,,,269.952,,113.822,228.890,,217.678,199.965,,,
2010-09-15,2,2010-11-15,41.100,110.255,,373.888,,,,,108.499,62.199,,59.603,44.470,44.524,196.308,,119.454,,79.079,,147.838,41.101,,,102.964,,51.535,146.515,,99.191,86.914,,,
2010-09-15,3,2010-12-15,15.272,50.338,,119.230,,,,,51.610,23.130,,96.794,16.524,16.544,85.073,,58.271,,29.384,,57.398,15.272,,,38.259,,22.680,82.992,,59.960,32.295,,,
2010-09-15,4,2011-01-15,5.675,38.510,,44.303,,,,,19.177,8.605,,49.728,6.140,6.147,32.902,,22.616,,10.918,,21.328,5.675,,,14.216,,248.319,83.763,,30.316,12.000,,,
2010-09-15,5,2011-02-15,2.109,25.204,,16.462,,,,,7.126,3.197,,18.782,2.281,3.444,50.636,,8.757,,5.993,,7.925,2.109,,,5.282,,212.060,43.484,,11.265,4.459,,,
2010-09-15,6,2011-03-15,0.783,92.839,,6.117,,,,,22.058,1.188,,6.979,0.848,65.039,1130.022,,3.254,,32.622,,2.945,95.940,,,2.423,,93.996,16.158,,4.186,1.657,,,
2010-10-15,1,2010-11-15,41.100,51.148,,148.095,,41.100,,,42.507,41.100,,47.450,41.100,41.100,41.155,,84.569,,41.100,,41.100,41.100,,,41.100,,43.586,,,41.100,41.100,,,
2010-10-15,2,2010-12-15,15.272,23.965,,65.255,,15.272,,,16.619,15.272,,71.431,15.272,15.272,15.326,,43.742,,15.272,,15.272,15.272,,,15.272,,17.565,,,16.059,15.272,,,
2010-10-15,3,2011-01-15,5.675,24.846,,24.247,,5.675,,,6.175,5.675,,39.518,5.675,5.675,6.986,,16.708,,5.675,,5.675,5.675,,,5.675,,246.419,,,6.406,5.675,,,
2010-10-15,4,2011-02-15,2.109,19.339,,9.010,,2.158,,,2.295,2.109,,14.800,2.109,3.268,41.006,,6.460,,4.045,,2.109,2.109,,,2.109,,211.354,,,2.380,2.109,,,
2010-10-15,5,2011-03-15,0.783,90.662,,3.348,,0.832,,,20.262,0.783,,5.499,0.783,64.974,1126.444,,2.400,,31.898,,0.783,95.940,,,1.244,,93.734,,,0.885,0.783,,,
2010-10-15,6,2011-04-15,0.291,71.983,,1.244,,65.950,,,252.496,0.291,,2.043,125.566,40.298,557.687,,4.166,,19.833,,0.291,40.810,,,0.730,,39.704,,,0.329,0.291,,,
2010-11-15,1,2010-12-15,15.272,16.601,,15.272,,15.272,15.284,,15.272,15.550,,35.211,15.272,15.272,15.272,,,,15.272,,15.272,15.272,,,15.272,,15.272,,,16.316,15.272,,,
2010-11-15,2,2011-01-15,5.675,21.760,,5.675,,5.675,5.686,,5.675,5.942,,20.592,5.675,5.675,6.966,,,,5.675,,5.675,5.675,,,5.675,,245.567,,,6.656,5.675,,,
2010-11-15,3,2011-02-15,2.109,18.170,,2.109,,2.158,2.113,,2.109,2.208,,7.651,2.109,3.268,40.998,,,,4.045,,2.109,2.109,,,2.109,,211.037,,,2.473,2.109,,,
2010-11-15,4,2011-03-15,0.783,90.227,,0.783,,0.832,0.785,,20.193,0.820,,2.843,0.783,64.974,1126.441,,,,31.898,,0.783,95.940,,,1.244,,93.616,,,0.919,0.783,,,
2010-11-15,5,2011-04-15,0.291,71.617,,0.291,,65.950,0.292,,252.471,0.305,,1.056,125.566,40.298,557.686,,,,19.833,,0.291,40.810,,,0.730,,39.660,,,0.341,0.291,,,
2010-11-15,6,2011-05-15,0.108,106.097,,0.901,,272.086,0.108,,82.730,0.113,,0.393,887.735,92.191,322.929,,,,7.369,,0.108,15.164,,,0.271,,15.084,,,0.220,0.150,,,
2010-12-15,1,2011-01-15,5.675,19.862,5.675,,,5.675,5.675,,5.675,5.675,,5.675,5.675,5.675,6.966,,,,5.675,,5.675,5.675,,,5.675,5.675,245.567,,,5.675,5.675,,,
2010-12-15,2,2011-02-15,2.109,25.620,150.347,,,2.158,2.109,,2.109,2.109,,2.109,2.109,3.268,40.998,,,,4.045,,2.109,2.109,,,2.109,2.594,211.037,,,2.109,2.109,,,
2010-12-15,3,2011-03-15,0.783,96.550,199.477,,,0.832,0.783,,20.193,0.783,,0.783,0.783,64.974,1126.441,,,,31.898,,0.783,95.940,,,1.244,1.244,93.616,,,0.783,0.783,,,
2010-12-15,4,2011-04-15,0.291,79.053,198.685,,,65.950,0.291,,252.471,0.291,,0.291,125.566,40.298,557.686,,,,19.833,,0.291,40.810,,,0.730,0.462,39.660,,,0.291,0.291,,,
2010-12-15,5,2011-05-15,0.108,109.267,158.442,,,272.086,0.108,,82.730,0.108,,0.108,887.735,92.191,322.929,,,,7.369,,0.108,15.164,,,0.271,2.760,15.084,,,0.202,0.150,,,
2010-12-15,6,2011-06-15,22.190,119.573,100.892,,,214.592,0.040,,50.661,29.174,,242.827,586.464,245.224,409.113,,,,19.767,,0.040,5.635,,,4.827,7.124,105.608,,,0.189,10.569,,,
2011-01-15,1,2011-02-15,2.109,14.425,,150.347,,,2.158,2.109,,2.109,2.109,,2.109,2.109,3.268,39.835,,,,4.045,,2.109,2.109,,,2.109,2.594,21.886,,,2.109,2.109,,
2011-01-15,2,2011-03-15,0.783,91.929,,199.477,,,0.832,0.783,,20.193,0.783,,0.783,0.783,64.974,1126.009,,,,31.898,,0.783,95.940,,,1.244,1.244,15.499,,,0.783,0.783,,
2011-01-15,3,2011-04-15,0.291,77.085,,198.685,,,65.950,0.291,,252.471,0.291,,0.291,125.566,40.298,557.526,,,,19.833,,0.291,40.810,,,0.730,0.462,6.369,,,0.291,0.291,,
2011-01-15,4,2011-05-15,0.108,108.516,,158.442,,,272.086,0.108,,82.730,0.108,,0.108,887.735,92.191,322.869,,,,7.369,,0.108,15.164,,,0.271,2.760,2.367,,,0.202,0.150,,
2011-01-15,5,2011-06-15,22.190,115.180,,100.892,,,214.592,0.040,,50.661,29.174,,242.827,586.464,245.224,409.091,,,,19.767,,0.040,5.635,,,4.827,7.124,30.935,,,0.189,10.569,,
2011-01-15,6,2011-07-15,396.913,195.887,,50.763,,,369.707,423.438,,45.457,38.026,,314.408,372.890,393.923,233.556,,,,126.124,,0.015,15.655,,,88.088,105.442,432.549,,,53.105,266.929,,
2011-02-15,1,2011-03-15,0.783,55.716,,1.143,,,0.783,0.783,,20.193,0.783,,0.783,0.783,22.834,779.002,,,,18.979,,0.783,95.940,,,1.244,0.783,0.783,,,0.783,0.783,,
2011-02-15,2,2011-04-15,0.291,61.473,,14.933,,,65.932,0.291,,252.471,0.291,,0.291,125.566,15.407,513.539,,,,13.320,,0.291,40.810,,,0.730,0.291,0.291,,,0.291,0.291,,
2011-02-15,3,2011-05-15,0.108,97.689,,36.922,,,272.079,0.108,,82.730,0.108,,0.108,887.735,46.036,311.240,,,,4.950,,0.108,15.164,,,0.271,2.697,0.108,,,0.202,0.150,,
2011-02-15,4,2011-06-15,22.190,107.684,,43.234,,,214.589,0.040,,50.661,29.174,,242.827,586.464,211.387,404.807,,,,18.868,,0.040,5.635,,,4.827,7.100,0.215,,,0.189,10.569,,
2011-02-15,5,2011-07-15,396.913,187.616,,26.931,,,369.706,423.438,,45.457,38.026,,314.408,372.890,380.863,232.031,,,,125.789,,0.015,15.655,,,88.088,105.433,330.714,,,53.105,266.929,,
2011-02-15,6,2011-08-15,385.353,270.006,,12.913,,,562.554,406.509,,79.007,423.678,,208.723,338.518,173.254,518.612,,,,521.103,,0.119,62.553,,,269.965,263.317,114.308,,,241.758,393.216,,
2011-03-15,1,2011-04-15,0.291,15.792,,1.020,,,65.932,0.291,,54.722,0.291,,0.291,125.566,0.291,17.725,,,,0.291,,0.291,0.291,,,0.291,0.291,0.291,,,0.291,0.291,,
2011-03-15,2,2011-05-15,0.108,75.450,,4.253,,,272.079,0.108,,31.216,0.108,,0.108,887.735,0.108,83.348,,,,0.108,,0.108,0.108,,,0.108,2.697,0.108,,,0.202,0.150,,
2011-03-15,3,2011-06-15,22.190,86.565,,8.737,,,214.589,0.040,,15.298,29.174,,242.827,586.464,33.733,304.147,,,,17.069,,0.040,0.040,,,1.377,7.100,0.215,,,0.189,10.569,,
2011-03-15,4,2011-07-15,396.913,171.927,,6.942,,,369.706,411.778,,15.119,38.026,,314.408,372.890,241.788,200.038,,,,125.121,,0.015,0.015,,,70.738,105.433,330.714,,,53.105,266.929,,
2011-03-15,5,2011-08-15,385.353,261.304,,3.498,,,562.554,404.543,,54.576,423.678,,208.723,338.518,136.707,506.561,,,,520.855,,0.119,9.814,,,259.426,263.317,114.308,,,241.758,393.216,,
2011-03-15,6,2011-09-15,120.941,260.274,,91.294,,,173.699,378.258,,174.158,117.044,,122.247,515.885,255.869,158.404,,,,143.227,,0.113,46.712,,,215.729,830.552,432.657,,,541.189,227.624,,
2011-04-15,1,2011-05-15,0.108,17.692,,0.108,,,,0.108,,0.108,0.108,,0.108,276.459,0.108,0.108,,20.226,,0.108,,0.108,0.108,,,0.108,2.566,0.108,,,0.108,0.108,,
2011-04-15,2,2011-06-15,22.190,52.620,,0.040,,,,0.040,,0.040,30.979,,80.785,494.971,32.646,26.310,,202.914,,17.069,,0.040,0.040,,,1.377,7.162,0.040,,,0.040,0.040,,
2011-04-15,3,2011-07-15,396.913,131.334,,0.015,,,,416.692,,0.015,38.702,,255.765,346.837,218.463,89.522,,133.466,,125.121,,0.015,0.015,,,70.738,112.675,276.510,,,40.196,107.940,,
2011-04-15,4,2011-08-15,385.353,219.778,,0.006,,,,405.043,,0.006,422.786,,190.523,328.896,128.745,450.364,,90.651,,520.855,,1.005,14.639,,,259.426,266.889,106.692,,,230.461,319.234,,
2011-04-15,5,2011-09-15,120.941,234.970,,7.294,,,,378.414,,3.988,116.997,,115.448,512.313,250.310,141.160,,64.885,,143.227,,0.954,53.555,,,215.729,831.863,428.258,,,522.915,207.176,,
2011-04-15,6,2011-10-15,95.573,156.741,,67.014,,,,313.068,,4.102,94.028,,52.549,146.680,447.336,83.282,,89.657,,144.553,,0.355,229.282,,,289.930,158.390,232.827,,,227.961,83.582,,
2011-05-15,1,2011-06-15,22.190,46.805,,0.040,,,,,,0.040,162.590,,265.722,83.476,10.729,17.079,,8.650,,136.533,1.867,0.040,0.040,,,107.909,0.040,0.856,,,0.040,0.040,,
2011-05-15,2,2011-07-15,396.913,114.294,,0.015,,,,,,0.015,102.673,,319.510,238.513,198.282,83.532,,31.503,,246.489,1.611,0.015,0.744,,,190.253,7.954,361.643,,,5.823,154.426,,
2011-05-15,3,2011-08-15,385.353,202.963,,0.006,,,,,,0.838,471.642,,210.341,290.944,124.656,455.147,,41.230,,566.741,107.008,12.355,41.071,,,312.846,154.834,118.644,,,183.761,358.305,,
2011-05-15,4,2011-09-15,120.941,228.515,,19.467,,,,,,65.878,129.658,,122.851,498.348,249.758,141.674,,42.985,,156.726,173.565,9.613,89.272,,,233.769,787.739,435.202,,,510.949,217.309,,
2011-05-15,5,2011-10-15,95.573,182.733,,99.369,,,,,,50.169,99.281,,55.329,141.583,447.039,83.530,,78.826,,149.748,601.666,3.572,306.555,,,296.849,146.548,234.999,,,223.913,87.489,,
2011-05-15,6,2011-11-15,46.717,99.217,,291.705,,,,,,24.858,88.913,,20.575,56.699,188.107,40.452,,41.115,,90.892,136.624,1.327,220.240,,,139.635,68.952,149.242,,,94.719,32.635,,
2011-06-15,1,2011-07-15,396.913,131.008,,17.791,,,,,,26.540,,,190.874,176.648,252.873,,35.927,45.746,,200.870,15.071,53.446,58.682,,,114.954,121.739,416.774,,,157.627,299.041,,42.533
2011-06-15,2,2011-08-15,385.353,195.675,,8.692,,,,,,53.734,,,169.441,258.691,139.569,,196.245,46.560,,550.430,179.368,135.315,132.419,,,282.013,266.492,128.311,,,297.201,404.502,,77.483
2011-06-15,3,2011-09-15,120.941,268.724,,150.607,,,,,,170.900,,,107.458,486.084,258.293,,333.116,45.544,,150.752,199.012,61.129,145.628,,,223.184,831.852,439.787,,,574.034,231.091,,159.834
2011-06-15,4,2011-10-15,95.573,196.341,,199.661,,,,,,93.004,,,49.483,137.495,450.036,,114.451,79.189,,147.529,611.370,22.714,339.705,,,292.864,158.492,236.530,,,240.708,92.610,,71.962
2011-06-15,5,2011-11-15,46.717,106.500,,347.782,,,,,,43.407,,,18.402,55.169,189.149,,120.549,40.909,,90.065,139.795,8.440,231.660,,,138.165,73.541,149.833,,,100.823,34.540,,28.269
2011-06-15,6,2011-12-15,17.359,56.053,,110.708,,,,,,16.129,,,6.838,20.500,82.436,,58.737,15.201,,48.460,54.653,3.136,258.021,,,100.867,32.002,84.403,,,37.464,12.834,,10.504
2011-07-15,1,2011-08-15,385.353,260.003,,111.921,,,,,128.858,175.211,,,204.099,316.465,157.706,,322.231,141.572,125.741,591.746,374.198,302.514,238.794,,,353.909,327.608,125.194,,,,422.291,,
2011-07-15,2,2011-09-15,120.941,274.506,,250.108,,,,,90.673,233.272,,,120.558,507.371,265.932,,376.789,89.142,247.291,161.508,255.641,108.329,186.214,,,246.334,853.837,437.082,,,,236.520,,
2011-07-15,3,2011-10-15,95.573,202.224,,235.478,,,,,67.178,115.377,,,54.498,144.597,452.841,,129.434,102.363,155.099,151.747,633.819,40.283,357.080,,,301.813,165.784,235.777,,,,94.635,,
2011-07-15,4,2011-11-15,46.717,110.720,,363.049,,,,,56.992,52.067,,,20.267,57.828,190.165,,126.606,50.324,70.271,91.642,147.619,14.968,237.896,,,141.421,76.279,149.545,,,,35.293,,
2011-07-15,5,2011-12-15,17.359,58.112,,115.567,,,,,30.206,19.347,,,7.531,21.488,82.815,,60.987,18.699,26.111,49.055,57.569,5.562,260.419,,,102.115,33.025,84.290,,,,13.114,,
2011-07-15,6,2012-01-15,6.450,44.773,,42.942,,,,,11.224,7.189,,,2.798,7.984,32.063,,23.716,6.948,9.702,21.825,21.391,2.067,97.311,,,45.818,252.163,84.447,,,,91.544,,
2011-08-15,1,2011-09-15,120.941,327.044,,402.534,,,,,174.925,307.762,,,166.770,510.456,356.503,,388.322,,374.108,131.633,235.395,123.609,231.253,,,254.699,878.831,566.519,,229.219,,227.217,,
2011-08-15,2,2011-10-15,95.573,221.601,,284.703,,,,,106.790,139.893,,,73.419,147.559,484.862,,133.124,,194.786,128.818,622.950,47.762,378.547,,,305.511,169.656,270.121,,187.134,,91.591,,
2011-08-15,3,2011-11-15,46.717,118.638,,383.087,,,,,76.017,61.735,,,27.356,58.871,200.647,,128.162,,85.013,82.447,145.220,17.747,245.234,,,142.670,77.946,162.746,,87.816,,34.139,,
2011-08-15,4,2011-12-15,17.359,62.286,,122.214,,,,,37.946,22.940,,,10.165,21.875,86.730,,61.566,,31.589,45.142,56.651,6.594,263.323,,,102.648,33.689,89.480,,53.627,,12.685,,
2011-08-15,5,2012-01-15,6.450,46.784,,45.412,,,,,14.100,8.524,,,3.777,8.128,33.518,,23.936,,11.738,20.244,21.050,2.450,98.348,,,46.018,252.410,86.769,,27.521,,91.385,,
2011-08-15,6,2012-02-15,2.397,47.749,,16.874,,,,,5.239,3.167,,,1.403,4.180,50.864,,9.264,,6.298,8.566,7.822,0.910,370.872,,,17.584,213.580,44.643,,10.226,,40.241,,
2011-09-15,1,2011-10-15,95.573,81.025,,90.328,,,,,47.260,45.279,,45.279,45.279,45.279,240.665,,45.279,,50.952,,334.202,45.279,,45.279,,,45.279,,,66.080,59.409,45.279,,
2011-09-15,2,2011-11-15,46.717,48.326,,261.634,,,,,26.297,16.825,,16.854,16.825,16.825,134.876,,29.791,,21.862,,102.658,16.825,,16.825,,,16.825,,,33.069,28.410,16.825,,
2011-09-15,3,2011-12-15,17.359,20.450,,90.059,,,,,13.691,6.252,,23.755,6.252,6.252,61.322,,16.994,,8.123,,39.454,6.252,,6.252,,,6.252,,,19.476,10.556,6.252,,
2011-09-15,4,2012-01-15,6.450,28.803,,33.464,,,,,5.087,2.323,,16.235,2.323,2.323,24.077,,6.744,,3.018,,14.660,2.323,,2.323,,,242.215,,,10.808,3.922,88.994,,
2011-09-15,5,2012-02-15,2.397,21.192,,12.434,,,,,1.890,0.863,,6.033,0.863,2.023,47.357,,2.756,,3.058,,5.447,0.863,,0.863,,,209.792,,,4.016,1.458,39.353,,
2011-09-15,6,2012-03-15,1.351,91.332,,4.620,,,,,20.112,0.321,,2.242,0.321,64.511,1128.804,,1.024,,31.531,,2.024,95.478,,0.321,,,93.153,,,1.492,0.542,14.822,,
2011-10-15,1,2011-11-15,46.717,76.549,,264.704,,46.717,,,79.267,46.726,,94.116,46.717,46.717,60.676,,172.832,,46.717,,46.717,52.321,,55.605,,,70.650,,,47.580,46.717,,,
2011-10-15,2,2011-12-15,17.359,38.057,,89.892,,17.359,,,40.149,17.688,,146.115,17.359,17.359,28.745,,74.941,,17.359,,17.359,22.016,,24.451,,,33.744,,,27.024,17.359,,,
2011-10-15,3,2012-01-15,6.450,30.428,,33.402,,6.450,,,14.919,6.761,,67.004,6.450,6.450,11.972,,29.922,,6.450,,6.450,8.181,,9.085,,,252.430,,,14.468,6.450,,,
2011-10-15,4,2012-02-15,2.397,21.466,,12.411,,2.446,,,5.543,2.512,,25.549,2.397,3.556,42.859,,11.677,,4.333,,2.397,3.040,,3.376,,,213.588,,,5.376,2.397,,,
2011-10-15,5,2012-03-15,1.351,91.424,,4.612,,0.939,,,21.470,0.933,,9.493,0.891,65.081,1127.132,,4.339,,32.005,,0.891,96.286,,1.254,,,94.564,,,1.998,0.891,,,
2011-10-15,6,2012-04-15,0.770,72.249,,1.714,,65.990,,,252.945,0.347,,3.528,125.605,40.338,557.943,,4.886,,19.872,,0.331,40.938,,0.466,,,40.012,,,0.742,0.331,,,
2011-11-15,1,2011-12-15,17.359,17.908,,17.359,,17.359,17.371,,17.359,17.359,,25.346,17.359,17.359,17.359,,,,17.359,,17.359,17.359,,17.359,,,17.359,,,18.146,17.359,,,
2011-11-15,2,2012-01-15,6.450,21.991,,6.450,,6.450,6.462,,6.450,6.450,,13.185,6.450,6.450,7.741,,,,6.450,,6.450,6.450,,6.450,,,246.342,,,7.182,6.450,,,
2011-11-15,3,2012-02-15,2.397,18.256,,2.397,,2.446,2.401,,2.397,2.397,,4.899,2.397,3.556,41.287,,,,4.333,,2.397,2.397,,2.397,,,211.326,,,2.669,2.397,,,
2011-11-15,4,2012-03-15,1.351,90.231,,0.891,,0.939,0.892,,20.300,0.891,,1.820,0.891,65.081,1126.548,,,,32.005,,0.891,96.048,,0.891,,,93.723,,,0.992,0.891,,,
2011-11-15,5,2012-04-15,0.770,71.601,,0.331,,65.990,0.332,,252.510,0.331,,0.676,125.605,40.338,557.726,,,,19.872,,0.331,40.850,,0.331,,,39.700,,,0.368,0.331,,,
2011-11-15,6,2012-05-15,0.286,106.091,,0.916,,272.101,0.123,,82.745,0.123,,0.251,887.750,92.206,322.943,,,,7.384,,0.123,15.179,,0.123,,,15.099,,,0.230,0.164,,,
2011-12-15,1,2012-01-15,6.450,20.637,6.450,,,6.450,6.450,,6.450,6.450,,6.450,6.450,6.450,7.741,,,,6.450,,6.450,6.450,,6.450,,6.450,246.342,,,6.450,6.450,,,
2011-12-15,2,2012-02-15,2.397,25.908,150.635,,,2.446,2.397,,2.397,2.397,,2.397,2.397,3.556,41.287,,,,4.333,,2.397,2.397,,2.397,,2.882,211.326,,,2.397,2.397,,,
2011-12-15,3,2012-03-15,1.351,96.630,199.584,,,0.939,0.891,,20.300,0.891,,0.891,0.891,65.081,1126.548,,,,32.005,,0.891,96.048,,0.891,,1.351,93.723,,,0.891,0.891,,,
2011-12-15,4,2012-04-15,0.770,79.067,198.725,,,65.990,0.331,,252.510,0.331,,0.331,125.605,40.338,557.726,,,,19.872,,0.331,40.850,,0.331,,0.502,39.700,,,0.331,0.331,,,
2011-12-15,5,2012-05-15,0.286,109.273,158.457,,,272.101,0.123,,82.745,0.123,,0.123,887.750,92.206,322.943,,,,7.384,,0.123,15.179,,0.123,,2.775,15.099,,,0.217,0.164,,,
2011-12-15,6,2012-06-15,4.832,120.600,100.898,,,214.597,0.046,,50.667,29.180,,242.832,586.469,245.229,409.119,,,,19.773,,0.046,5.640,,22.196,,7.129,105.614,,,0.195,10.575,,,
2012-01-15,1,2012-02-15,2.397,14.713,,150.635,,,2.446,2.397,,2.397,2.397,,2.397,2.397,3.556,40.123,,,,4.333,,2.397,2.397,,2.397,,2.882,22.174,,,2.397,2.397,,
2012-01-15,2,2012-03-15,1.351,92.009,,199.584,,,0.939,0.891,,20.300,0.891,,0.891,0.891,65.081,1126.116,,,,32.005,,0.891,96.048,,0.891,,1.351,15.606,,,0.891,0.891,,
2012-01-15,3,2012-04-15,0.770,77.099,,198.725,,,65.990,0.331,,252.510,0.331,,0.331,125.605,40.338,557.565,,,,19.872,,0.331,40.850,,0.331,,0.502,6.409,,,0.331,0.331,,
2012-01-15,4,2012-05-15,0.286,108.521,,158.457,,,272.101,0.123,,82.745,0.123,,0.123,887.750,92.206,322.884,,,,7.384,,0.123,15.179,,0.123,,2.775,2.382,,,0.217,0.164,,
2012-01-15,5,2012-06-15,4.832,116.206,,100.898,,,214.597,0.046,,50.667,29.180,,242.832,586.469,245.229,409.097,,,,19.773,,0.046,5.640,,22.196,,7.129,30.940,,,0.195,10.575,,
2012-01-15,6,2012-07-15,88.090,214.055,,50.765,,,369.709,423.440,,45.459,38.028,,314.410,372.892,393.925,233.558,,,,126.126,,0.017,15.657,,396.915,,105.444,432.552,,,53.107,266.931,,
2012-02-15,1,2012-03-15,1.351,59.798,,6.394,,,0.891,0.891,,29.577,0.891,,0.891,0.891,28.427,818.426,,,,19.086,,0.891,104.856,,0.891,,0.891,0.891,,,0.891,0.891,,
2012-02-15,2,2012-04-15,0.770,64.483,,22.645,,,65.972,0.331,,279.893,0.331,,0.331,125.605,19.963,519.236,,,,13.360,,0.331,46.560,,0.331,,0.331,0.331,,,0.331,0.331,,
2012-02-15,3,2012-05-15,0.286,99.790,,50.538,,,272.094,0.123,,87.663,0.123,,0.123,887.750,59.707,312.577,,,,4.964,,0.123,17.301,,0.123,,2.711,0.123,,,0.217,0.164,,
2012-02-15,4,2012-06-15,4.832,110.505,,50.055,,,214.595,0.046,,53.649,31.122,,246.477,586.469,225.218,405.311,,,,18.874,,0.046,6.429,,22.196,,7.106,0.220,,,0.195,10.575,,
2012-02-15,5,2012-07-15,88.090,208.805,,29.572,,,369.708,460.413,,46.872,40.112,,315.316,372.892,387.194,232.206,,,,125.791,,0.017,15.950,,396.915,,105.435,330.716,,,53.642,266.931,,
2012-02-15,6,2012-08-15,269.966,277.645,,13.997,,,562.554,413.450,,79.664,426.082,,209.012,338.518,175.267,518.677,,,,521.104,,0.120,62.662,,385.354,,263.318,114.309,,,242.667,393.216,,
2012-03-15,1,2012-04-15,0.770,40.004,,19.311,,,166.122,0.770,,144.910,0.770,,2.926,248.640,0.770,80.856,,,,0.770,,0.770,0.770,,0.770,,0.770,0.770,,,0.770,9.608,,
2012-03-15,2,2012-05-15,0.286,95.291,,36.683,,,338.830,1.393,,60.190,0.286,,2.272,944.904,1.630,158.090,,,,0.286,,0.286,0.286,,0.286,,39.121,0.286,,,16.679,18.447,,
2012-03-15,3,2012-06-15,4.832,127.397,,43.636,,,233.554,6.819,,34.526,117.335,,395.387,597.275,114.467,344.312,,,,17.135,,0.106,0.106,,99.696,,55.711,28.079,,,19.246,58.356,,
2012-03-15,4,2012-07-15,88.090,238.522,,27.736,,,376.842,566.709,,34.981,87.220,,340.787,376.694,320.442,211.958,,,,125.146,,0.039,0.039,,471.475,,169.696,463.064,,,131.242,350.799,,
2012-03-15,5,2012-08-15,269.966,283.836,,13.403,,,565.116,425.075,,73.156,461.628,,217.051,339.929,157.033,511.080,,,,520.864,,1.438,9.846,,401.649,,289.205,134.747,,,285.863,418.129,,
2012-03-15,6,2012-09-15,219.107,262.783,,122.995,,,174.642,384.578,,186.431,126.896,,125.351,516.409,265.695,160.051,,,,143.230,,1.304,46.751,,126.433,,839.997,442.968,,,568.049,235.528,,
2012-04-15,1,2012-05-15,0.286,21.950,,0.286,,,,0.286,,0.286,0.286,,0.286,321.948,0.286,0.286,,39.524,,0.286,,0.286,0.286,,0.286,,7.671,0.286,,,0.286,0.286,,
2012-04-15,2,2012-06-15,4.832,64.011,,0.106,,,,0.106,,0.106,53.579,,110.666,503.655,57.833,49.994,,229.004,,17.135,,0.106,0.106,,46.385,,19.083,0.106,,,0.106,0.106,,
2012-04-15,3,2012-07-15,88.090,167.389,,0.039,,,,465.607,,0.039,52.980,,270.886,349.120,239.572,108.207,,140.943,,125.146,,0.039,0.756,,421.404,,137.682,321.388,,,67.841,143.966,,
2012-04-15,4,2012-08-15,269.966,234.444,,0.015,,,,410.849,,0.015,433.347,,195.072,329.727,135.207,460.735,,93.597,,520.864,,9.476,33.971,,391.063,,276.980,113.306,,,247.479,333.853,,
2012-04-15,5,2012-09-15,219.107,233.746,,17.855,,,,380.193,,7.303,119.811,,117.144,512.621,253.390,144.084,,66.047,,143.230,,7.253,70.987,,122.902,,835.543,432.271,,,531.805,211.234,,
2012-04-15,6,2012-10-15,291.269,148.211,,88.382,,,,313.714,,7.952,95.182,,53.182,146.794,448.451,84.422,,90.129,,144.554,,2.695,238.748,,96.330,,159.606,234.056,,,230.314,85.083,,
2012-05-15,1,2012-06-15,4.832,8.292,,0.106,,,,,,0.106,27.519,,84.153,0.965,0.106,0.106,,0.106,,26.948,0.106,0.106,0.106,,0.106,,0.106,0.106,,,0.106,0.106,,
2012-05-15,2,2012-07-15,88.090,62.695,,0.039,,,,,,0.039,37.493,,259.564,128.787,70.975,9.170,,0.039,,141.478,0.039,0.039,0.039,,213.724,,0.039,158.794,,,0.039,45.515,,
2012-05-15,3,2012-08-15,269.966,152.290,,0.015,,,,,,0.015,422.140,,191.631,240.838,76.029,324.432,,0.649,,528.091,5.101,0.015,1.092,,341.430,,35.928,82.996,,,88.400,250.135,,
2012-05-15,4,2012-09-15,219.107,180.879,,0.055,,,,,,5.126,116.804,,115.861,479.366,196.044,114.768,,7.822,,145.309,87.642,0.005,25.805,,108.080,,678.418,413.653,,,392.418,187.775,,
2012-05-15,5,2012-10-15,291.269,145.599,,31.690,,,,,,5.508,93.950,,52.703,135.277,426.855,71.794,,41.441,,145.364,545.349,0.002,208.028,,90.037,,127.262,228.316,,,195.670,75.939,,
2012-05-15,6,2012-11-15,137.586,81.549,,222.571,,,,,,2.782,86.756,,19.599,54.338,181.769,35.718,,23.431,,89.254,122.845,0.001,181.784,,44.663,,61.093,146.733,,,84.660,28.338,,
2012-06-15,1,2012-07-15,88.090,152.301,,4.230,,,,654.740,,8.145,,,,143.703,220.447,51.097,14.668,23.204,,170.820,4.211,30.607,33.451,,362.610,,92.578,382.044,,,127.465,265.097,,
2012-06-15,2,2012-08-15,269.966,227.725,,1.583,,,,435.334,,39.438,,,,250.471,131.555,420.680,180.657,34.237,,539.992,155.494,121.723,120.233,,378.125,,256.062,121.950,,,286.804,396.980,,
2012-06-15,3,2012-09-15,219.107,273.299,,136.582,,,,387.513,,162.934,,,,483.332,255.116,133.868,327.528,39.407,,147.626,192.014,56.607,140.662,,118.517,,828.014,436.926,,,570.896,228.534,,
2012-06-15,4,2012-10-15,291.269,199.239,,193.408,,,,316.359,,90.250,,,,136.479,448.821,80.350,112.565,76.200,,146.328,608.929,21.034,337.723,,94.637,,157.193,235.551,,,239.555,91.675,,
2012-06-15,5,2012-11-15,137.586,106.894,,344.976,,,,116.683,,42.342,,,,54.791,188.713,39.211,119.808,39.884,,89.619,138.949,7.816,230.939,,46.362,,73.050,149.461,,,100.396,34.192,,
2012-06-15,6,2012-12-15,100.644,53.485,,109.841,,,,43.438,,15.733,,,,20.359,82.274,17.711,58.461,14.820,,48.293,54.338,2.904,257.748,,17.227,,31.818,84.263,,,37.305,12.705,,
2012-07-15,1,2012-08-15,269.966,209.632,,50.627,149.388,,,330.571,62.562,102.265,,,,,87.542,448.451,239.135,73.353,60.663,501.644,287.779,222.028,160.781,,300.276,,244.862,60.054,,,265.076,335.957,,
2012-07-15,2,2012-09-15,219.107,243.555,,208.149,124.616,,,354.709,57.922,199.190,,,,,229.351,141.775,348.183,58.389,207.774,138.290,229.568,83.511,156.000,,96.729,,823.972,395.121,,,563.391,210.913,,
2012-07-15,3,2012-10-15,291.269,194.253,,220.419,210.393,,,304.454,52.329,103.216,,,,,439.233,83.382,119.605,87.215,141.363,142.610,623.974,31.034,344.567,,85.158,,156.338,223.030,,,237.226,85.265,,
2012-07-15,4,2012-11-15,137.586,104.445,,356.973,90.752,,,112.338,50.110,47.410,,,,,185.482,40.355,122.689,44.490,65.152,88.225,144.069,11.532,233.391,,42.757,,72.700,144.692,,,99.539,31.803,,
2012-07-15,5,2012-12-15,100.644,51.793,,113.511,38.455,,,41.823,27.425,17.616,,,,,81.069,18.116,59.531,16.531,24.209,47.766,56.248,4.285,258.701,,15.888,,31.682,82.413,,,36.986,11.817,,
2012-07-15,6,2013-01-15,45.269,39.634,,42.178,14.289,,,15.540,10.190,6.546,,,,,31.415,8.033,23.170,6.143,8.995,21.341,20.900,1.592,96.683,,5.903,,251.664,83.651,,,13.743,91.062,,
2012-08-15,1,2012-09-15,219.107,272.729,,364.823,152.029,,116.363,334.374,141.535,271.115,,,,,319.313,116.561,350.719,132.211,336.650,100.337,199.659,94.014,195.889,,92.069,,839.040,527.778,,,577.527,192.579,,
2012-08-15,2,2012-10-15,291.269,205.623,,271.868,222.721,,181.455,298.000,92.928,127.195,,,,,471.299,71.672,121.065,132.702,182.133,112.892,608.195,36.190,363.944,,80.919,,158.449,257.980,,,241.701,79.162,,
2012-08-15,3,2012-11-15,137.586,129.221,,378.155,95.449,,503.246,110.255,70.083,56.888,,,,,195.934,35.486,123.047,62.030,80.313,76.212,140.353,13.447,240.017,,40.992,,73.638,158.180,,,101.199,29.497,,
2012-08-15,4,2012-12-15,100.644,60.540,,120.460,40.251,,191.281,41.044,35.623,21.138,,,,,84.978,16.086,59.664,23.049,29.843,42.629,54.833,4.997,261.325,,15.232,,32.061,87.742,,,37.603,10.960,,
2012-08-15,5,2013-01-15,45.269,42.523,,44.760,14.956,,84.109,15.251,13.237,7.855,,,,,32.867,7.204,23.218,8.564,11.089,19.259,20.375,1.857,97.621,,5.660,,251.805,86.066,,,13.972,90.744,,
2012-08-15,6,2013-02-15,17.306,46.867,,16.632,80.079,,31.253,9.903,4.918,2.919,,,,,50.623,30.695,8.995,3.182,6.057,8.200,7.571,0.690,370.597,,2.103,,213.355,44.377,,,5.192,40.003,,
2012-09-15,1,2012-10-15,291.269,178.556,,220.179,261.898,119.148,252.833,258.549,129.108,109.457,,,,,420.570,117.706,92.328,189.186,143.369,147.752,,89.961,352.035,,,,91.293,189.670,,,162.333,90.001,133.734,
2012-09-15,2,2012-11-15,137.586,123.483,,353.793,109.760,53.980,540.020,98.735,90.223,48.739,,,,,183.303,55.439,97.034,82.203,65.473,87.778,,33.427,237.252,,,,38.530,129.124,,,73.605,33.467,57.775,
2012-09-15,3,2012-12-15,100.644,58.050,,113.519,46.072,20.058,201.861,36.711,44.062,18.110,,,,,80.209,24.612,49.640,30.545,24.328,46.157,,12.421,259.840,,,,16.353,75.258,,,27.350,12.436,21.468,
2012-09-15,4,2013-01-15,45.269,41.481,,42.181,17.119,7.453,88.026,13.641,16.372,6.729,,,,,31.095,10.737,19.150,11.350,9.040,20.380,,4.615,97.143,,,,245.968,79.189,,,10.163,91.292,7.977,
2012-09-15,5,2013-02-15,17.306,46.470,,15.674,80.883,2.819,32.708,9.305,6.084,2.500,,,,,49.964,32.007,7.420,4.217,5.295,8.616,,1.715,370.413,,,,211.187,41.654,,,3.776,40.207,2.964,
2012-09-15,6,2013-03-15,6.711,90.233,,5.824,41.111,1.077,12.154,65.328,21.670,0.929,,,,,1129.773,19.468,2.757,1.567,32.362,144.164,,95.794,103.891,,,,93.671,15.477,,,1.403,15.140,1.101,
2012-10-15,1,2012-11-15,137.586,168.925,,395.878,116.827,104.951,551.395,104.888,,108.021,,,,,147.489,115.504,293.621,105.918,104.221,109.338,,123.259,217.134,,,,165.577,183.011,,116.336,104.864,105.654,104.619,
2012-10-15,2,2012-12-15,100.644,76.269,,122.502,49.156,39.427,205.047,39.370,,43.809,,,,,65.908,56.899,112.892,40.332,38.726,44.524,,53.501,249.840,,,,70.650,101.025,,73.241,39.347,40.083,39.111,
2012-10-15,3,2013-01-15,45.269,49.737,,45.519,18.265,14.650,89.175,14.629,,17.129,,,,,25.781,25.103,46.428,14.986,14.390,17.303,,19.880,94.162,,,,266.144,97.453,,36.467,14.620,108.133,14.533,
2012-10-15,4,2013-02-15,17.306,49.543,,16.914,81.308,5.493,33.135,9.672,,6.365,,,,,47.990,37.345,18.293,5.569,7.283,7.473,,7.387,368.913,,,,218.683,48.993,,13.550,5.433,45.654,5.400,
2012-10-15,5,2013-03-15,6.711,90.413,,6.285,41.269,2.071,12.312,65.465,,2.365,,,,,1129.039,21.452,6.797,2.069,33.101,143.739,,97.902,103.442,,,,96.457,18.205,,5.035,2.019,17.230,2.006,
2012-10-15,6,2013-04-15,2.493,63.062,,2.335,79.255,66.411,4.575,37.349,,0.879,,,,,558.652,7.971,5.800,275.217,20.280,64.390,,41.539,39.337,,,,40.716,6.764,,1.871,0.750,6.402,0.746,
2012-11-15,1,2012-12-15,100.644,67.941,,62.056,62.056,62.056,71.050,62.056,,69.884,,,,,62.056,69.173,62.056,62.056,62.056,62.056,,62.056,123.671,,,,62.056,71.566,,84.488,62.056,62.266,62.056,
2012-11-15,2,2013-01-15,45.269,46.300,,23.059,23.059,23.059,30.896,23.059,,29.230,,,,,24.350,29.084,23.488,23.059,23.059,23.059,,23.059,54.628,,,,262.951,67.846,,40.230,23.059,132.718,23.059,
2012-11-15,3,2013-02-15,17.306,47.986,,8.568,83.090,8.617,11.480,12.804,,10.861,,,,,47.458,38.825,8.977,8.568,10.504,9.612,,8.568,351.584,,,,217.497,36.368,,14.948,8.568,54.248,8.568,
2012-11-15,4,2013-03-15,6.711,89.881,,3.184,41.931,3.232,4.266,66.628,,4.036,,,,,1128.841,22.001,3.336,3.184,34.298,144.534,,98.341,97.729,,,,96.016,13.513,,5.554,3.184,20.620,3.184,
2012-11-15,5,2013-04-15,2.493,62.864,,1.183,79.501,66.842,1.585,37.782,,1.500,,,,,558.578,8.175,4.513,275.631,20.725,64.685,,41.702,37.214,,,,40.552,5.021,,2.064,1.183,7.662,1.183,
2012-11-15,6,2013-05-15,3.515,107.908,,1.233,132.955,272.417,0.589,14.907,,0.557,,,,,323.260,206.676,184.073,899.661,7.701,62.901,,15.495,13.828,,,,15.415,1.866,,0.860,0.481,2.847,0.440,
2012-12-15,1,2013-01-15,45.269,70.749,45.269,45.269,45.269,45.269,45.269,45.269,,45.269,,,,45.269,53.017,,53.376,45.269,45.269,45.269,,48.895,45.269,,,,375.008,80.286,,45.269,45.462,195.908,45.269,
2012-12-15,2,2013-02-15,17.306,62.386,165.059,16.821,91.342,16.870,16.821,21.057,,16.821,,,,17.981,83.703,,23.478,16.821,19.026,17.865,,20.035,348.107,,,,256.871,39.657,,16.821,17.009,71.126,16.821,
2012-12-15,3,2013-03-15,6.711,103.328,204.944,6.250,44.998,6.299,6.250,69.695,,6.250,,,,70.441,1173.915,,8.724,6.250,44.675,147.600,,107.063,96.437,,,,108.831,14.735,,6.250,6.320,27.717,6.250,
2012-12-15,4,2013-04-15,2.493,72.729,200.716,2.322,80.640,67.982,2.322,38.921,,2.322,,,,42.330,566.412,,6.515,276.771,24.733,65.825,,44.192,36.734,,,,45.794,5.475,,2.322,2.348,10.299,2.322,
2012-12-15,5,2013-05-15,3.515,105.550,159.197,1.656,133.378,272.841,0.863,15.331,,0.863,,,,92.946,325.849,,184.817,900.085,9.190,63.325,,16.421,13.649,,,,17.533,2.035,,0.957,0.914,3.827,0.863,
2012-12-15,6,2013-06-15,7.404,201.705,101.173,44.494,411.907,214.872,0.321,74.919,,29.454,,,,245.504,410.191,,313.792,1054.606,20.444,103.153,,6.102,5.072,,,,111.521,0.756,,0.470,10.853,421.675,654.534,
2013-01-15,1,2013-02-15,17.306,27.529,,165.059,16.821,,16.870,16.821,21.057,16.821,16.821,,,,17.981,54.547,,16.821,16.821,18.757,17.865,,16.821,,,,,36.598,16.821,,16.821,16.821,16.821,16.821
2013-01-15,2,2013-03-15,6.711,93.918,,204.944,6.250,,6.299,6.250,69.695,25.660,6.250,,,,70.441,1131.476,,6.250,6.250,37.364,147.600,,101.407,,,,,20.965,6.250,,6.250,6.250,6.250,6.250
2013-01-15,3,2013-04-15,2.493,80.194,,200.716,2.322,,67.982,2.322,38.921,254.502,2.322,,,,42.330,559.557,,5.596,276.771,21.864,65.825,,42.841,,,,,8.401,2.322,,2.322,2.322,2.322,2.322
2013-01-15,4,2013-05-15,3.515,106.515,,159.197,1.656,,272.841,0.863,15.331,83.485,0.863,,,,92.946,323.624,,184.475,900.085,8.124,63.325,,15.919,,,,,3.122,0.863,,0.957,0.904,0.863,0.863
2013-01-15,5,2013-06-15,7.404,189.250,,101.173,44.494,,214.872,0.321,74.919,50.942,29.454,,,,245.504,409.372,,313.665,1054.606,20.048,103.153,,5.915,,,,,31.215,0.321,,0.470,10.850,419.182,654.534
2013-01-15,6,2013-07-15,105.546,251.045,,50.867,629.326,,369.811,423.542,878.199,45.561,38.130,,,,394.027,233.660,,165.402,388.525,126.228,51.395,,15.760,,,,,432.654,0.119,,53.209,267.033,278.697,178.759
2013-02-15,1,2013-03-15,6.711,74.235,,12.772,6.711,,6.711,6.712,,47.141,6.711,,,,49.350,863.683,,6.711,6.711,37.483,177.330,,138.001,,,10.879,,6.711,6.711,,6.711,6.711,,6.711
2013-02-15,2,2013-04-15,2.493,74.912,,38.337,2.493,,68.135,2.495,,303.015,2.493,,,,29.334,525.635,,5.767,276.942,21.617,74.869,,53.555,,,6.173,,2.493,2.493,,2.493,2.493,,2.493
2013-02-15,3,2013-05-15,3.515,106.062,,65.436,1.720,,272.898,0.927,,93.656,0.927,,,,72.511,314.418,,184.539,900.148,8.032,72.690,,19.900,,,2.294,,0.927,0.927,,1.327,0.968,,0.927
2013-02-15,4,2013-06-15,7.404,170.243,,59.952,44.517,,214.894,0.701,,57.077,29.478,,,,233.203,405.978,,313.689,1054.630,20.014,110.649,,7.394,,,15.078,,0.568,0.344,,1.021,10.874,,654.557
2013-02-15,5,2013-07-15,105.546,207.284,,34.126,629.335,,369.819,499.777,,49.133,38.139,,,,389.390,232.447,,165.410,388.534,126.215,54.184,,20.630,,,103.420,,331.240,0.128,,60.662,267.042,,178.768
2013-02-15,6,2013-08-15,263.359,278.262,,15.966,252.983,,562.596,417.263,,80.888,423.720,,,,176.066,518.767,,103.064,161.299,521.262,211.588,,67.655,,,276.891,,114.407,599.566,,246.373,393.258,,143.368
2013-03-15,1,2013-04-15,2.493,24.386,,3.222,2.493,,68.135,2.493,,56.924,2.493,,,,2.493,19.927,,5.767,276.942,2.493,2.493,,2.493,,,2.493,,2.493,2.493,,2.493,2.493,,2.493
2013-03-15,2,2013-05-15,3.515,78.577,,5.071,1.720,,272.898,0.927,,32.035,0.927,,,,0.927,84.166,,184.539,900.148,0.927,2.061,,0.927,,,0.927,,0.927,0.927,,1.020,0.968,,0.927
2013-03-15,3,2013-06-15,7.404,143.140,,9.042,44.517,,214.894,0.344,,15.602,29.478,,,,34.037,304.451,,313.689,1054.630,17.373,12.798,,0.344,,,1.681,,0.519,0.344,,0.493,10.874,,654.557
2013-03-15,4,2013-07-15,105.546,184.353,,7.055,629.335,,369.819,411.891,,15.232,38.139,,,,241.901,200.151,,165.410,388.534,125.234,9.044,,0.128,,,70.851,,330.827,0.128,,53.218,267.042,,178.768
2013-03-15,5,2013-08-15,263.359,264.242,,3.540,252.983,,562.596,404.585,,54.618,423.720,,,,136.749,506.603,,103.064,161.299,520.897,128.270,,9.856,,,259.468,,114.350,599.566,,241.800,393.258,,143.368
2013-03-15,6,2013-09-15,830.567,211.767,,91.310,163.260,,173.715,378.274,,174.174,117.059,,,,255.885,158.419,,69.692,256.458,143.242,178.601,,46.728,,,215.745,,432.673,208.945,,541.204,227.639,,190.552
2013-04-15,1,2013-05-15,3.515,2.204,,0.927,2.623,,1.358,0.927,,0.927,0.927,,,,0.927,0.927,,18.581,,0.927,2.862,,0.927,,,0.927,,0.927,,,0.927,0.927,,0.927
2013-04-15,2,2013-06-15,7.404,56.341,,0.344,47.500,,20.297,0.344,,0.344,27.548,,,,28.871,23.094,,196.290,,17.373,14.754,,0.344,,,1.681,,0.344,,,0.344,0.344,,577.970
2013-04-15,3,2013-07-15,105.546,148.295,,0.128,630.501,,238.712,406.115,,0.128,34.981,,,,212.495,84.127,,131.587,,125.234,9.983,,0.128,,,70.851,,267.287,,,35.147,100.276,,173.338
2013-04-15,4,2013-08-15,263.359,233.659,,0.048,253.324,,522.403,403.718,,0.048,419.239,,,,127.211,447.949,,89.895,,520.897,129.540,,11.306,,,259.468,,105.000,,,225.214,315.909,,141.044
2013-04-15,5,2013-09-15,830.567,189.038,,6.302,163.386,,159.930,378.006,,4.003,116.129,,,,249.706,140.418,,64.578,,143.242,179.002,,48.773,,,215.745,,427.169,,,521.443,206.202,,189.612
2013-04-15,6,2013-10-15,157.988,200.886,,62.245,226.878,,204.471,312.919,,4.108,93.661,,,,447.108,82.995,,89.529,,144.559,604.503,,226.347,,,289.936,,232.501,,,227.477,83.237,,82.588
2013-05-15,1,2013-06-15,7.404,169.493,,5.591,73.841,,,8.554,,6.673,366.264,,,,92.467,160.655,319.014,129.080,,322.141,81.980,,10.264,,143.538,301.970,,86.662,,,3.452,21.232,,917.498
2013-05-15,2,2013-07-15,105.546,250.945,,4.236,654.728,,,674.067,,12.173,141.840,,,,331.396,160.783,142.571,110.252,,306.525,42.090,,49.407,,510.761,241.890,,506.188,,,103.871,328.794,,195.445
2013-05-15,3,2013-08-15,263.359,272.520,,2.153,258.776,,,437.153,,51.625,493.551,,,,158.594,491.273,269.374,80.991,,586.388,207.655,,141.518,,411.164,331.816,,145.178,,,275.967,411.963,,150.211
2013-05-15,4,2013-09-15,830.567,230.622,,118.793,165.408,,,388.080,,171.457,136.100,,,,266.814,153.040,358.802,60.889,,163.059,206.894,,149.595,,129.758,240.512,,447.173,,,568.217,233.223,,193.381
2013-05-15,5,2013-10-15,157.988,213.305,,184.961,227.648,,,316.564,,93.278,101.834,,,,453.133,87.867,123.271,87.927,,152.148,615.326,,342.082,,99.008,299.389,,239.099,,,238.583,93.418,,83.958
2013-05-15,6,2013-11-15,73.345,114.541,,340.806,97.104,,,116.758,,43.554,89.920,,,,190.261,42.089,124.143,44.735,,91.786,141.060,,232.469,,47.992,140.572,,150.781,,,100.035,34.840,,32.840
2013-06-15,1,2013-07-15,105.546,154.732,,6.223,,,,676.236,,10.869,24.453,,,,238.377,55.685,19.460,30.847,,188.837,4.954,,34.907,,381.987,102.341,,401.950,,,141.555,282.162,,29.608
2013-06-15,2,2013-08-15,263.359,241.662,,3.454,,,,437.105,,48.772,418.820,,,,134.710,435.397,193.387,40.473,,544.310,172.582,,133.028,,381.230,276.361,,124.315,,,291.821,401.693,,70.794
2013-06-15,3,2013-09-15,830.567,224.869,,150.421,,,,388.045,,170.049,115.135,,,,257.088,136.487,331.676,42.062,,148.716,195.347,,145.962,,119.443,221.255,,438.124,,,574.286,229.914,,158.761
2013-06-15,4,2013-10-15,157.988,208.739,,197.060,,,,316.551,,92.777,93.378,,,,449.484,81.472,113.885,78.427,,146.747,610.890,,340.615,,95.042,292.076,,235.952,,,240.539,92.207,,71.466
2013-06-15,5,2013-11-15,73.345,114.238,,346.814,,,,116.753,,43.359,86.508,,,,188.944,39.658,120.422,41.062,,89.777,139.537,,231.946,,46.509,137.888,,149.601,,,100.756,34.390,,28.116
2013-06-15,6,2013-12-15,31.927,71.084,,110.324,,,,43.465,,16.111,240.258,,,,82.362,17.873,58.687,15.258,,48.353,54.559,,258.157,,17.282,100.756,,84.317,,,37.439,12.778,,10.447
2013-07-15,1,2013-08-15,263.359,210.466,,58.755,,,,,73.052,116.143,,,,251.798,99.658,,257.810,84.743,70.553,523.759,308.076,239.367,176.951,,319.804,288.937,,70.057,,,282.301,356.158,,
2013-07-15,2,2013-09-15,830.567,235.409,,220.576,,,,,65.827,207.752,,,,484.712,239.410,,354.154,65.274,219.079,141.635,234.295,87.658,162.733,,100.607,224.474,,407.558,,,570.775,215.432,,
2013-07-15,3,2013-10-15,157.988,200.516,,224.771,,,,,56.625,106.150,,,,136.685,442.946,,121.439,91.648,145.102,144.091,625.823,32.580,347.735,,87.301,293.477,,226.280,,,239.224,86.892,,
2013-07-15,4,2013-11-15,73.345,110.489,,358.842,,,,,52.387,48.567,,,,54.873,186.675,,123.499,46.254,66.541,88.786,144.702,12.106,234.501,,43.598,138.369,,145.938,,,100.267,32.412,,
2013-07-15,5,2013-12-15,31.927,57.744,,114.103,,,,,28.383,18.046,,,,20.390,81.516,,59.832,17.187,24.725,47.984,56.484,4.498,259.137,,16.200,100.957,,82.914,,,37.257,12.044,,
2013-07-15,6,2014-01-15,251.755,30.522,,42.398,,,,,10.546,6.706,,,,7.576,31.580,,23.284,6.386,9.187,21.425,20.988,1.671,96.840,,6.020,45.387,,83.886,,,13.844,91.146,,
2013-08-15,1,2013-09-15,830.567,268.303,,357.981,,,,,138.016,265.065,,,,464.217,312.967,,343.880,,330.025,98.470,194.094,93.329,190.735,,91.898,213.883,,520.090,,189.116,569.589,187.797,,
2013-08-15,2,2013-10-15,157.988,212.546,,270.119,,,,,90.457,125.579,,,,134.947,468.915,,119.952,,180.546,108.763,605.136,35.546,360.899,,78.077,288.421,,256.822,,170.615,240.676,77.821,,
2013-08-15,3,2013-11-15,73.345,115.599,,377.383,,,,,68.538,56.187,,,,54.041,195.315,,122.150,,79.713,74.416,139.671,13.208,239.053,,39.644,136.707,,157.681,,81.628,100.859,28.985,,
2013-08-15,4,2013-12-15,31.927,60.808,,120.233,,,,,34.953,20.878,,,,20.080,84.749,,59.327,,29.620,41.810,54.572,4.908,260.926,,14.731,100.219,,87.526,,50.958,37.477,10.770,,
2013-08-15,5,2014-01-15,251.755,32.107,,44.676,,,,,12.988,7.758,,,,7.461,32.782,,23.081,,11.006,18.916,20.278,1.824,97.483,,5.474,45.110,,85.943,,26.450,13.926,90.673,,
2013-08-15,6,2014-02-15,213.337,35.248,,16.600,,,,,4.826,2.883,,,,3.932,50.591,,8.942,,6.026,8.072,7.535,0.678,370.541,,2.034,17.247,,44.328,,9.828,5.174,39.977,,
2013-09-15,1,2013-10-15,157.988,288.443,,324.922,,,,,217.155,191.128,,,,159.280,541.346,,162.426,,235.070,248.723,668.000,151.215,,,332.381,403.314,,288.976,,277.651,258.191,155.319,,
2013-09-15,2,2013-11-15,73.345,140.552,,400.299,,,,,133.564,82.975,,,,63.377,216.179,,149.341,,99.624,128.352,165.489,56.436,,,122.379,172.650,,170.081,,120.782,107.119,60.189,,
2013-09-15,3,2013-12-15,31.927,61.117,,127.371,,,,,61.503,30.926,,,,23.549,92.500,,69.310,,37.018,63.473,64.124,20.970,,,45.473,116.316,,92.893,,70.270,39.803,22.365,,
2013-09-15,4,2014-01-15,251.755,32.955,,47.328,,,,,22.853,11.549,,,,8.750,35.662,,26.952,,13.755,27.383,23.827,7.792,,,16.897,51.181,,88.987,,34.587,14.790,94.981,,
2013-09-15,5,2014-02-15,213.337,16.132,,17.586,,,,,8.492,4.291,,,,4.411,51.661,,10.411,,7.047,11.218,8.854,2.895,,,6.278,19.503,,45.540,,12.852,5.496,41.578,,
2013-09-15,6,2014-03-15,94.470,97.359,,6.535,,,,,22.565,1.595,,,,65.399,1130.403,,3.868,,33.013,145.131,3.290,96.233,,,2.793,7.527,,16.922,,4.775,2.042,15.649,,
2013-10-15,1,2013-11-15,73.345,98.388,,233.035,,62.235,372.231,,77.403,62.235,,,,62.235,66.260,,150.812,,62.235,,62.235,63.539,,,62.235,65.163,,84.049,,62.235,62.235,,62.235,
2013-10-15,2,2013-12-15,31.927,41.132,,87.184,,23.125,159.081,,35.449,23.125,,,,23.125,26.773,,69.038,,23.125,,23.125,24.339,,,23.125,39.698,,47.351,,25.333,23.125,,23.125,
2013-10-15,3,2014-01-15,251.755,18.553,,32.396,,8.593,71.455,,13.172,8.593,,,,8.593,11.239,,26.617,,8.593,,8.593,9.044,,,8.593,20.123,,51.939,,10.673,8.593,,8.593,
2013-10-15,4,2014-02-15,213.337,9.978,,12.037,,3.242,26.551,,4.894,3.193,,,,4.353,42.586,,10.229,,5.129,,3.193,3.361,,,3.193,7.962,,29.346,,3.966,3.193,,3.193,
2013-10-15,5,2014-03-15,94.470,81.396,,4.473,,1.235,9.866,,21.228,1.186,,,,65.377,1127.031,,3.801,,32.301,,1.186,96.406,,,1.647,3.239,,10.904,,1.474,1.186,,1.186,
2013-10-15,6,2014-04-15,39.978,58.631,,1.662,,66.100,3.666,,252.855,0.441,,,,40.448,557.906,,4.686,,19.982,,0.441,40.983,,,0.880,1.203,,4.052,,0.548,0.441,,0.441,
2013-11-15,1,2013-12-15,31.927,40.593,,31.927,,31.927,48.516,,31.927,40.525,,,,31.927,31.927,,32.231,,31.927,,,31.927,,,31.927,93.367,,49.255,,66.333,31.927,,31.927,
2013-11-15,2,2014-01-15,251.755,20.068,,11.863,,11.863,24.679,,11.863,19.408,,,,11.863,13.154,,12.657,,11.863,,,11.863,,,11.863,41.684,,68.090,,34.644,11.863,,11.863,
2013-11-15,3,2014-02-15,213.337,10.858,,4.408,,4.457,9.170,,4.408,7.212,,,,5.568,43.298,,4.994,,6.344,,,4.408,,,4.408,15.974,,37.395,,12.873,4.408,,4.408,
2013-11-15,4,2014-03-15,94.470,86.578,,1.638,,1.686,3.407,,21.048,2.680,,,,65.828,1127.296,,1.856,,32.752,,,96.795,,,2.098,6.216,,13.895,,4.783,1.638,,1.638,
2013-11-15,5,2014-04-15,39.978,62.331,,0.609,,66.268,1.266,,252.788,0.996,,,,40.616,558.004,,3.963,,20.150,,,41.127,,,1.047,2.310,,5.163,,1.777,0.609,,0.609,
2013-11-15,6,2014-05-15,15.202,61.619,,1.019,,272.204,0.470,,82.848,0.370,,,,92.309,323.047,,183.869,,7.487,,,15.282,,,0.389,3.447,,1.918,,0.754,0.268,,0.226,
2013-12-15,1,2014-01-15,251.755,17.264,11.863,11.863,,11.863,11.863,,11.863,11.863,,,,11.863,13.154,,12.293,,11.863,,,11.863,,,11.863,11.863,,20.680,,11.863,11.863,98.534,11.863,
2013-12-15,2,2014-02-15,213.337,17.571,152.647,4.408,,4.457,4.408,,4.408,4.408,,,,5.568,43.298,,4.817,,6.344,,,4.408,,,4.408,4.893,,11.679,,4.408,4.408,42.898,4.408,
2013-12-15,3,2014-03-15,94.470,87.891,200.331,1.638,,1.686,1.638,,21.048,1.638,,,,65.828,1127.296,,1.790,,32.752,,,96.795,,,2.098,2.098,,4.340,,1.638,1.638,16.140,1.638,
2013-12-15,4,2014-04-15,39.978,66.388,199.003,0.609,,66.268,0.609,,252.788,0.609,,,,40.616,558.004,,3.939,,20.150,,,41.127,,,1.047,0.780,,1.613,,0.609,0.609,5.997,0.609,
2013-12-15,5,2014-05-15,15.202,63.554,158.560,1.019,,272.204,0.226,,82.848,0.226,,,,92.309,323.047,,183.860,,7.487,,,15.282,,,0.389,2.878,,0.599,,0.320,0.268,2.229,0.226,
2013-12-15,6,2014-06-15,105.652,140.571,100.936,44.257,,214.636,0.084,,50.705,29.218,,,,245.268,409.157,,313.436,,19.811,,,5.678,,,4.871,7.168,,0.223,,0.233,10.613,419.689,654.297,
2014-01-15,1,2014-02-15,213.337,134.456,,487.674,81.330,,101.491,81.330,,81.330,95.580,,,,165.420,297.417,,81.335,,172.474,,,81.352,,,120.908,135.982,,81.638,,109.966,81.330,82.324,81.330
2014-01-15,2,2014-03-15,94.470,160.124,,314.820,30.220,,44.411,30.220,,60.924,41.028,,,,259.260,1341.604,,30.225,,173.580,,,225.127,,,93.925,63.538,,30.517,,51.223,30.220,31.172,30.220
2014-01-15,3,2014-04-15,39.978,92.904,,248.130,11.229,,82.143,11.229,,295.166,15.245,,,,114.628,597.458,,14.505,,72.576,,,76.657,,,45.132,23.609,,11.339,,19.179,11.229,11.583,11.229
2014-01-15,4,2014-05-15,15.202,77.201,,177.901,4.966,,278.103,4.173,,92.594,5.665,,,,153.274,336.138,,187.786,,26.968,,,28.484,,,16.770,25.447,,4.213,,34.450,4.214,4.304,4.173
2014-01-15,5,2014-06-15,105.652,155.188,,108.418,45.723,,216.828,1.550,,55.674,86.015,,,,272.447,414.006,,314.895,,27.050,,,11.122,,,78.598,37.478,,1.566,,33.708,12.080,420.460,655.763
2014-01-15,6,2014-07-15,519.922,212.544,,53.668,629.783,,370.538,455.718,,47.730,75.383,,,,403.536,235.362,,165.859,,128.829,,,28.640,,,173.023,155.802,,0.582,,175.467,267.490,279.172,179.216
2014-02-15,1,2014-03-15,94.470,225.727,,214.311,83.290,,83.290,128.851,,316.848,90.201,,,,327.640,1316.098,,83.290,83.382,245.256,,,467.862,,,183.088,83.711,,83.290,,98.067,91.319,,83.290
2014-02-15,2,2014-04-15,39.978,151.617,,209.116,30.949,,137.994,60.011,,492.916,37.078,,,,131.711,589.223,,55.296,494.987,88.285,,,122.454,,,75.582,31.358,,30.949,,43.247,67.006,,30.949
2014-02-15,3,2014-05-15,15.202,157.625,,161.152,12.293,,319.526,52.419,,137.822,13.777,,,,167.394,333.190,,334.420,960.737,32.870,,,45.838,,,28.084,71.698,,11.500,,87.111,55.917,,11.500
2014-02-15,4,2014-06-15,105.652,220.830,,102.068,58.897,,229.042,50.081,,79.345,215.796,,,,278.180,412.904,,359.932,1068.357,30.828,,,20.326,,,116.555,76.490,,4.273,,64.194,89.949,,717.722
2014-02-15,5,2014-07-15,519.922,249.788,,51.183,641.661,,375.123,720.329,,60.122,116.854,,,,405.476,234.955,,179.599,393.341,133.365,,,42.762,,,192.448,181.513,,1.588,,197.896,383.617,,184.356
2014-02-15,6,2014-08-15,148.651,307.441,,22.989,255.985,,564.517,446.839,,85.979,479.573,,,,181.747,519.700,,108.451,163.082,524.337,,,88.164,,,313.680,293.567,,600.108,,312.051,427.540,,145.632
2014-03-15,1,2014-04-15,39.978,85.926,,92.376,39.792,,300.156,39.792,,277.794,39.792,,,,39.792,196.971,,113.288,,39.801,45.650,,39.792,,,39.792,39.792,,39.792,,40.044,76.596,,45.659
2014-03-15,2,2014-05-15,15.202,96.551,,81.117,82.089,,391.336,36.070,,92.968,14.786,,,,36.371,216.420,,391.527,,14.795,46.957,,14.786,,,14.786,123.682,,14.786,,70.574,64.871,,30.003
2014-03-15,3,2014-06-15,105.652,171.875,,66.170,188.892,,249.131,39.688,,54.735,218.832,,,,185.677,368.553,,373.633,,22.526,75.037,,5.494,,,41.661,102.707,,5.494,,50.426,98.957,,946.145
2014-03-15,4,2014-07-15,519.922,221.684,,36.907,706.219,,382.646,650.399,,47.878,117.120,,,,366.439,219.854,,184.288,,127.149,38.729,,2.563,,,140.426,195.452,,2.041,,181.354,390.316,,200.532
2014-03-15,5,2014-08-15,148.651,305.521,,17.065,273.696,,567.235,438.922,,80.231,479.457,,,,169.138,514.047,,110.206,,521.608,189.810,,30.973,,,293.655,298.670,,626.458,,306.460,429.589,,152.149
2014-03-15,6,2014-09-15,448.579,245.708,,152.762,170.935,,175.426,389.114,,189.796,132.009,,,,270.910,161.143,,72.387,,143.507,202.651,,67.761,,,227.099,843.481,,211.350,,578.898,239.425,,194.086
2014-04-15,1,2014-05-15,15.202,98.417,,18.407,143.250,,133.724,49.265,,14.966,14.966,,,,48.012,46.810,,254.896,591.789,14.966,110.342,,22.820,,,14.966,176.823,,,,76.554,18.999,,19.945
2014-04-15,2,2014-06-15,105.652,227.754,,19.858,227.044,,169.978,49.730,,5.561,258.205,,,,197.315,245.372,,340.180,1008.334,66.753,150.410,,25.392,,,146.753,122.253,,,,55.101,48.147,,963.188
2014-04-15,3,2014-07-15,519.922,248.219,,14.821,719.679,,352.626,695.961,,2.066,124.405,,,,369.094,185.875,,173.397,374.597,192.265,67.689,,60.786,,,205.100,205.173,,,,186.831,337.723,,199.858
2014-04-15,4,2014-08-15,148.651,282.285,,7.435,278.071,,556.573,444.553,,8.148,483.444,,,,170.160,500.678,,106.106,156.149,548.156,224.277,,102.293,,,318.486,302.239,,,,308.355,414.071,,151.930
2014-04-15,5,2014-09-15,448.579,246.456,,131.146,172.561,,171.519,390.891,,109.480,133.195,,,,271.274,156.367,,70.843,254.538,151.077,212.388,,122.290,,,235.769,844.795,,,,579.783,234.251,,194.038
2014-04-15,6,2014-10-15,239.601,215.615,,190.423,230.325,,208.890,317.612,,69.703,100.675,,,,454.791,89.115,,92.039,158.035,147.590,617.374,,323.514,,,297.607,162.885,,,,242.520,93.780,,84.200
2014-05-15,1,2014-06-15,105.652,211.184,,14.860,95.605,,50.969,16.782,,12.359,395.776,,,,122.264,185.451,,152.785,747.878,350.992,100.338,,25.827,,,330.703,15.143,,6.262,,7.073,40.089,600.716,951.814
2014-05-15,2,2014-07-15,519.922,228.446,,11.869,666.382,,291.672,698.567,,21.090,146.972,,,,336.722,169.541,,118.786,325.010,312.690,49.272,,67.943,,,247.990,124.937,,8.306,,125.538,342.665,305.036,197.933
2014-05-15,3,2014-08-15,148.651,323.601,,6.030,261.929,,536.550,440.811,,61.464,496.018,,,,160.780,494.370,,84.584,138.255,588.596,216.204,,144.470,,,334.090,270.512,,1113.574,,286.022,415.525,271.034,151.206
2014-05-15,4,2014-09-15,448.579,243.487,,128.789,166.565,,164.473,389.352,,179.843,136.885,,,,267.488,154.136,,62.441,247.764,163.798,209.714,,150.713,,,241.326,833.249,,247.333,,570.081,234.582,127.453,193.761
2014-05-15,5,2014-10-15,239.601,218.336,,189.460,228.078,,206.242,317.034,,96.198,102.138,,,,453.400,88.279,,88.588,155.526,152.427,616.285,,342.220,,,299.696,158.872,,366.849,,239.348,93.911,88.064,84.098
2014-05-15,6,2014-11-15,150.971,127.964,,342.639,97.263,,514.436,116.931,,44.717,90.040,,,,190.362,42.243,,44.968,70.415,91.890,141.398,,232.540,,,140.685,73.683,,116.766,,100.320,35.024,40.072,32.892
2014-06-15,1,2014-07-15,519.922,281.449,,63.152,667.923,,332.043,798.958,897.127,78.081,99.099,,,,349.841,143.347,,109.514,239.660,295.031,54.450,,117.891,,,199.221,204.320,,,,244.727,395.251,230.459,108.887
2014-06-15,2,2014-08-15,148.651,281.529,,32.253,263.381,,548.426,460.065,174.496,95.912,476.951,,,,163.243,483.277,,81.603,109.334,579.178,246.844,,179.215,,,316.225,301.583,,,,326.889,431.137,244.922,115.639
2014-06-15,3,2014-09-15,448.579,241.187,,192.950,167.113,,168.460,396.192,110.074,196.987,130.105,,,,268.810,150.484,,61.474,236.154,159.627,217.196,,163.821,,,234.855,844.525,,,,587.389,239.955,117.874,179.698
2014-06-15,4,2014-10-15,239.601,205.525,,214.794,228.282,,207.758,319.564,75.163,102.378,99.590,,,,453.855,86.896,,88.354,151.265,150.910,619.293,,347.952,,,297.274,162.746,,,,245.088,95.917,84.471,78.944
2014-06-15,5,2014-11-15,150.971,125.925,,354.647,97.339,,515.011,117.868,60.346,47.101,89.083,,,,190.524,41.723,,44.897,68.829,91.327,142.395,,234.591,,,139.788,75.131,,,,102.440,35.769,38.736,30.962
2014-06-15,6,2014-12-15,84.831,70.106,,112.745,40.954,,195.112,43.879,31.515,17.502,241.500,,,,82.949,18.659,,16.683,25.575,48.933,55.625,,259.163,,,101.478,32.594,,,,38.064,13.291,14.393,11.505
2014-07-15,1,2014-08-15,148.651,331.288,,134.675,252.792,,574.813,443.679,152.451,200.020,,,,,181.647,563.923,348.715,165.418,149.025,619.410,401.255,,264.496,,,380.503,354.025,,,,371.347,449.276,287.000,
2014-07-15,2,2014-09-15,448.579,276.890,,261.751,163.209,,176.174,390.182,100.760,243.443,,,,,276.833,174.164,386.042,98.735,258.556,169.861,264.449,,195.701,,,255.399,863.322,,,,604.517,245.266,132.555,
2014-07-15,3,2014-10-15,239.601,221.165,,239.632,226.767,,210.797,317.334,71.348,119.073,,,,,456.823,96.023,132.744,106.574,159.090,154.935,637.140,,360.822,,,305.237,169.029,,,,250.730,97.878,90.160,
2014-07-15,4,2014-11-15,150.971,135.696,,364.665,96.778,,516.192,117.040,58.750,53.462,,,,,191.584,45.186,127.882,51.942,71.750,92.831,148.833,,239.264,,,142.682,77.494,,,,104.523,36.499,40.859,
2014-07-15,5,2014-12-15,84.831,64.715,,116.136,40.744,,195.537,43.571,30.893,19.865,,,,,83.344,19.970,61.461,19.300,26.661,49.500,58.020,,260.935,,,102.590,33.477,,,,38.838,13.562,15.182,
2014-07-15,6,2015-01-15,84.665,42.745,,43.153,15.140,,85.688,16.190,11.479,7.381,,,,,32.260,8.741,23.893,7.172,9.906,21.992,21.559,,97.501,,,45.994,252.331,,,,14.431,91.710,5.641,
2014-08-15,1,2014-09-15,448.579,203.925,,291.736,102.000,,74.943,263.429,93.042,204.111,,,,,249.481,74.756,278.080,87.333,265.094,65.629,138.194,,136.234,,,158.144,753.927,,,135.492,496.431,136.322,74.120,
2014-08-15,2,2014-10-15,239.601,187.636,,249.376,188.747,,143.408,273.851,65.620,105.615,,,,,444.419,44.526,103.087,101.027,160.740,74.826,574.267,,331.342,,,260.751,145.261,,,144.589,224.440,59.738,57.089,
2014-08-15,3,2014-11-15,150.971,120.922,,368.833,83.646,,482.802,102.596,55.135,48.101,,,,,187.826,22.600,112.769,50.045,72.312,58.863,131.535,,229.069,,,127.416,67.925,,,71.714,95.069,22.212,27.966,
2014-08-15,4,2014-12-15,84.831,59.310,,117.445,35.508,,185.329,38.176,29.303,17.873,,,,,81.965,10.106,55.816,18.595,26.869,34.696,51.495,,256.910,,,96.162,29.777,,,46.202,35.325,8.253,10.392,
2014-08-15,5,2015-01-15,84.665,40.110,,43.640,13.194,,81.896,14.185,10.888,6.641,,,,,31.747,4.556,21.719,6.910,9.984,15.922,19.134,,96.068,,,43.585,250.956,,,24.448,13.126,89.738,3.861,
2014-08-15,6,2015-02-15,43.832,45.372,,16.215,79.424,,30.431,9.507,4.046,2.468,,,,,50.207,29.711,8.425,2.567,5.646,6.960,7.110,,369.985,,,16.680,213.040,,,9.084,4.877,39.630,1.435,
2014-09-15,1,2014-10-15,239.601,230.155,,273.666,318.570,160.840,309.046,314.519,172.483,149.071,,,,,483.945,159.815,125.364,240.197,188.700,198.952,,118.293,412.473,,,349.345,121.918,,,228.485,210.490,119.990,177.083,
2014-09-15,2,2014-11-15,150.971,140.441,,378.617,127.127,71.127,564.358,114.508,113.007,65.986,,,,,199.962,74.348,124.687,98.924,82.866,109.126,,43.960,256.600,,,155.485,55.550,,,103.141,90.630,45.578,73.679,
2014-09-15,3,2014-12-15,84.831,66.230,,120.732,53.140,26.429,209.218,42.662,53.390,24.537,,,,,86.423,33.552,60.238,36.800,30.791,55.448,,16.334,267.901,,,108.989,24.440,,,61.811,33.676,16.936,27.377,
2014-09-15,4,2015-01-15,84.665,41.945,,44.861,19.746,9.820,90.760,15.852,19.839,9.129,,,,,33.404,14.623,23.388,13.674,11.441,24.176,,6.069,99.945,,,48.423,248.973,,,31.076,12.513,92.964,10.173,
2014-09-15,5,2015-02-15,43.832,44.610,,16.669,81.859,3.698,33.724,10.126,7.372,3.392,,,,,50.822,33.451,9.049,5.081,6.187,10.027,,2.255,371.516,,,18.478,212.303,,,11.547,4.650,40.828,3.780,
2014-09-15,6,2015-03-15,16.287,86.080,,6.194,41.474,1.404,12.531,65.633,22.149,1.260,,,,,1130.092,20.005,3.363,1.888,32.694,144.688,,95.995,104.284,,,7.146,94.086,,,4.291,1.728,15.370,1.405,
2014-10-15,1,2014-11-15,150.971,147.350,,347.863,101.733,97.807,499.233,97.807,,98.328,,,,,122.524,100.955,250.814,97.807,97.807,98.000,,107.883,180.511,,,117.231,135.431,,,101.849,97.807,97.807,97.807,
2014-10-15,2,2014-12-15,84.831,67.042,,114.066,39.983,36.343,192.922,36.343,,37.701,,,,,54.485,42.982,101.401,36.343,36.343,36.547,,44.472,227.588,,,79.484,59.445,,,55.355,36.343,36.343,36.343,
2014-10-15,3,2015-01-15,84.665,43.049,,42.384,14.857,13.504,84.505,13.504,,14.495,,,,,21.536,17.880,40.643,13.504,13.504,13.589,,16.525,87.021,,,36.969,261.981,,,27.386,13.504,100.175,13.504,
2014-10-15,4,2015-02-15,43.832,46.449,,15.749,80.042,5.067,31.400,9.254,,5.386,,,,,46.412,34.662,15.808,5.018,6.954,6.093,,6.140,365.911,,,14.222,217.136,,,10.176,5.018,43.508,5.018,
2014-10-15,5,2015-03-15,16.287,89.279,,5.852,40.799,1.913,11.668,65.309,,2.001,,,,,1128.453,20.455,5.874,1.865,32.979,143.226,,97.439,102.423,,,5.565,95.882,,,3.781,1.865,16.366,1.865,
2014-10-15,6,2015-04-15,6.052,62.640,,2.174,79.080,66.352,4.335,37.291,,0.744,,,,,558.434,7.600,5.457,275.141,20.234,64.200,,41.366,38.958,,,2.068,40.502,,,1.405,0.693,6.081,0.693,
2014-11-15,1,2014-12-15,84.831,76.828,,65.179,65.179,65.179,84.028,65.179,,75.598,,,,,65.179,87.427,65.761,65.179,65.179,65.519,,65.179,137.486,,,130.159,65.179,,,102.969,65.179,70.637,65.179,
2014-11-15,2,2015-01-15,84.665,49.948,,24.219,24.219,24.219,38.520,24.219,,33.178,,,,,25.510,39.319,25.358,24.219,24.219,24.548,,24.219,63.460,,,55.090,264.111,,,48.733,24.219,163.156,24.219,
2014-11-15,3,2015-02-15,43.832,48.573,,8.999,83.521,9.049,14.313,13.235,,12.328,,,,,47.889,42.628,9.760,8.999,10.935,10.165,,8.999,354.866,,,20.955,217.928,,,18.108,8.999,60.791,8.999,
2014-11-15,4,2015-03-15,16.287,90.139,,3.344,42.091,3.392,5.318,66.789,,4.581,,,,,1129.002,23.415,3.627,3.344,34.458,144.739,,98.501,98.948,,,8.066,96.176,,,6.729,3.344,23.573,3.344,
2014-11-15,5,2015-04-15,6.052,62.960,,1.243,79.560,66.902,1.976,37.841,,1.702,,,,,558.638,8.700,4.621,275.691,20.784,64.762,,41.761,37.667,,,2.997,40.612,,,2.500,1.243,8.759,1.243,
2014-11-15,6,2015-05-15,2.249,108.073,,1.255,132.977,272.440,0.734,14.930,,0.632,,,,,323.282,206.871,184.113,899.683,7.723,62.930,,15.517,13.996,,,3.702,15.437,,,1.023,0.503,3.255,0.462,
2014-12-15,1,2015-01-15,84.665,65.003,39.021,39.021,39.021,39.021,39.021,39.021,,39.021,,,,,46.771,39.021,46.377,39.021,39.021,39.021,,42.521,39.021,,,39.021,403.040,,,39.021,39.147,201.897,39.021,
2014-12-15,2,2015-02-15,43.832,61.059,162.738,14.499,89.021,14.549,14.499,18.735,,14.499,,,,,82.278,42.517,20.694,14.499,16.440,15.543,,17.730,345.785,,,14.984,263.962,,,14.499,14.622,75.645,14.499,
2014-12-15,3,2015-03-15,16.287,99.957,204.081,5.388,44.135,5.436,5.388,68.832,,5.388,,,,,1175.868,23.373,7.690,5.388,39.552,146.738,,103.113,95.574,,,5.848,111.742,,,5.388,5.433,29.350,5.388,
2014-12-15,4,2015-04-15,6.052,70.701,200.396,2.002,80.320,67.661,2.002,38.601,,2.002,,,,,566.520,8.685,6.131,276.450,22.770,65.504,,43.255,36.413,,,2.173,46.903,,,2.002,2.019,10.906,2.002,
2014-12-15,5,2015-05-15,2.249,110.938,159.078,1.537,133.259,272.722,0.744,15.212,,0.744,,,,,325.853,206.865,184.674,899.966,8.461,63.205,,16.073,13.530,,,3.396,17.962,,,0.837,0.792,4.053,0.744,
2014-12-15,6,2015-06-15,0.836,215.298,101.129,44.449,411.863,214.828,0.276,74.875,,29.410,,,,,410.192,522.485,313.739,1054.562,20.173,103.109,,5.972,5.028,,,7.360,115.682,,,0.426,10.808,420.398,654.489,
2015-01-15,1,2015-02-15,43.832,117.605,,350.313,43.832,242.107,47.387,43.832,101.988,,45.355,,,,81.400,182.832,155.634,43.832,43.832,88.227,70.401,,43.832,569.208,,,62.362,116.863,,,48.794,,43.832,43.832
2015-01-15,2,2015-03-15,16.287,142.079,,275.822,16.287,84.792,19.389,16.287,175.381,,17.727,,,,189.211,1274.440,68.314,16.287,16.287,117.151,285.905,,142.214,125.119,,,30.955,58.707,,,20.804,,16.287,16.287
2015-01-15,3,2015-04-15,6.052,88.064,,231.923,6.052,137.705,72.846,6.052,82.593,,6.587,,,,91.161,583.880,25.384,9.326,280.500,53.131,101.295,,56.074,48.559,,,11.502,24.949,,,7.730,,6.052,6.052
2015-01-15,4,2015-05-15,2.249,128.844,,171.717,3.042,168.773,274.648,2.249,37.238,,2.448,,,,137.890,331.506,303.547,185.861,901.470,19.742,94.215,,20.836,18.043,,,9.157,9.270,,,9.572,,2.249,2.249
2015-01-15,5,2015-06-15,0.836,232.750,,106.038,45.009,428.750,215.544,0.836,106.632,,39.359,,,,266.175,412.291,551.434,314.180,1055.121,24.365,127.535,,7.762,6.817,,,15.918,78.433,,,10.798,,419.696,655.049
2015-01-15,6,2015-07-15,0.310,282.684,,52.756,629.517,395.417,370.061,423.733,895.325,,47.430,,,,401.325,234.730,191.140,165.593,388.716,127.832,60.229,,20.801,294.176,,,132.700,504.209,,,142.840,,278.889,178.951
2015-02-15,1,2015-03-15,16.287,70.732,,22.750,16.287,16.287,16.287,16.287,28.412,,16.287,,,,44.635,837.478,16.287,16.287,16.287,34.483,168.285,,121.313,16.287,,,16.287,16.287,,,16.287,,16.287,16.287
2015-02-15,2,2015-04-15,6.052,56.182,,29.355,6.052,17.971,71.693,6.052,15.314,,6.052,,,,26.430,525.443,6.052,9.326,280.500,19.081,71.302,,52.886,6.052,,,6.052,6.052,,,6.052,,6.052,6.052
2015-02-15,3,2015-05-15,2.249,101.918,,53.813,3.042,61.562,274.220,2.249,5.690,,2.249,,,,63.161,314.814,162.424,185.861,901.470,7.090,66.811,,19.651,2.249,,,4.837,2.249,,,2.342,,2.249,2.249
2015-02-15,4,2015-06-15,0.836,212.211,,51.330,45.009,360.898,215.385,0.836,23.431,,33.419,,,,226.867,406.144,504.721,314.180,1055.121,19.663,106.647,,7.302,0.836,,,7.896,1.010,,,0.985,,419.696,655.049
2015-02-15,5,2015-07-15,0.310,255.331,,30.042,629.517,376.040,370.002,464.190,827.339,,41.764,,,,387.862,232.514,179.902,165.593,388.716,126.085,52.686,,16.275,124.177,,,105.729,331.010,,,54.680,,278.889,178.951
2015-02-15,6,2015-08-15,599.634,248.655,,14.176,253.051,158.506,562.663,414.134,159.922,,427.539,,,,175.500,518.792,284.069,103.132,161.367,521.213,210.452,,62.783,166.963,,,263.427,114.418,,,243.795,,262.420,143.436
2015-03-15,1,2015-04-15,6.052,24.724,,6.781,6.052,17.971,71.693,6.052,6.052,,6.052,,,,6.052,23.485,6.052,9.326,280.500,6.052,6.052,,,6.052,,,6.052,6.052,,,6.052,,6.052,6.052
2015-03-15,2,2015-05-15,2.249,85.563,,6.394,3.042,61.562,274.220,2.249,2.249,,2.249,,,,2.249,85.488,162.424,185.861,901.470,2.249,3.384,,,2.249,,,4.837,2.249,,,2.342,,2.249,2.249
2015-03-15,3,2015-06-15,0.836,199.629,,9.533,45.009,360.898,215.385,0.836,0.836,,29.969,,,,34.528,304.942,504.721,314.180,1055.121,17.865,13.289,,,0.836,,,7.896,1.010,,,0.985,,419.696,655.049
2015-03-15,4,2015-07-15,0.310,238.121,,7.238,629.517,376.040,370.002,412.073,545.797,,38.321,,,,242.084,200.333,179.902,165.593,388.716,125.417,9.226,,,124.177,,,105.729,331.010,,,53.400,,278.889,178.951
2015-03-15,5,2015-08-15,599.634,248.830,,3.608,253.051,158.506,562.663,404.653,136.448,,423.788,,,,136.817,506.670,284.069,103.132,161.367,520.965,128.338,,,166.963,,,263.427,114.418,,,241.868,,262.420,143.436
2015-03-15,6,2015-09-15,208.970,249.716,,91.335,163.285,114.474,173.740,378.299,94.221,,117.085,,,,255.910,158.445,364.209,69.718,256.483,143.268,178.626,,,315.777,,,830.592,432.698,,,541.229,,124.343,190.577
2015-04-15,1,2015-05-15,2.249,23.814,,2.249,3.042,2.249,2.288,2.249,2.249,,2.249,2.249,,,,2.249,162.424,17.330,233.298,,3.384,,,2.249,,,3.714,2.249,,,2.249,,2.249,2.249
2015-04-15,2,2015-06-15,0.836,151.241,,0.836,45.009,49.257,18.423,0.836,0.836,,25.319,58.681,,,,20.544,504.721,194.757,939.330,,13.289,,,0.836,,,6.090,0.836,,,0.836,,419.696,573.456
2015-04-15,3,2015-07-15,0.310,226.304,,0.310,629.517,253.969,236.939,401.398,518.223,,33.751,488.310,,,,82.692,179.902,131.159,358.967,,9.226,,,124.177,,,104.016,262.953,,,32.194,,278.889,173.178
2015-04-15,4,2015-08-15,599.634,229.805,,0.115,253.051,122.881,521.903,403.321,134.516,,418.307,250.971,,,,447.410,284.069,89.728,150.427,,128.338,,,166.963,,,262.821,104.494,,,223.589,,262.420,140.963
2015-04-15,5,2015-09-15,208.970,240.902,,4.870,163.285,100.604,159.759,377.886,93.315,,115.884,153.656,,,,140.239,364.209,64.511,252.390,,178.626,,,315.777,,,830.370,426.859,,,520.972,,124.343,189.577
2015-04-15,6,2015-10-15,348.878,160.726,,60.211,226.840,67.503,204.406,312.876,68.338,,93.559,70.012,,,,82.927,125.261,89.503,157.238,,604.367,,,103.629,,,157.920,232.406,,,227.318,,86.900,82.575
2015-05-15,1,2015-06-15,0.836,46.399,,0.836,0.836,2.160,0.836,0.836,0.836,,26.444,0.836,,,,0.836,13.945,0.836,257.394,,0.836,,,0.836,,,0.836,0.836,,,0.836,,143.931,426.847
2015-05-15,2,2015-07-15,0.310,120.585,,0.310,267.027,130.297,16.968,225.653,475.405,,34.596,239.950,,,,10.637,27.030,0.562,257.042,,0.310,,,78.562,,,0.310,153.614,,,0.310,,215.245,157.285
2015-05-15,3,2015-08-15,599.634,163.327,,0.115,200.466,87.907,343.121,369.869,131.378,,419.042,204.821,,,,316.386,183.087,2.445,117.045,,7.559,,,145.911,,,34.179,81.130,,,83.359,,241.168,134.218
2015-05-15,4,2015-09-15,208.970,206.000,,0.146,143.810,85.179,120.911,367.711,91.828,,116.069,136.814,,,,113.519,327.984,8.366,238.768,,80.954,,,304.268,,,672.634,412.252,,,389.344,,116.710,186.725
2015-05-15,5,2015-10-15,348.878,145.196,,27.202,218.650,61.364,187.061,309.197,67.681,,93.637,63.701,,,,71.162,112.837,37.392,152.260,,541.599,,,100.260,,,126.349,227.916,,,194.904,,84.014,81.544
2015-05-15,6,2015-11-15,111.325,100.030,,215.104,93.764,30.026,506.063,114.075,57.208,,86.617,30.214,,,,35.443,119.799,21.633,69.202,,122.046,,,37.254,,,60.669,146.569,,,84.384,,38.565,31.930
2015-06-15,1,2015-07-15,0.310,31.514,,0.310,73.955,0.310,0.653,158.861,227.992,,0.310,15.597,,,,0.310,0.310,0.310,0.310,0.310,0.310,,0.310,30.915,,,,17.330,,132.449,0.310,,0.310,0.310
2015-06-15,2,2015-08-15,599.634,75.739,,0.115,134.753,0.410,209.730,347.941,97.974,,37.798,81.283,,,,68.713,0.173,0.115,0.115,199.559,0.115,,0.115,111.068,,,,15.033,,204.637,76.104,,4.651,0.115
2015-06-15,3,2015-09-15,208.970,104.315,,0.092,118.263,3.760,93.985,361.159,75.554,,24.016,87.478,,,,40.816,86.180,0.043,18.616,84.817,15.422,,2.337,279.842,,,,332.377,,182.167,373.470,,8.152,2.077
2015-06-15,4,2015-10-15,348.878,110.467,,25.166,206.918,7.493,171.122,306.841,60.394,,30.461,44.791,,,,30.971,41.737,1.098,40.489,115.869,409.304,,143.362,93.695,,,,206.410,,168.664,189.737,,23.509,1.773
2015-06-15,5,2015-11-15,111.325,87.424,,211.551,89.401,4.855,497.780,113.222,53.863,,48.737,22.422,,,,17.333,68.556,0.994,24.145,77.885,100.289,,153.908,34.815,,,,138.662,,80.893,82.494,,13.448,0.659
2015-06-15,6,2015-12-15,42.543,56.438,,75.951,37.928,1.804,189.638,42.151,28.944,,211.007,58.659,,,,8.648,38.048,0.369,8.972,43.636,39.297,,220.522,12.936,,,,79.918,,50.868,30.653,,4.997,0.245
2015-07-15,1,2015-08-15,599.634,8.912,,0.115,0.115,0.115,30.846,2.274,0.115,,53.160,0.115,,,,30.970,0.130,0.115,0.115,42.441,,,0.115,,,0.423,,0.115,,0.115,11.261,5.469,0.115,
2015-07-15,2,2015-09-15,208.970,36.614,,0.152,1.277,0.043,27.216,131.631,0.043,,32.431,0.043,,,,24.107,86.450,0.043,0.902,29.114,,,0.163,,,19.598,,40.205,,11.073,274.598,53.145,0.046,
2015-07-15,3,2015-10-15,348.878,60.830,,26.490,67.105,0.016,117.417,220.879,0.016,,38.813,0.016,,,,20.034,43.347,0.436,3.898,75.920,,,122.927,,,160.951,,83.012,,43.123,158.173,27.424,6.612,
2015-07-15,4,2015-11-15,111.325,72.205,,214.301,36.218,0.006,469.223,85.512,0.006,,54.818,0.016,,,,11.929,71.303,0.407,2.982,60.818,,,149.262,,,92.259,,82.926,,26.460,70.813,10.203,4.649,
2015-07-15,5,2015-12-15,42.543,50.992,,76.527,16.006,0.002,181.222,31.807,0.002,,216.025,8.856,,,,5.909,39.498,0.151,1.108,36.217,,,219.410,,,80.463,,54.562,,20.245,26.312,3.791,1.727,
2015-07-15,6,2016-01-15,16.484,27.667,,28.436,5.947,0.001,80.375,11.819,0.001,,86.297,7.470,,,,2.898,15.375,0.056,0.412,16.683,,,83.975,,,37.669,,65.663,,11.770,9.777,88.080,0.642,
2015-08-15,1,2015-09-15,208.970,253.748,,387.704,173.536,166.866,135.714,357.152,161.732,,121.824,,,,,135.902,374.111,153.211,359.382,119.502,,,217.721,,,240.395,,551.634,,215.680,601.545,215.055,132.544,
2015-08-15,2,2015-10-15,348.878,184.839,,279.781,231.808,96.556,191.606,306.036,101.375,,95.634,,,,,80.436,128.248,141.604,189.830,123.060,,,372.708,,,300.303,,265.221,,181.656,248.890,86.564,90.620,
2015-08-15,3,2015-11-15,111.325,131.934,,381.203,98.546,43.996,507.108,113.076,73.758,,87.667,,,,,39.102,126.070,65.212,83.204,80.023,,,243.146,,,140.730,,160.990,,85.751,103.830,32.284,41.041,
2015-08-15,4,2015-12-15,42.543,75.890,,121.543,41.432,16.348,192.655,42.098,37.071,,241.125,,,,,17.691,60.792,24.231,30.917,44.129,,,262.519,,,101.938,,88.810,,52.785,38.581,11.996,15.250,
2015-08-15,5,2016-01-15,16.484,37.669,,45.163,15.395,6.074,84.623,15.643,13.775,,94.544,,,,,7.888,23.649,9.004,11.488,19.835,,,98.063,,,45.755,,86.488,,27.188,14.336,91.129,5.666,
2015-08-15,6,2016-02-15,6.125,38.624,,16.781,80.242,2.306,31.444,10.048,5.118,,39.389,,,,,30.949,9.158,3.346,6.205,8.414,,,370.756,,,17.486,,44.534,,10.102,5.327,40.146,2.106,
2015-09-15,1,2015-10-15,348.878,189.311,,214.469,255.927,116.354,246.927,252.353,,,158.739,,,,412.961,114.756,91.129,184.068,139.302,143.076,,,344.716,,,284.706,90.231,184.662,,173.177,157.890,89.365,131.405,
2015-09-15,2,2015-11-15,111.325,130.180,,350.416,108.011,52.459,536.433,97.390,,,121.002,,,,181.717,53.636,93.380,80.654,63.818,85.250,,,235.135,,,135.686,37.430,126.771,,82.503,71.982,33.218,56.718,
2015-09-15,3,2015-12-15,42.543,74.360,,112.736,45.284,19.492,201.007,36.208,,,263.329,,,,79.583,23.725,48.159,29.969,23.713,44.894,,,258.862,,,99.652,15.718,74.060,,50.645,26.747,12.343,21.075,
2015-09-15,4,2016-01-15,16.484,48.468,,41.890,16.827,7.243,87.712,13.454,,,101.774,,,,30.862,10.335,18.544,11.136,8.811,19.823,,,96.843,,,44.901,245.732,78.235,,26.208,9.938,91.257,7.831,
2015-09-15,5,2016-02-15,6.125,49.313,,15.565,80.774,2.741,32.592,9.235,,,42.354,,,,49.878,31.858,7.181,4.138,5.210,8.410,,,370.266,,,17.169,211.099,41.248,,9.738,3.693,40.194,2.910,
2015-09-15,6,2016-03-15,8.622,85.575,,5.784,41.071,1.048,12.110,65.302,,,15.738,,,,1129.741,19.413,2.668,1.538,32.331,144.087,,,103.846,,,6.660,93.639,15.327,,3.618,1.372,15.135,1.081,
2015-10-15,1,2015-11-15,111.325,186.604,,422.209,127.922,111.985,580.589,112.437,,,195.447,,,,160.688,125.671,316.677,114.578,111.296,116.913,,137.142,238.089,,,152.252,177.386,194.507,,,111.928,112.714,111.642,
2015-10-15,2,2015-12-15,42.543,95.988,,126.966,54.789,42.020,210.264,42.455,,,316.421,,,,72.100,62.097,118.540,44.426,41.355,48.218,,59.642,260.983,,,107.201,76.570,109.364,,,41.966,42.700,41.692,
2015-10-15,3,2016-01-15,16.484,57.136,,47.177,20.358,15.614,91.022,15.775,,,118.126,,,,28.082,27.027,48.713,16.508,15.367,19.006,,22.162,97.112,,,48.036,268.344,105.065,,,15.594,108.131,15.492,
2015-10-15,4,2016-02-15,6.125,52.633,,17.530,82.086,5.851,33.822,10.098,,,49.164,,,,48.845,38.060,19.121,6.134,7.646,8.106,,8.235,370.725,,,18.334,219.501,52.077,,,5.794,45.780,5.756,
2015-10-15,5,2016-03-15,8.622,91.565,,6.514,41.558,2.204,12.567,65.623,,,18.268,,,,1129.357,21.717,7.105,2.279,33.236,143.974,,98.217,103.917,,,7.092,96.761,19.351,,,2.153,17.264,2.139,
2015-10-15,6,2016-04-15,412.237,68.002,,2.420,79.362,66.460,4.670,37.408,,,97.031,,,,558.770,8.070,5.914,275.295,20.330,64.477,,41.656,39.513,,,2.635,40.829,7.190,,,0.800,6.415,0.795,
2015-11-15,1,2015-12-15,42.543,49.633,,41.383,41.383,41.383,42.136,41.383,,42.830,156.085,,,,41.383,42.616,41.383,41.383,41.383,41.383,,41.383,73.730,,,63.165,41.383,42.359,,,41.383,41.383,41.383,
2015-11-15,2,2016-01-15,16.484,36.496,,15.377,15.377,15.377,16.106,15.377,,16.714,70.946,,,,16.668,16.534,15.807,15.377,15.377,15.377,,15.377,34.542,,,30.205,255.269,36.135,,,15.377,103.727,15.377,
2015-11-15,3,2016-02-15,6.125,42.879,,5.714,80.235,5.763,5.985,9.950,,6.210,27.988,,,,44.604,34.161,6.123,5.714,7.650,6.757,,5.714,344.121,,,11.709,214.643,21.365,,,5.714,44.635,5.714,
2015-11-15,4,2016-03-15,8.622,84.554,,2.123,40.870,2.171,2.224,65.568,,2.308,10.400,,,,1127.781,20.269,2.275,2.123,33.237,143.473,,97.280,94.956,,,4.631,94.956,7.939,,,2.123,16.795,2.123,
2015-11-15,5,2016-04-15,412.237,63.343,,0.789,79.107,66.448,0.826,37.388,,0.857,84.957,,,,558.184,7.531,4.119,275.237,20.330,64.291,,41.308,36.183,,,1.721,40.158,2.950,,,0.789,6.241,0.789,
2015-11-15,6,2016-05-15,195.051,112.759,,1.086,132.808,272.271,0.307,14.761,,0.319,211.749,,,,323.114,206.436,183.927,899.515,7.554,62.755,,15.349,13.445,,,3.228,15.269,1.096,,,0.335,2.319,0.293,
2015-12-15,1,2016-01-15,16.484,35.370,16.484,16.484,16.484,16.484,16.484,16.484,,,16.484,,,,17.776,16.484,17.136,16.484,16.484,16.484,,16.484,16.484,,,16.484,277.610,29.546,,,,118.056,16.484,
2015-12-15,2,2016-02-15,6.125,51.184,154.364,6.125,80.647,6.175,6.125,10.361,,,6.125,,,,46.577,34.143,6.749,6.125,8.061,7.169,,6.125,337.411,,,6.610,223.546,16.651,,,,48.468,6.125,
2015-12-15,3,2016-03-15,8.622,98.416,200.969,2.276,41.023,2.324,2.276,65.721,,,2.276,,,,1132.156,20.262,2.508,2.276,33.390,143.626,,97.433,92.463,,,2.736,97.763,6.187,,,,18.386,2.276,
2015-12-15,4,2016-04-15,412.237,75.936,199.240,0.846,79.164,66.505,0.846,37.444,,,75.122,,,,558.839,7.529,4.206,275.294,20.387,64.348,,41.364,35.257,,,1.017,41.341,2.299,,,,6.832,0.846,
2015-12-15,5,2016-05-15,195.051,125.217,158.649,1.107,132.829,272.292,0.314,14.782,,,189.877,,,,323.322,206.435,183.959,899.536,7.575,62.776,,15.370,13.101,,,2.966,15.736,0.854,,,,2.539,0.314,
2015-12-15,6,2016-06-15,108.066,241.427,100.969,44.290,411.703,214.668,0.117,74.715,,,360.507,,,,409.259,522.326,313.473,1054.403,19.844,102.949,,5.711,4.868,,,7.200,107.087,0.317,,,,419.804,654.330,
2016-01-15,1,2016-02-15,6.125,38.491,,154.364,6.125,80.647,6.175,6.125,10.361,,6.125,6.125,,,,43.851,34.143,6.125,6.125,8.061,7.169,,,337.411,,,6.610,25.903,6.125,,,,6.125,6.125
2016-01-15,2,2016-03-15,8.622,88.375,,200.969,2.276,41.023,2.324,2.276,65.721,,2.276,2.276,,,,1127.501,20.262,2.276,2.276,33.390,143.626,,,92.463,,,2.736,16.991,2.276,,,,2.276,2.276
2016-01-15,3,2016-04-15,412.237,71.775,,199.240,0.846,79.164,66.505,0.846,37.444,,0.846,75.122,,,,558.080,7.529,4.120,275.294,20.387,64.348,,,35.257,,,1.017,6.924,0.846,,,,0.846,0.846
2016-01-15,4,2016-05-15,195.051,123.654,,158.649,1.107,132.829,272.292,0.314,14.782,,0.314,189.877,,,,323.075,206.435,183.927,899.536,7.575,62.776,,,13.101,,,2.966,2.573,0.314,,,,0.315,0.314
2016-01-15,5,2016-06-15,108.066,238.744,,100.969,44.290,411.703,214.668,0.117,74.715,,29.251,360.507,,,,409.168,522.326,313.461,1054.403,19.844,102.949,,,4.868,,,7.200,31.011,0.117,,,,418.978,654.330
2016-01-15,6,2016-07-15,726.702,289.564,,50.792,629.250,390.128,369.736,423.466,878.123,,38.054,601.560,,,,233.585,183.988,165.326,388.449,126.152,51.319,,,265.946,,,105.470,432.578,0.043,,,,278.621,178.683
2016-02-15,1,2016-03-15,8.622,48.085,,2.635,2.276,2.276,2.276,2.276,14.293,,2.276,2.276,,,,780.494,2.276,2.276,2.276,,127.871,,,2.276,,,2.276,2.276,2.276,,2.276,,2.276,2.276
2016-02-15,2,2016-04-15,412.237,52.179,,15.487,0.846,12.765,66.487,0.846,10.003,,0.846,75.122,,,,514.093,0.846,4.120,275.294,,60.898,,,0.846,,,0.846,0.846,0.846,,0.846,,0.846,0.846
2016-02-15,3,2016-05-15,195.051,109.182,,37.128,1.107,59.628,272.285,0.314,3.717,,0.314,189.877,,,,311.446,160.490,183.927,899.536,,58.980,,,0.314,,,2.903,0.314,0.314,,0.408,,0.315,0.314
2016-02-15,4,2016-06-15,108.066,226.122,,43.310,44.290,360.179,214.666,0.117,13.535,,29.251,360.507,,,,404.884,504.002,313.461,1054.403,,98.558,,,0.117,,,7.177,0.291,0.117,,0.266,,418.978,654.330
2016-02-15,5,2016-07-15,726.702,267.095,,26.960,629.250,375.773,369.735,423.466,791.312,,38.054,601.560,,,,232.060,179.635,165.326,388.449,,49.718,,,123.910,,,105.461,330.743,0.043,,53.133,,278.621,178.683
2016-02-15,6,2016-08-15,331.645,266.165,,12.923,252.952,158.406,562.564,406.520,156.099,,423.689,284.049,,,,518.622,283.970,103.033,161.267,,207.733,,,166.864,,,263.327,114.319,599.534,,241.768,,262.321,143.336
2016-03-15,1,2016-04-15,412.237,84.070,,56.970,5.920,159.347,280.898,5.920,5.988,,6.091,273.408,,,,176.284,5.920,80.122,564.674,,11.388,,,5.920,,,5.979,6.768,5.920,,6.852,,5.920,11.116
2016-03-15,2,2016-05-15,195.051,162.332,,70.971,78.931,182.051,385.268,21.643,2.266,,2.366,302.946,,,,209.958,370.984,396.156,966.473,,35.079,,,2.200,,,124.859,4.030,2.200,,59.548,,12.609,16.108
2016-03-15,3,2016-06-15,108.066,295.079,,63.182,193.195,434.871,245.974,33.221,31.829,,230.135,398.488,,,,366.713,563.777,372.722,1067.868,,76.380,,,1.345,,,103.406,115.164,0.817,,50.772,,586.587,965.131
2016-03-15,4,2016-07-15,726.702,326.787,,35.759,707.900,397.124,381.459,672.459,838.736,,119.174,613.925,,,,218.973,193.711,183.689,393.073,,40.646,,,326.395,,,196.425,523.215,0.304,,189.708,,303.184,199.880
2016-03-15,5,2016-08-15,331.645,284.535,,16.629,274.115,165.975,566.792,440.608,161.975,,481.147,288.516,,,,513.731,289.339,109.992,162.982,,198.147,,,226.360,,,299.050,149.390,614.297,,309.195,,270.514,151.947
2016-03-15,6,2016-09-15,228.734,261.598,,164.081,171.092,117.268,175.261,389.528,105.302,,132.424,167.609,,,,161.023,366.158,72.309,257.084,,204.861,,,343.454,,,843.616,448.872,210.198,,580.517,,127.274,194.040
2016-04-15,1,2016-05-15,195.051,325.941,,178.156,408.407,224.111,398.249,226.786,119.014,,111.445,314.206,,,,245.666,813.988,547.715,911.142,,344.140,,,143.829,,,453.462,160.904,111.070,,302.888,,316.386,187.251
2016-04-15,2,2016-06-15,108.066,390.115,,110.288,308.317,449.100,248.755,134.665,215.760,,476.882,401.857,,,,377.229,638.381,403.957,1056.137,,245.534,,,115.149,,,190.015,264.099,55.687,,139.439,,834.218,1136.830
2016-04-15,3,2016-07-15,726.702,371.412,,54.897,747.722,401.749,382.593,794.547,939.669,,167.585,615.005,,,,222.605,215.567,194.230,389.004,,99.196,,,534.571,,,234.012,577.101,38.503,,237.295,,351.904,230.484
2016-04-15,4,2016-08-15,331.645,325.080,,24.546,287.855,167.656,567.167,463.181,187.241,,504.335,288.901,,,,515.054,297.550,113.944,161.474,,243.899,,,271.506,,,312.835,166.538,1150.461,,326.010,,287.994,163.462
2016-04-15,5,2016-09-15,228.734,269.341,,179.157,176.195,117.893,175.398,397.426,114.845,,139.818,167.752,,,,161.514,369.203,73.791,256.523,,218.644,,,361.569,,,848.716,455.412,253.845,,587.002,,133.723,198.391
2016-04-15,6,2016-10-15,186.903,185.360,,210.197,231.678,74.042,210.336,320.025,76.947,,103.242,75.254,,,,91.037,127.111,93.162,158.772,,619.755,,,118.591,,,164.322,242.110,369.362,,245.041,,90.399,85.812
2016-05-15,1,2016-06-15,108.066,385.082,,121.435,266.561,460.152,206.392,143.006,275.673,,597.052,371.049,,,,374.274,551.331,334.005,959.774,,267.180,,,154.844,,,141.017,280.988,105.011,,115.359,,809.505,1167.024
2016-05-15,2,2016-07-15,726.702,370.067,,60.525,732.590,401.877,366.933,803.931,959.368,,188.386,604.738,,,,219.647,189.326,172.140,361.712,,99.605,,,561.785,,,214.005,582.629,79.581,,226.911,,343.780,231.877
2016-05-15,3,2016-08-15,331.645,325.964,,27.420,282.358,167.506,561.465,465.045,193.398,,513.406,285.167,,,,513.998,287.700,105.600,151.412,,251.413,,,278.763,,,305.430,168.383,1189.575,,322.246,,284.981,164.022
2016-05-15,4,2016-09-15,228.734,269.439,,183.187,174.152,117.847,173.298,398.091,117.146,,142.862,166.366,,,,161.106,365.550,70.642,252.766,,220.489,,,364.306,,,845.976,456.110,262.073,,585.588,,132.604,198.614
2016-05-15,5,2016-10-15,186.903,185.396,,211.588,230.918,74.027,209.555,320.271,77.806,,104.403,74.739,,,,90.886,125.756,91.953,157.377,,620.468,,,119.592,,,163.314,242.367,372.497,,244.523,,89.983,85.893
2016-05-15,6,2016-11-15,87.721,115.127,,353.223,98.318,34.852,515.679,118.131,61.336,,90.897,34.436,,,,43.215,125.074,46.253,71.102,,142.874,,,44.437,,,75.341,151.999,118.792,,102.232,,40.785,33.561
2016-06-15,1,2016-07-15,726.702,307.834,,60.095,659.783,310.264,324.778,790.684,888.741,,94.771,515.458,,,,137.758,90.071,104.697,233.145,288.110,52.210,,,541.661,,,197.929,512.039,96.336,,238.053,,223.844,104.089
2016-06-15,2,2016-08-15,331.645,317.928,,29.991,262.436,137.250,546.827,459.166,173.750,,473.193,258.685,,,,480.497,243.648,79.137,107.658,577.304,241.621,,,271.408,,,299.486,147.639,1205.897,,324.987,,243.002,112.907
2016-06-15,3,2016-09-15,228.734,256.847,,190.298,166.768,106.419,167.978,395.891,109.768,,129.210,156.544,,,,149.712,349.596,60.294,235.240,159.099,215.823,,,361.593,,,843.768,448.088,265.395,,586.693,,117.210,178.407
2016-06-15,4,2016-10-15,186.903,180.982,,213.800,228.146,69.739,207.568,319.453,75.041,,99.211,71.087,,,,86.595,119.990,87.743,150.943,150.705,618.769,,,118.581,,,162.496,239.438,373.764,,244.852,,84.210,78.488
2016-06-15,5,2016-11-15,87.721,112.961,,354.221,97.289,33.251,514.938,117.827,60.296,,88.924,33.071,,,,41.608,122.876,44.662,68.709,91.251,142.215,,,44.062,,,75.037,150.909,119.252,,102.353,,38.638,30.788
2016-06-15,6,2016-12-15,53.593,57.662,,112.609,40.935,12.355,195.086,43.864,31.496,,241.421,65.207,,,,18.615,59.600,16.595,25.531,48.905,55.558,,,16.372,,,32.559,84.808,45.552,,38.032,,14.357,11.440
2016-07-15,1,2016-08-15,331.645,317.106,,147.816,268.181,172.976,591.313,459.887,166.282,214.600,,276.557,,,196.125,580.402,364.574,179.504,162.722,636.135,417.532,,,285.566,,,369.835,162.276,,,387.279,,302.562,
2016-07-15,2,2016-09-15,228.734,288.100,,268.910,168.747,120.647,181.078,395.432,106.822,249.637,,163.185,,,283.148,179.072,391.539,104.616,265.354,174.684,269.633,,,366.856,,,868.970,455.724,,,610.040,,137.904,
2016-07-15,3,2016-10-15,186.903,199.186,,242.229,228.987,75.270,212.740,319.254,73.888,121.305,,73.573,,,459.195,97.915,134.683,109.167,161.501,156.792,639.071,,,120.407,,,170.922,241.906,,,252.644,,92.265,
2016-07-15,4,2016-11-15,87.721,121.939,,365.681,97.591,35.349,516.933,117.744,59.844,54.308,,34.063,,,192.423,45.905,128.633,52.912,72.651,93.523,149.539,,,44.741,,,78.207,151.848,,,105.231,,41.646,
2016-07-15,5,2016-12-15,53.593,51.899,,116.492,41.050,13.135,195.806,43.833,31.324,20.179,,65.720,,,83.655,20.245,61.740,19.661,26.995,49.760,58.283,,,16.625,,,33.745,85.165,,,39.101,,15.475,
2016-07-15,6,2017-01-15,27.506,35.601,,43.286,15.253,4.881,85.788,16.287,11.639,7.498,,37.403,,,32.375,8.846,23.998,7.306,10.031,22.089,21.656,,,6.177,,,252.431,84.800,,,14.529,,5.750,
2016-08-15,1,2016-09-15,228.734,317.133,,401.891,,179.666,147.814,371.118,174.289,307.286,,179.337,,,355.722,,387.950,164.835,373.465,131.119,235.471,,,380.950,120.308,,878.305,566.030,,,616.100,227.309,143.688,
2016-08-15,2,2016-10-15,186.903,201.441,,284.538,,101.519,197.214,310.939,106.568,139.631,,79.505,,,484.834,,132.843,147.147,194.571,128.795,622.280,,,124.599,95.039,,169.390,269.840,,,253.389,91.292,94.892,
2016-08-15,3,2016-11-15,87.721,122.606,,383.027,,45.922,509.828,114.819,75.958,61.637,,36.888,,,200.600,,128.037,67.329,84.950,82.365,145.053,,,46.298,46.670,,77.877,162.685,,,105.486,34.037,42.656,
2016-08-15,4,2016-12-15,53.593,51.790,,122.192,,17.064,193.507,42.745,37.929,22.903,,67.589,,,86.709,,61.522,25.018,31.565,45.095,56.588,,,17.203,17.342,,33.671,89.457,,,39.196,12.647,15.850,
2016-08-15,5,2017-01-15,27.506,39.843,,45.404,,6.340,84.937,15.883,14.094,8.510,,38.169,,,33.510,,23.923,9.296,11.729,20.220,21.027,,,6.392,6.444,,252.403,86.756,,,14.564,91.371,5.889,
2016-08-15,6,2017-02-15,10.221,24.038,,16.871,,2.405,31.561,10.138,5.237,3.162,,14.324,,,50.862,,9.260,3.454,6.294,8.557,7.813,,,2.375,2.394,,213.578,44.636,,,5.412,40.236,2.188,
2016-09-15,1,2016-10-15,186.903,194.731,,229.245,,127.489,263.324,267.984,136.656,116.638,,96.563,,97.492,431.447,,,,150.669,,550.578,95.861,,,236.044,,96.872,197.535,,,170.749,96.020,143.996,
2016-09-15,2,2016-11-15,87.721,120.208,,357.675,,57.160,543.032,101.620,94.000,51.762,,48.308,,37.160,186.235,,,,68.592,,139.833,35.620,,,93.505,,41.769,133.697,,,76.634,35.775,61.372,
2016-09-15,3,2016-12-15,53.593,50.446,,114.806,,21.239,203.047,37.807,45.601,19.234,,83.673,,13.808,81.231,,,,25.487,,54.275,13.235,,,34.744,,18.135,77.139,,,28.476,13.293,22.804,
2016-09-15,4,2017-01-15,27.506,41.291,,42.659,,7.892,88.476,14.048,16.944,7.147,,44.714,,5.131,31.475,,,,9.470,,20.167,4.918,,,12.910,,246.630,79.994,,,10.581,91.610,8.474,
2016-09-15,5,2017-02-15,10.221,25.583,,15.851,,2.982,32.876,9.456,6.296,2.656,,16.847,,3.066,50.105,,,,5.455,,7.494,1.827,,,4.797,,211.433,41.940,,,3.932,40.325,3.149,
2016-09-15,6,2017-03-15,3.798,87.155,,5.890,,1.138,12.216,65.384,21.749,0.987,,6.260,,64.899,1129.825,,,,32.422,,2.784,95.836,,,2.243,,93.763,15.584,,,1.461,15.184,1.170,
2016-10-15,1,2016-11-15,87.721,137.855,,342.759,,81.851,494.786,,134.709,82.717,,154.832,81.842,81.842,112.469,,,,81.842,,81.842,93.253,,,81.842,,128.374,144.886,,,81.842,,81.842,
2016-10-15,2,2016-12-15,53.593,61.926,,110.144,,30.419,190.382,,63.015,31.838,,182.798,30.411,30.411,51.349,,,,30.411,,30.411,39.900,,,30.411,,56.626,83.402,,,30.411,,30.411,
2016-10-15,3,2017-01-15,27.506,41.898,,40.927,,11.303,83.686,,23.415,12.168,,80.276,11.300,11.300,20.371,,,,11.300,,11.300,14.826,,,11.300,,260.933,85.270,,,11.300,,11.300,
2016-10-15,4,2017-02-15,10.221,25.849,,15.207,,4.249,31.096,,8.700,4.521,,30.869,4.199,5.359,45.980,,,,6.135,,4.199,5.509,,,4.199,,216.747,44.058,,,4.199,,4.199,
2016-10-15,5,2017-03-15,3.798,88.171,,5.651,,1.609,11.554,,22.643,1.680,,11.486,1.560,65.751,1128.292,,,,32.674,,1.560,97.204,,,2.020,,95.738,16.371,,,1.560,,1.560,
2016-10-15,6,2017-04-15,1.411,68.612,,2.100,,66.239,4.293,,253.381,0.624,,4.268,125.854,40.587,558.374,,,,20.121,,0.580,41.279,,,1.019,,40.448,6.083,,,0.580,,0.580,
2016-11-15,1,2016-12-15,53.593,42.128,,35.726,,35.726,41.886,,35.726,40.576,,98.056,35.726,35.726,35.726,,,,35.726,,35.726,35.726,,35.726,35.726,71.222,35.726,,,,35.726,,,
2016-11-15,2,2017-01-15,27.506,31.409,,13.275,,13.275,18.841,,13.275,17.368,,49.707,13.275,13.275,14.566,,,,13.275,,13.275,13.275,,13.275,13.275,34.273,253.167,,,,13.275,,,
2016-11-15,3,2017-02-15,10.221,21.199,,4.933,,4.982,7.001,,4.933,6.453,,18.614,4.933,6.092,43.822,,,,6.869,,4.933,4.933,,4.933,4.933,13.220,213.861,,,,4.933,,,
2016-11-15,4,2017-03-15,3.798,86.459,,1.833,,1.881,2.601,,21.243,2.398,,6.917,1.833,66.023,1127.491,,,,32.947,,1.833,96.990,,1.833,2.293,5.192,94.665,,,,1.833,,,
2016-11-15,5,2017-04-15,1.411,67.976,,0.681,,66.340,0.967,,252.861,0.891,,2.570,125.955,40.688,558.076,,,,20.223,,0.681,41.200,,0.681,1.120,1.929,40.050,,,,0.681,,,
2016-11-15,6,2017-05-15,0.618,100.215,,1.046,,272.231,0.359,,82.875,0.331,,0.955,887.880,92.336,323.074,,,,7.514,,0.253,15.309,,0.253,0.416,3.305,15.229,,,,0.295,,,
2016-12-15,1,2017-01-15,27.506,47.977,27.506,27.506,,27.506,27.506,,29.130,27.506,,27.506,27.506,27.506,32.607,,,,27.506,,27.506,30.121,,27.506,27.506,27.506,386.637,,,,27.506,,,
2016-12-15,2,2017-02-15,10.221,36.101,158.459,10.221,,10.270,10.221,,11.714,10.221,,10.221,10.221,11.380,72.350,,,,12.696,,10.221,12.685,,10.221,10.221,10.706,257.568,,,,10.221,,,
2016-12-15,3,2017-03-15,3.798,97.435,202.491,3.798,,3.846,3.798,,23.763,3.798,,3.798,3.798,67.988,1169.737,,,,37.064,,3.798,100.327,,3.798,4.258,4.258,109.718,,,,3.798,,,
2016-12-15,4,2017-04-15,1.411,76.540,199.805,1.411,,67.070,1.411,,253.797,1.411,,1.411,126.686,41.418,565.076,,,,21.816,,1.411,42.679,,1.411,1.850,1.582,46.065,,,,1.411,,,
2016-12-15,5,2017-05-15,0.618,103.923,158.859,1.318,,272.502,0.524,,83.223,0.524,,0.524,888.151,92.607,325.340,,,,8.106,,0.524,15.858,,0.524,0.687,3.176,17.597,,,,0.566,,,
2016-12-15,6,2017-06-15,0.344,117.386,101.047,44.368,,214.747,0.195,,50.844,29.329,,242.981,586.618,245.379,410.003,,,,20.041,,0.195,5.893,,22.345,4.982,7.279,115.971,,,,10.724,,,
2017-01-15,1,2017-02-15,10.221,21.853,,158.459,10.221,,10.270,10.221,,10.221,10.221,,10.221,10.221,11.380,47.947,,10.221,,12.157,,10.221,10.221,,,10.221,10.706,29.998,,,,10.221,,
2017-01-15,2,2017-03-15,3.798,89.880,,202.491,3.798,,3.846,3.798,,23.208,3.798,,3.798,3.798,67.988,1129.023,,3.798,,34.912,,3.798,98.955,,,4.258,4.258,18.513,,,,3.798,,
2017-01-15,3,2017-04-15,1.411,74.121,,199.805,1.411,,67.070,1.411,,253.591,1.411,,1.411,126.686,41.418,558.646,,4.685,,20.953,,1.411,41.930,,,1.850,1.582,7.490,,,,1.411,,
2017-01-15,4,2017-05-15,0.618,113.149,,158.859,1.318,,272.502,0.524,,83.146,0.524,,0.524,888.151,92.607,323.285,,184.137,,7.786,,0.524,15.580,,,0.687,3.176,2.783,,,,0.566,,
2017-01-15,5,2017-06-15,0.344,128.791,,101.047,44.368,,214.747,0.195,,50.816,29.329,,242.981,586.618,245.379,409.246,,313.539,,19.922,,0.195,5.789,,,4.982,7.279,31.089,,,,10.724,,
2017-01-15,6,2017-07-15,53.162,226.251,,50.821,629.279,,369.765,423.495,,45.515,38.083,,314.466,372.947,393.980,233.614,,165.355,,126.181,,0.072,15.713,,,88.145,105.499,432.607,,,,266.986,,
2017-02-15,1,2017-03-15,3.798,58.499,,6.023,3.798,,3.798,3.798,,29.258,3.798,,3.798,,30.571,809.032,,3.798,,24.045,,,107.601,,,4.679,3.798,3.798,3.798,,,3.798,,3.798
2017-02-15,2,2017-04-15,1.411,54.387,,21.447,1.411,,67.052,1.411,,271.795,1.411,,1.411,,19.583,518.398,,4.685,,15.535,,,45.533,,,2.238,1.411,1.411,1.411,,,1.411,,1.411
2017-02-15,3,2017-05-15,0.618,54.974,,46.766,1.318,,272.496,0.524,,86.667,0.524,,0.524,,55.260,312.540,,184.137,,5.772,,,16.919,,,0.832,3.113,0.524,0.524,,,0.566,,0.524
2017-02-15,4,2017-06-15,0.344,126.539,,48.890,44.368,,214.744,0.195,,52.996,29.329,,242.981,,220.874,405.291,,313.539,,19.174,,,6.287,,,6.089,7.255,0.369,0.195,,,10.724,,654.408
2017-02-15,5,2017-07-15,53.162,209.676,,29.264,629.279,,369.764,449.228,,46.694,38.083,,314.466,,385.035,232.203,,165.355,,125.903,,,16.603,,,90.264,105.491,330.772,0.072,,,266.986,,178.712
2017-02-15,6,2017-08-15,241.779,284.346,,13.892,252.963,,562.575,410.919,,79.619,423.700,,208.744,,174.584,518.676,,103.044,,521.146,,,63.613,,,270.964,263.338,114.330,599.545,,,393.237,,143.347
2017-03-15,1,2017-04-15,1.411,24.520,,2.140,1.411,,67.052,1.411,,55.842,1.411,,,,1.411,18.845,,4.685,275.860,1.411,,,1.411,,,1.411,1.411,1.411,1.411,,,1.411,,1.411
2017-03-15,2,2017-05-15,0.618,82.564,,4.669,1.318,,272.496,0.524,,31.633,0.524,,,,0.524,83.764,,184.137,899.746,0.524,,,0.524,,,0.524,3.113,0.524,0.524,,,0.566,,0.524
2017-03-15,3,2017-06-15,0.344,150.616,,8.892,44.368,,214.744,0.195,,15.453,29.329,,,,33.887,304.302,,313.539,1054.481,17.224,,,0.195,,,1.532,7.255,0.369,0.195,,,10.724,,654.408
2017-03-15,4,2017-07-15,53.162,196.944,,7.000,629.279,,369.764,411.835,,15.176,38.083,,,,241.846,200.095,,165.355,388.478,125.178,,,0.072,,,70.795,105.491,330.772,0.072,,,266.986,,178.712
2017-03-15,5,2017-08-15,241.779,272.973,,3.520,252.963,,562.575,404.565,,54.597,423.700,,,,136.728,506.582,,103.044,161.278,520.876,,,9.836,,,259.447,263.338,114.330,599.545,,,393.237,,143.347
2017-03-15,6,2017-09-15,541.197,229.678,,91.302,163.252,,173.707,378.266,,174.166,117.052,,,,255.877,158.412,,69.685,256.450,143.235,,,46.720,,,215.737,830.560,432.665,208.937,,,227.632,,190.544
2017-04-15,1,2017-05-15,0.618,17.992,,0.524,4.361,,2.776,0.524,,0.524,0.524,,,,0.524,0.524,,34.060,280.714,0.524,4.939,,0.524,,,0.524,8.176,0.524,0.524,,,0.524,,0.524
2017-04-15,2,2017-06-15,0.344,111.299,,0.195,74.059,,37.309,0.195,,0.195,41.980,,,,43.377,41.515,,227.576,952.555,17.224,25.691,,0.195,,,1.635,18.055,0.214,0.195,,,0.195,,632.331
2017-04-15,3,2017-07-15,53.162,170.723,,0.072,654.825,,268.901,456.659,,0.072,46.212,,,,241.721,104.881,,140.332,361.664,125.178,16.276,,0.072,,,72.429,132.889,315.468,0.072,,,128.293,,177.718
2017-04-15,4,2017-08-15,241.779,260.525,,0.027,258.836,,530.884,411.493,,0.027,429.577,,,,136.609,463.762,,93.390,151.409,520.876,154.838,,21.253,,,260.396,275.434,112.263,646.849,,,339.172,,142.887
2017-04-15,5,2017-09-15,541.197,213.501,,12.657,165.427,,162.587,380.322,,6.227,118.655,,,,255.311,144.467,,65.957,252.760,143.235,189.485,,61.059,,,216.039,834.945,431.485,213.347,,,212.178,,190.378
2017-04-15,6,2017-10-15,231.682,205.792,,83.468,227.654,,205.508,313.755,,5.942,94.734,,,,449.070,84.597,,90.107,157.375,144.556,608.660,,241.906,,,290.049,159.412,233.841,351.018,,,85.539,,82.866
2017-05-15,1,2017-06-15,0.344,141.035,,1.493,33.780,,11.302,2.837,38.136,1.308,268.623,,,,64.298,84.108,,64.081,604.574,234.555,33.043,,3.898,,,207.007,2.032,30.987,0.286,,,10.247,462.202,802.942
2017-05-15,2,2017-07-15,53.162,232.780,,1.532,586.687,,207.320,569.043,814.463,4.033,125.915,,,,262.510,132.077,,77.377,310.845,280.088,20.124,,34.913,,,221.649,56.986,454.463,0.977,,,251.370,287.747,188.264
2017-05-15,3,2017-08-15,241.779,283.756,,0.802,247.368,,508.995,426.482,160.991,19.957,484.831,,,,142.511,477.214,,65.623,133.721,578.167,169.621,,91.593,,,324.599,216.332,133.536,977.547,,,386.391,265.273,147.327
2017-05-15,4,2017-09-15,541.197,218.921,,70.372,161.146,,156.267,384.830,104.863,126.866,133.521,,,,258.189,148.590,,54.465,245.909,160.379,196.430,,120.804,,,237.931,813.058,442.396,238.099,,,225.687,125.363,192.187
2017-05-15,5,2017-10-15,231.682,205.626,,147.923,225.960,,203.046,315.386,73.165,76.243,100.814,,,,450.105,86.176,,84.744,154.849,151.135,610.658,,324.885,,,298.424,153.103,237.395,362.762,,,90.569,87.280,83.524
2017-05-15,6,2017-11-15,97.532,124.602,,319.804,96.472,,513.181,116.327,59.574,36.401,89.524,,,,189.195,41.452,,43.418,70.163,91.408,139.547,,226.564,,,140.214,71.499,150.150,115.501,,,33.782,39.780,32.677
2017-06-15,1,2017-07-15,53.162,115.025,,0.163,391.203,,112.192,515.063,606.933,,2.971,,,,115.880,19.529,2.350,5.373,40.825,76.256,0.163,,8.032,,,24.230,34.452,256.932,1.955,,,160.617,37.343,3.056
2017-06-15,2,2017-08-15,241.779,227.039,,0.061,221.218,,462.706,420.235,142.175,,295.887,,,,101.069,325.980,96.723,10.444,36.937,491.817,68.075,,58.775,,,205.612,189.713,102.107,1006.285,,,358.047,149.858,24.088
2017-06-15,3,2017-09-15,541.197,201.901,,62.496,151.511,,144.648,382.882,96.886,,95.234,,,,237.817,115.380,285.438,19.989,189.956,135.863,151.475,,101.922,,,198.304,801.949,425.605,240.141,,,217.315,85.922,99.183
2017-06-15,4,2017-10-15,231.682,196.313,,148.037,221.986,,198.273,314.677,69.890,,82.089,,,,442.609,71.884,100.342,54.214,135.244,141.636,588.746,,314.461,,,283.131,150.275,231.973,363.678,,,87.477,71.946,49.996
2017-06-15,5,2017-11-15,97.532,124.270,,321.715,95.000,,511.216,116.068,58.199,,81.146,,,,186.573,35.723,113.633,28.775,62.887,87.855,133.012,,222.959,,,134.644,70.413,148.126,115.778,,,32.631,34.047,19.279
2017-06-15,6,2017-12-15,36.241,70.518,,103.402,40.073,,193.772,43.210,30.687,,237.163,,,,81.473,16.377,56.165,10.692,23.367,47.624,52.107,,254.489,,,99.508,30.831,83.750,44.252,,,12.125,12.651,7.164
2017-07-15,1,2017-08-15,241.779,197.378,,30.874,121.600,44.528,419.323,292.536,40.537,,460.402,,,,66.946,409.550,203.853,50.436,40.242,461.510,250.291,,127.628,,,234.172,209.718,37.480,,,,298.920,147.023,
2017-07-15,2,2017-09-15,541.197,203.880,,185.594,111.759,55.495,135.074,344.002,43.831,,122.620,,,,207.126,132.550,335.868,47.806,186.215,129.565,219.110,,143.418,,,207.305,810.592,373.163,,,,200.818,85.682,
2017-07-15,3,2017-10-15,231.682,192.356,,212.978,203.065,47.699,194.058,300.677,44.224,,96.885,,,,431.569,79.669,115.474,80.053,134.091,139.019,619.572,,338.813,,,286.810,152.532,216.792,,,,81.342,71.793,
2017-07-15,4,2017-11-15,97.532,127.076,,353.752,87.855,24.372,509.433,110.977,45.638,,88.204,,,,183.024,38.915,120.921,41.041,62.538,86.852,142.560,,231.352,,,135.949,71.271,142.518,,,,30.347,33.993,
2017-07-15,5,2017-12-15,36.241,72.638,,112.518,37.322,9.056,193.168,41.317,25.517,,241.323,,,,80.129,17.586,58.876,15.250,23.237,47.236,55.685,,257.907,,,100.029,31.151,81.537,,,,11.276,12.631,
2017-07-15,6,2018-01-15,13.466,47.645,,41.809,13.868,3.365,84.809,15.352,9.482,,94.594,,,,31.065,7.838,22.927,5.666,8.635,21.139,20.691,,96.404,,,45.040,251.467,83.205,,,,90.861,4.693,
2017-08-15,1,2017-09-15,541.197,230.406,,329.737,133.110,118.191,92.904,300.679,115.607,240.589,,,,,283.454,92.280,319.580,114.671,302.111,80.617,,,168.783,,,187.115,801.083,492.500,,166.531,,173.583,95.002,
2017-08-15,2,2017-10-15,231.682,177.440,,260.938,208.361,77.080,168.735,286.191,79.835,115.361,,,,,460.677,60.674,110.267,120.020,170.914,101.533,,,347.517,,,278.784,149.556,246.979,,159.305,,69.004,77.072,
2017-08-15,3,2017-11-15,97.532,124.289,,373.740,88.950,36.246,491.398,106.208,63.638,52.185,,,,,192.160,30.960,117.427,56.005,76.341,69.501,,,234.290,,,132.801,70.409,154.544,,77.155,,25.769,36.046,
2017-08-15,4,2017-12-15,36.241,62.105,,118.989,37.716,13.468,188.442,39.548,32.973,19.391,,,,,83.531,14.755,57.579,20.810,28.366,39.409,,,258.999,,,98.955,30.907,86.304,,48.996,,9.575,13.394,
2017-08-15,5,2018-01-15,13.466,43.862,,44.213,14.014,5.004,83.083,14.695,12.252,7.205,,,,,32.329,6.827,22.462,7.733,10.540,17.827,,,96.850,,,44.639,251.376,85.355,,25.620,,90.229,4.977,
2017-08-15,6,2018-02-15,5.004,47.386,,16.429,79.729,1.909,30.872,9.696,4.553,2.677,,,,,50.423,30.555,8.718,2.873,5.853,7.668,,,370.224,,,17.072,213.196,44.088,,9.520,,39.812,1.849,
2017-09-15,1,2017-10-15,231.682,255.650,,297.702,344.234,178.523,334.503,339.827,191.121,165.703,,,,,513.135,,138.195,262.927,208.437,222.172,,127.795,440.163,,,375.767,133.479,261.708,,250.907,,131.262,195.438,
2017-09-15,2,2017-11-15,97.532,154.722,,389.585,134.196,78.256,575.058,120.718,123.180,73.279,,,,,206.622,,138.051,105.708,90.035,118.225,,47.730,264.678,,,162.822,63.795,160.453,,110.967,,50.920,80.152,
2017-09-15,3,2017-12-15,36.241,73.579,,123.726,56.094,29.078,212.287,45.039,57.560,27.274,,,,,88.903,,65.194,39.393,33.455,59.498,,17.735,271.338,,,112.591,28.368,89.099,,66.246,,18.921,29.788,
2017-09-15,4,2018-01-15,13.466,48.171,,45.974,20.843,10.805,91.900,16.736,21.388,10.162,,,,,34.325,,25.422,14.637,12.431,25.850,,6.590,101.116,,,49.785,250.433,87.242,,33.013,,93.702,11.068,
2017-09-15,5,2018-02-15,5.004,47.599,,17.083,82.266,4.064,34.148,10.455,7.947,3.776,,,,,51.165,,9.843,5.439,6.555,10.649,,2.449,371.980,,,18.984,212.846,44.858,,12.267,,41.102,4.113,
2017-09-15,6,2018-03-15,1.859,90.287,,6.348,41.625,1.540,12.689,65.755,22.363,1.403,,,,,1130.219,,3.657,2.021,32.831,144.919,,96.067,104.448,,,7.334,94.288,16.668,,4.558,,15.472,1.528,
2017-10-15,1,2017-11-15,97.532,153.529,,347.261,,97.532,497.985,97.532,144.789,97.845,,,,97.532,123.771,,250.864,,97.532,,,106.693,,,97.532,116.714,138.624,154.643,,101.606,,97.533,97.532,
2017-10-15,2,2017-12-15,36.241,63.825,,114.342,,36.241,193.649,36.241,66.414,36.921,,,,36.241,54.845,,101.761,,36.241,,,43.996,,,36.241,81.699,60.291,85.738,,55.517,,36.242,36.241,
2017-10-15,3,2018-01-15,13.466,46.537,,42.487,,13.466,84.864,13.466,24.678,13.940,,,,13.466,21.670,,41.040,,13.466,,,16.348,,,13.466,37.865,262.295,84.040,,27.510,,100.138,13.466,
2017-10-15,4,2018-02-15,5.004,27.589,,15.787,,5.053,31.533,9.240,9.170,5.180,,,,6.163,46.462,,16.042,,6.940,,,6.074,,,5.004,14.555,217.253,43.428,,10.222,,43.494,5.004,
2017-10-15,5,2018-03-15,1.859,87.916,,5.866,,1.908,11.717,65.304,22.817,1.925,,,,66.050,1128.471,,5.961,,32.973,,,97.414,,,2.319,5.688,95.926,16.137,,3.798,,16.361,1.859,
2017-10-15,6,2018-04-15,0.691,60.472,,2.180,,66.350,4.354,37.290,253.446,0.715,,,,40.698,558.441,,5.489,,20.232,,,41.357,,,1.130,2.114,40.518,5.996,,1.411,,6.079,0.691,
2017-11-15,1,2017-12-15,36.241,37.068,,36.241,,36.241,36.252,,36.241,36.241,,,,36.241,36.241,,36.241,,36.241,,36.241,36.241,,,36.241,49.009,36.241,36.285,,37.480,,,36.241,
2017-11-15,2,2018-01-15,13.466,28.848,,13.466,,13.466,13.478,,13.466,13.466,,,,13.466,14.757,,13.896,,13.466,,13.466,13.466,,,13.466,23.304,253.358,22.327,,14.635,,,13.466,
2017-11-15,3,2018-02-15,5.004,20.488,,5.004,,5.053,5.008,,5.004,5.004,,,,6.163,43.893,,5.413,,6.940,,5.004,5.004,,,5.004,9.144,213.933,12.291,,5.438,,,5.004,
2017-11-15,4,2018-03-15,1.859,86.195,,1.859,,1.908,1.861,,21.269,1.859,,,,66.050,1127.517,,2.011,,32.973,,1.859,97.016,,,2.319,3.678,94.692,4.567,,2.021,,,1.859,
2017-11-15,5,2018-04-15,0.691,60.702,,0.691,,66.350,0.691,,252.870,0.691,,,,40.698,558.086,,4.021,,20.232,,0.691,41.209,,,1.130,1.367,40.060,1.697,,0.751,,,0.691,
2017-11-15,6,2018-05-15,0.298,58.769,,1.050,,272.235,0.257,,82.879,0.257,,,,92.340,323.077,,183.890,,7.518,,0.257,15.312,,,0.420,3.096,15.232,0.631,,0.373,,,0.257,
2017-12-15,1,2018-01-15,13.466,26.889,13.466,13.466,,13.466,13.466,,13.466,13.466,,13.466,13.466,13.466,14.757,,13.896,,13.466,,13.466,13.466,,,13.466,13.466,253.358,,,13.466,,,,
2017-12-15,2,2018-02-15,5.004,27.231,153.242,5.004,,5.053,5.004,,5.004,5.004,,5.004,5.004,6.163,43.893,,5.413,,6.940,,5.004,5.004,,,5.004,5.489,213.933,,,5.004,,,,
2017-12-15,3,2018-03-15,1.859,92.313,200.553,1.859,,1.908,1.859,,21.269,1.859,,1.859,1.859,66.050,1127.517,,2.011,,32.973,,1.859,97.016,,,2.319,2.319,94.692,,,1.859,,,,
2017-12-15,4,2018-04-15,0.691,75.262,199.085,0.691,,66.350,0.691,,252.870,0.691,,0.691,125.965,40.698,558.086,,4.021,,20.232,,0.691,41.209,,,1.130,0.862,40.060,,,0.691,,,,
2017-12-15,5,2018-05-15,0.298,113.595,158.591,1.050,,272.235,0.257,,82.879,0.257,,0.257,887.884,92.340,323.077,,183.890,,7.518,,0.257,15.312,,,0.420,2.909,15.232,,,0.350,,,,
2017-12-15,6,2018-06-15,10.625,132.265,100.948,44.268,,214.647,0.095,,50.716,29.229,,242.882,586.519,245.279,409.168,,313.448,,19.822,,0.095,5.690,,,4.882,7.179,105.663,,,0.245,,,,
2018-01-15,1,2018-02-15,5.004,17.320,,153.242,,,5.053,5.004,,5.004,5.004,,5.004,5.004,6.163,42.730,,,,6.940,,5.004,5.004,,5.004,5.004,5.489,24.781,,,5.004,,,
2018-01-15,2,2018-03-15,1.859,93.005,,200.553,,,1.908,1.859,,21.269,1.859,,1.859,1.859,66.050,1127.085,,,,32.973,,1.859,97.016,,1.859,2.319,2.319,16.574,,,1.859,,,
2018-01-15,3,2018-04-15,0.691,77.485,,199.085,,,66.350,0.691,,252.870,0.691,,0.691,125.965,40.698,557.925,,,,20.232,,0.691,41.209,,0.691,1.130,0.862,6.769,,,0.691,,,
2018-01-15,4,2018-05-15,0.298,108.662,,158.591,,,272.235,0.257,,82.879,0.257,,0.257,887.884,92.340,323.017,,,,7.518,,0.257,15.312,,0.257,0.420,2.909,2.515,,,0.350,,,
2018-01-15,5,2018-06-15,10.625,115.918,,100.948,,,214.647,0.095,,50.716,29.229,,242.882,586.519,245.279,409.146,,,,19.822,,0.095,5.690,,22.245,4.882,7.179,30.990,,,0.245,,,
2018-01-15,6,2018-07-15,266.949,203.553,,50.784,,,369.728,423.458,,45.478,38.046,,314.429,372.910,393.943,233.577,,,,126.144,,0.035,15.676,,396.933,88.108,105.462,432.570,,,53.125,,,
2018-02-15,1,2018-03-15,1.859,56.792,,2.219,,,1.859,1.859,,21.269,1.859,,1.859,1.859,23.910,780.078,,,,20.055,,1.859,97.016,,1.859,2.319,1.859,1.859,,,1.859,,,
2018-02-15,2,2018-04-15,0.691,61.872,,15.332,,,66.332,0.691,,252.870,0.691,,0.691,125.965,15.806,513.939,,,,13.720,,0.691,41.209,,0.691,1.130,0.691,0.691,,,0.691,,,
2018-02-15,3,2018-05-15,0.298,97.835,,37.071,,,272.228,0.257,,82.879,0.257,,0.257,887.884,46.185,311.389,,,,5.098,,0.257,15.312,,0.257,0.420,2.845,0.257,,,0.350,,,
2018-02-15,4,2018-06-15,10.625,108.423,,43.289,,,214.645,0.095,,50.716,29.229,,242.882,586.519,211.443,404.862,,,,18.923,,0.095,5.690,,22.245,4.882,7.155,0.270,,,0.245,,,
2018-02-15,5,2018-07-15,266.949,195.283,,26.952,,,369.727,423.458,,45.478,38.046,,314.429,372.910,380.883,232.052,,,,125.810,,0.035,15.676,,396.933,88.108,105.454,330.735,,,53.125,,,
2018-02-15,6,2018-08-15,393.223,269.551,,12.920,,,562.561,406.517,,79.015,423.686,,208.730,338.525,173.262,518.620,,,,521.111,,0.127,62.560,,385.361,269.973,263.324,114.316,,,241.766,,,
2018-03-15,1,2018-04-15,0.691,16.191,,1.420,,,66.332,0.691,,55.122,0.691,,0.691,125.965,0.691,18.124,,,,0.691,,0.691,0.691,,0.691,0.691,0.691,0.691,,,0.691,,,
2018-03-15,2,2018-05-15,0.298,75.596,,4.402,,,272.228,0.257,,31.365,0.257,,0.257,887.884,0.257,83.496,,,,0.257,,0.257,0.257,,0.257,0.257,2.845,0.257,,,0.350,,,
2018-03-15,3,2018-06-15,10.625,87.304,,8.793,,,214.645,0.095,,15.353,29.229,,242.882,586.519,33.788,304.202,,,,17.124,,0.095,0.095,,22.245,1.433,7.155,0.270,,,0.245,,,
2018-03-15,4,2018-07-15,266.949,179.594,,6.963,,,369.727,411.798,,15.139,38.046,,314.429,372.910,241.809,200.058,,,,125.142,,0.035,0.035,,396.933,70.758,105.454,330.735,,,53.125,,,
2018-03-15,5,2018-08-15,393.223,260.849,,3.506,,,562.561,404.551,,54.583,423.686,,208.730,338.525,136.714,506.568,,,,520.863,,0.127,9.822,,385.361,259.433,263.324,114.316,,,241.766,,,
2018-03-15,6,2018-09-15,227.627,254.001,,91.297,,,173.702,378.261,,174.161,117.047,,122.250,515.888,255.872,158.407,,,,143.230,,0.116,46.715,,120.944,215.732,830.555,432.660,,,541.192,,,
2018-04-15,1,2018-05-15,0.298,45.736,,0.325,,,,8.389,,0.257,0.257,,0.257,497.790,7.776,7.548,,147.754,,0.257,,0.471,0.445,,0.776,0.257,83.977,0.257,,,20.723,,,
2018-04-15,2,2018-06-15,10.625,114.488,,1.324,,,,17.657,,0.095,159.545,,255.335,535.698,132.646,163.567,,305.734,,20.570,,0.302,0.656,,147.423,64.475,85.115,34.827,,,21.330,,,
2018-04-15,3,2018-07-15,266.949,217.472,,1.434,,,,626.489,,0.035,99.910,,316.794,357.327,332.097,162.978,,162.834,,131.859,,1.760,27.757,,509.869,166.250,187.002,467.810,,,144.820,,,
2018-04-15,4,2018-08-15,393.223,252.035,,0.755,,,,433.939,,0.754,469.449,,209.457,332.761,160.109,491.206,,102.095,,523.972,,43.646,77.306,,410.894,303.898,295.603,135.959,,,292.792,,,
2018-04-15,5,2018-09-15,227.627,250.894,,81.671,,,,387.342,,53.994,129.109,,122.520,513.747,267.020,153.119,,69.319,,144.103,,24.173,100.824,,129.660,230.627,842.345,443.438,,,572.188,,,
2018-04-15,6,2018-10-15,91.306,173.268,,161.369,,,,316.310,,42.168,99.051,,55.203,147.210,453.244,87.894,,91.449,,144.895,,8.982,303.264,,98.970,295.666,161.997,237.762,,,240.117,,,
2018-05-15,1,2018-06-15,10.625,105.003,,1.276,,,,,,1.092,287.710,,406.976,195.638,66.656,96.891,,73.829,,251.061,38.935,1.797,3.797,,94.414,225.282,1.803,37.725,,,0.178,,,
2018-05-15,2,2018-07-15,266.949,170.984,,1.399,,,,,,3.876,129.677,,341.898,279.678,278.451,139.414,,85.473,,286.580,24.234,7.099,36.977,,473.760,226.643,62.869,469.145,,,59.558,,,
2018-05-15,3,2018-08-15,393.223,234.740,,0.737,,,,,,23.313,487.002,,217.405,304.672,146.521,481.183,,69.806,,580.186,180.388,55.759,100.363,,402.018,326.378,229.387,136.305,,,249.159,,,
2018-05-15,4,2018-09-15,227.627,243.613,,78.529,,,,,,138.372,134.147,,125.484,503.360,260.614,149.795,,56.268,,161.028,199.522,28.896,128.218,,126.544,238.563,818.271,443.595,,,550.218,,,
2018-05-15,5,2018-10-15,91.306,193.456,,157.148,,,,,,81.098,101.064,,56.313,143.397,450.946,86.637,,85.705,,151.381,612.106,10.737,329.929,,97.774,298.660,154.367,237.814,,,233.681,,,
2018-05-15,6,2018-11-15,34.055,104.656,,325.594,,,,,,38.530,89.622,,20.941,57.375,189.486,41.626,,43.828,,91.500,140.003,3.990,228.285,,47.535,140.302,71.981,150.305,,,98.247,,,
2018-06-15,1,2018-07-15,266.949,147.906,,9.819,,,,650.646,,17.592,28.208,,,158.796,219.768,67.042,,34.273,,169.062,7.787,43.032,48.253,,360.011,89.813,99.269,379.527,,,131.504,,,
2018-06-15,2,2018-08-15,393.223,230.132,,5.347,,,,435.554,,41.841,393.549,,,240.324,130.782,404.898,,38.021,,538.489,153.418,117.637,112.880,,377.397,266.350,249.223,121.530,,,285.000,,,
2018-06-15,3,2018-09-15,227.627,257.773,,129.684,,,,387.706,,155.301,112.282,,,477.470,253.672,132.443,,40.776,,147.465,189.978,54.641,135.439,,118.437,218.030,825.585,436.496,,,566.735,,,
2018-06-15,4,2018-10-15,91.306,208.549,,190.158,,,,316.435,,87.045,91.446,,,135.042,448.400,79.487,,73.859,,146.254,606.830,20.303,334.004,,94.542,290.911,156.604,235.427,,,238.586,,,
2018-06-15,5,2018-11-15,34.055,110.423,,343.083,,,,116.711,,40.922,85.677,,,54.241,188.573,38.819,,37.834,,89.586,138.417,7.544,229.694,,46.338,137.447,72.831,149.427,,,100.046,,,
2018-06-15,6,2018-12-15,12.654,69.141,,109.412,,,,43.449,,15.206,239.894,,,20.155,82.220,17.573,,14.058,,48.280,54.137,2.803,257.226,,17.218,100.597,31.738,84.249,,,37.175,,,
2018-07-15,1,2018-08-15,393.223,247.984,,89.324,,,,387.388,105.133,149.437,,,,288.504,134.009,,293.865,117.537,102.618,561.591,344.973,274.719,211.420,,356.545,325.366,299.328,101.499,,,320.462,,,
2018-07-15,2,2018-09-15,227.627,289.806,,236.603,,,,372.149,79.692,222.177,,,,497.265,253.104,,367.103,79.245,234.242,153.171,246.645,99.602,176.284,,112.339,236.884,843.775,423.914,,,582.312,,,
2018-07-15,3,2018-10-15,91.306,215.307,,230.815,,,,310.755,62.379,111.356,,,,141.145,448.288,,126.017,97.604,150.587,148.519,630.350,37.032,353.045,,91.905,298.250,162.474,231.555,,,243.452,,,
2018-07-15,4,2018-11-15,34.055,114.775,,361.202,,,,114.624,54.859,50.537,,,,56.538,188.574,,125.259,48.403,68.612,90.432,146.368,13.760,236.432,,45.367,140.109,75.039,147.995,,,101.836,,,
2018-07-15,5,2018-12-15,12.654,58.677,,114.932,,,,42.673,29.358,18.778,,,,21.008,82.219,,60.487,17.985,25.494,48.599,57.103,5.113,259.863,,16.857,101.622,32.563,83.694,,,37.840,,,
2018-07-15,6,2019-01-15,91.373,38.878,,42.706,,,,15.856,10.909,6.978,,,,7.806,31.841,,23.530,6.683,9.473,21.654,21.218,1.900,97.109,,6.264,45.634,251.992,84.196,,,14.060,,,
2018-08-15,1,2018-09-15,227.627,315.971,,404.822,,,146.930,373.764,174.293,309.384,,,,,358.409,,390.617,163.916,376.228,129.673,236.576,120.322,232.014,,117.160,255.515,882.558,569.545,,,619.870,,141.847,
2018-08-15,2,2018-10-15,91.306,230.274,,284.710,,,199.215,311.324,107.503,139.781,,,,,485.396,,132.573,148.686,194.657,130.988,624.091,46.990,379.714,,96.870,306.506,168.532,269.630,,,253.002,,95.039,
2018-08-15,3,2018-11-15,34.055,142.111,,383.200,,,511.397,114.808,76.808,61.779,,,,,200.614,,128.381,67.921,84.967,83.418,145.259,17.460,245.525,,47.400,142.886,77.636,162.610,,,105.308,,42.731,
2018-08-15,4,2018-12-15,12.654,68.211,,122.203,,,193.874,42.743,38.319,22.957,,,,,86.716,,61.649,25.238,31.572,45.623,56.672,6.488,263.470,,17.613,102.812,33.594,89.458,,,39.130,,15.878,
2018-08-15,5,2019-01-15,91.373,42.225,,45.408,,,85.072,15.882,14.239,8.531,,,,,33.513,,23.975,9.378,11.731,20.453,21.058,2.411,98.393,,6.544,46.082,252.375,86.798,,,14.540,,5.900,
2018-08-15,6,2019-02-15,40.237,42.690,,16.872,,,31.611,10.138,5.291,3.170,,,,,50.863,,9.280,3.485,6.295,8.644,7.825,0.896,370.892,,2.432,17.608,213.567,44.656,,,5.403,,2.192,
2018-09-15,1,2018-10-15,91.306,187.065,,216.277,260.328,121.105,252.107,254.014,127.125,108.966,,,,,415.590,118.450,94.381,186.014,139.071,148.226,,91.092,345.719,,,287.702,91.212,183.757,,,159.958,,140.210,
2018-09-15,2,2018-11-15,34.055,127.290,,349.484,107.971,53.739,532.814,97.736,87.690,47.827,,,,,181.814,55.279,94.359,80.966,64.281,86.087,,33.848,235.207,,,135.217,39.669,129.863,,,72.324,,59.621,
2018-09-15,3,2018-12-15,12.654,62.045,,112.864,45.223,19.968,200.719,36.373,42.850,17.771,,,,,79.381,25.393,48.382,30.090,23.885,44.943,,12.577,258.657,,,100.110,17.567,75.116,,,26.874,,22.154,
2018-09-15,4,2019-01-15,91.373,38.992,,41.938,16.804,7.420,87.637,13.515,15.922,6.603,,,,,30.787,11.284,18.814,11.181,8.875,19.737,,4.673,96.920,,,45.047,246.419,78.049,,,9.986,,8.232,
2018-09-15,5,2019-02-15,40.237,45.239,,15.583,80.765,2.806,32.564,9.258,5.916,2.454,,,,,49.850,32.211,7.321,4.154,5.234,8.377,,1.736,370.157,,,17.224,211.354,41.055,,,3.710,,3.059,
2018-09-15,6,2019-03-15,15.151,89.782,,5.790,41.067,1.073,12.100,65.311,21.608,0.912,,,,,1129.730,19.544,2.720,1.544,32.340,144.075,,95.802,103.844,,,6.680,93.734,15.255,,,1.379,,1.137,
2018-10-15,1,2018-11-15,34.055,59.131,,165.854,34.055,34.055,294.285,34.055,,34.055,,,,,36.585,34.055,95.806,34.055,34.055,34.055,,34.055,51.573,,,34.113,42.933,52.803,,34.055,34.055,,34.055,
2018-10-15,2,2018-12-15,12.654,31.612,,69.604,12.654,12.654,139.322,12.654,,12.654,,,,,14.987,12.925,49.202,12.654,12.654,12.654,,12.654,127.311,,,25.171,19.930,33.731,,13.518,12.654,,12.654,
2018-10-15,3,2019-01-15,91.373,26.508,,25.863,4.702,4.702,64.068,4.702,,4.702,,,,,6.860,4.962,19.087,4.702,4.702,4.702,,4.702,55.972,,,14.379,247.298,39.142,,5.509,4.702,,4.702,
2018-10-15,4,2019-02-15,40.237,40.245,,9.610,76.269,1.796,23.806,5.983,,1.747,,,,,40.959,29.862,7.408,1.747,3.683,2.791,,1.747,352.084,,,5.828,211.681,22.359,,2.047,1.747,,1.747,
2018-10-15,5,2019-03-15,15.151,86.995,,3.571,39.397,0.697,8.846,64.094,,0.649,,,,,1126.427,18.671,2.753,0.649,31.763,141.999,,95.806,97.915,,,2.446,93.855,8.308,,0.761,0.649,,0.649,
2018-10-15,6,2019-04-15,5.630,61.792,,1.327,78.559,65.900,3.287,36.840,,0.241,,,,,557.681,6.938,4.297,274.690,19.783,63.744,,40.760,37.283,,,0.909,39.749,3.087,,0.283,0.241,,0.241,
2018-11-15,1,2018-12-15,12.654,13.295,,12.654,12.654,12.654,12.666,12.654,,12.654,,,,,12.654,12.925,12.654,12.654,12.654,12.654,,12.654,17.231,,,19.917,12.654,12.699,,,12.654,,12.654,
2018-11-15,2,2019-01-15,91.373,18.425,,4.702,4.702,4.702,4.714,4.702,,4.702,,,,,5.993,4.962,5.132,4.702,4.702,4.702,,4.702,8.616,,,10.778,244.594,13.563,,,4.702,,4.702,
2018-11-15,3,2019-02-15,40.237,38.637,,1.747,76.269,1.796,1.751,5.983,,1.747,,,,,40.637,29.862,2.156,1.747,3.683,2.791,,1.747,334.487,,,4.490,210.676,9.035,,,1.747,,1.747,
2018-11-15,4,2019-03-15,15.151,90.189,,0.649,39.397,0.697,0.651,64.094,,0.649,,,,,1126.307,18.671,0.801,0.649,31.763,141.999,,95.806,91.376,,,1.948,93.482,3.357,,,0.649,,0.649,
2018-11-15,5,2019-04-15,5.630,64.530,,0.241,78.559,65.900,0.242,36.840,,0.241,,,,,557.636,6.938,3.572,274.690,19.783,63.744,,40.760,34.853,,,0.724,39.610,1.247,,,0.241,,0.241,
2018-11-15,6,2019-05-15,2.092,113.108,,0.883,132.605,272.067,0.090,14.557,,0.090,,,,,322.910,206.216,183.723,899.311,7.351,62.551,,15.145,12.951,,,2.857,15.065,0.464,,,0.131,,0.090,
2018-12-15,1,2019-01-15,91.373,17.882,4.702,4.702,4.702,4.702,4.702,4.702,,4.702,,,,,5.993,4.702,5.132,4.702,4.702,4.702,,4.702,4.702,,,4.702,244.594,13.519,,,,,4.702,
2018-12-15,2,2019-02-15,40.237,46.237,149.986,1.747,76.269,1.796,1.747,5.983,,1.747,,,,,40.637,29.765,2.156,1.747,3.683,2.791,,1.747,333.033,,,2.232,210.676,9.019,,,,,1.747,
2018-12-15,3,2019-03-15,15.151,100.572,199.342,0.649,39.397,0.697,0.649,64.094,,0.649,,,,,1126.307,18.635,0.801,0.649,31.763,141.999,,95.806,90.836,,,1.109,93.482,3.351,,,,,0.649,
2018-12-15,4,2019-04-15,5.630,74.944,198.635,0.241,78.559,65.900,0.241,36.840,,0.241,,,,,557.636,6.924,3.572,274.690,19.783,63.744,,40.760,34.653,,,0.412,39.610,1.245,,,,,0.241,
2018-12-15,5,2019-05-15,2.092,121.429,158.424,0.883,132.605,272.067,0.090,14.557,,0.090,,,,,322.910,206.211,183.723,899.311,7.351,62.551,,15.145,12.876,,,2.742,15.065,0.463,,,,,0.090,
2018-12-15,6,2019-06-15,419.638,214.440,100.885,44.206,411.620,214.585,0.033,74.631,,29.167,,,,,409.106,522.242,313.386,1054.319,19.760,102.865,,5.628,4.784,,,7.117,105.601,0.172,,,,,654.246,
2019-01-15,1,2019-02-15,40.237,128.770,,376.743,39.899,259.377,56.263,39.899,114.771,,51.586,,,,,203.291,180.920,39.899,39.899,95.038,78.986,,39.899,600.503,,,73.446,150.576,39.899,,54.600,,,39.899
2019-01-15,2,2019-03-15,15.151,147.233,,282.027,14.825,89.277,26.481,14.825,192.833,,23.969,,,,,1290.736,71.313,14.825,14.825,137.457,303.071,,179.621,127.603,,,36.581,68.532,14.825,,26.213,,,14.825
2019-01-15,3,2019-04-15,5.630,90.335,,236.734,5.509,147.182,75.481,5.509,86.655,,8.906,,,,,586.041,26.535,8.783,279.957,57.933,107.909,,58.944,50.089,,,13.593,30.124,5.509,,9.789,,,5.509
2019-01-15,4,2019-05-15,2.092,130.804,,173.257,2.840,174.226,275.627,2.047,38.457,,3.309,,,,,332.198,311.748,185.659,901.269,21.527,98.702,,21.902,18.612,,,12.618,11.479,2.047,,26.506,,,2.047
2019-01-15,5,2019-06-15,419.638,212.482,,106.690,44.934,430.953,215.908,0.761,108.927,,54.485,,,,,412.541,553.125,314.105,1055.046,25.028,129.373,,8.603,7.244,,,21.246,79.043,0.761,,25.885,,,654.974
2019-01-15,6,2019-07-15,278.867,263.825,,53.007,629.490,396.126,370.196,425.801,896.916,,55.360,,,,,234.822,191.566,165.565,388.688,128.078,60.944,,26.785,298.090,,,137.361,495.198,0.283,,143.297,,,178.923
2019-02-15,1,2019-03-15,15.151,84.337,,23.986,15.151,15.151,15.151,15.307,59.035,,15.151,,,,,924.261,15.151,15.151,15.151,66.231,216.540,,184.422,15.151,,,15.151,15.151,15.151,,15.151,,,15.151
2019-02-15,2,2019-04-15,5.630,62.257,,63.848,5.630,17.952,71.271,5.781,30.848,,5.630,,,,,533.973,5.630,8.904,280.078,32.157,87.405,,62.264,5.630,,,5.630,5.630,5.630,,5.630,,,5.630
2019-02-15,3,2019-05-15,2.092,107.052,,84.083,2.885,62.689,274.063,2.205,11.843,,2.092,,,,,316.858,162.267,185.704,901.314,11.949,82.607,,23.136,2.092,,,4.680,2.092,2.092,,4.305,,,2.092
2019-02-15,4,2019-06-15,419.638,193.505,,70.123,44.950,361.898,215.327,3.166,43.170,,32.660,,,,,406.866,504.663,314.122,1055.063,21.469,116.920,,8.996,0.777,,,7.837,1.970,0.777,,4.356,,,654.990
2019-02-15,5,2019-07-15,278.867,245.222,,38.468,629.496,376.302,369.980,549.576,846.819,,41.135,,,,,232.768,179.880,165.571,388.695,126.756,56.508,,26.793,124.155,,,105.707,372.211,0.289,,94.393,,,178.929
2019-02-15,6,2019-08-15,262.412,271.760,,17.769,253.043,158.597,562.655,422.120,164.202,,426.481,,,,,518.886,284.061,103.124,161.359,521.462,213.231,,72.277,166.955,,,263.419,120.130,599.626,,262.385,,,143.427
2019-03-15,1,2019-04-15,5.630,32.331,,6.365,5.630,23.062,84.648,5.630,5.630,,5.630,91.672,,,,28.275,5.630,10.763,301.945,,5.630,,,5.630,,,5.630,5.630,5.630,,5.630,,,5.630
2019-03-15,2,2019-05-15,2.092,103.419,,7.348,2.885,73.132,284.276,2.092,2.092,,2.092,197.202,,,,98.092,165.432,205.215,906.647,,3.227,,,2.092,,,4.682,2.092,2.092,,2.185,,,2.092
2019-03-15,3,2019-06-15,419.638,208.352,,16.419,51.431,368.929,218.601,0.777,0.777,,37.871,363.224,,,,312.247,506.369,319.107,1056.124,,13.282,,,0.777,,,8.938,0.952,0.777,,0.926,,,681.157
2019-03-15,4,2019-07-15,278.867,255.909,,13.624,636.971,378.261,371.241,436.707,569.782,,45.613,602.525,,,,202.513,180.267,167.107,389.055,,9.255,,,135.918,,,120.469,353.551,0.289,,68.621,,,180.499
2019-03-15,5,2019-08-15,262.412,262.796,,7.012,254.698,159.287,563.102,407.448,139.030,,430.252,284.402,,,,507.481,284.209,103.707,161.492,,138.317,,,169.813,,,270.200,117.677,599.626,,251.277,,,144.093
2019-03-15,6,2019-09-15,124.340,256.393,,97.592,163.889,114.766,173.901,379.166,95.437,,118.705,166.081,,,,158.741,364.261,69.937,256.530,,184.173,,,316.773,,,833.078,434.692,208.967,,543.934,,,190.841
2019-04-15,1,2019-05-15,2.092,23.657,,2.092,2.885,2.092,2.131,2.092,2.092,,2.092,2.092,,,,2.092,162.267,17.173,233.141,,3.227,,,2.092,,,3.558,2.092,2.092,,2.092,,,2.092
2019-04-15,2,2019-06-15,419.638,129.138,,0.777,44.950,49.199,18.365,0.777,0.777,,25.261,58.622,,,,20.485,504.663,194.698,939.272,,13.231,,,0.777,,,6.032,0.777,0.777,,0.777,,,573.397
2019-04-15,3,2019-07-15,278.867,211.620,,0.289,629.496,253.947,236.917,401.376,518.202,,33.730,488.288,,,,82.671,179.880,131.137,358.945,,9.205,,,124.155,,,103.994,262.931,0.289,,32.172,,,173.156
2019-04-15,4,2019-08-15,262.412,247.545,,0.107,253.043,122.873,521.895,403.313,134.508,,418.299,250.963,,,,447.402,284.061,89.720,150.419,,128.330,,,166.955,,,262.813,104.486,599.626,,223.581,,,140.955
2019-04-15,5,2019-09-15,124.340,245.353,,4.867,163.282,100.601,159.756,377.883,93.312,,115.881,153.653,,,,140.236,364.206,64.508,252.387,,178.623,,,315.774,,,830.367,426.856,208.967,,520.969,,,189.574
2019-04-15,6,2019-10-15,86.899,174.513,,60.210,226.839,67.502,204.405,312.875,68.337,,93.558,70.011,,,,82.926,125.260,89.502,157.237,,604.366,,,103.628,,,157.919,232.405,348.876,,227.317,,,82.574
2019-05-15,1,2019-06-15,419.638,109.650,,1.314,30.917,127.210,9.523,2.375,34.801,,231.105,69.020,,,,66.692,192.338,53.603,559.503,,27.829,,,3.614,,,1.716,25.826,0.778,0.778,0.778,,,753.276
2019-05-15,2,2019-07-15,278.867,247.337,,0.916,541.882,297.040,180.949,522.733,766.786,,116.237,472.824,,,,115.857,110.872,63.446,303.566,,16.835,,,315.260,,,52.007,413.749,0.614,422.906,47.728,,,184.538
2019-05-15,3,2019-08-15,262.412,267.129,,0.415,242.416,134.880,489.019,420.193,158.222,,478.840,249.461,,,,461.416,253.927,54.686,131.553,,141.352,,,222.012,,,187.430,127.876,928.264,281.384,233.446,,,145.798
2019-05-15,4,2019-09-15,124.340,247.555,,61.411,159.254,105.322,151.613,382.980,103.627,,131.843,153.268,,,,144.747,353.323,48.922,244.989,,185.898,,,341.322,,,796.991,439.492,234.082,210.620,509.858,,,191.534
2019-05-15,5,2019-10-15,86.899,178.762,,128.940,225.114,69.316,201.133,314.719,72.639,,100.138,69.864,,,,84.647,121.300,80.417,154.516,,604.836,,,111.657,,,149.828,236.440,360.922,180.003,225.512,,,83.288
2019-05-15,6,2019-11-15,39.639,112.223,,302.672,96.151,33.086,512.353,116.083,59.347,,89.262,32.617,,,,40.862,123.381,41.156,70.040,,137.845,,,41.489,,,70.241,149.803,114.971,85.148,95.366,,,32.587
2019-06-15,1,2019-07-15,278.867,382.183,,108.168,717.984,366.808,381.487,849.149,947.364,,145.489,573.013,,,,191.758,141.307,156.449,287.814,343.672,98.715,,165.758,599.574,,,,569.747,147.211,785.319,293.486,,,155.571
2019-06-15,2,2019-08-15,262.412,335.932,,50.063,279.843,155.488,565.337,476.463,190.778,,496.063,276.437,,,,500.881,265.591,99.559,126.666,596.691,267.404,,196.923,289.010,,,,165.139,1229.076,348.812,344.356,,,133.983
2019-06-15,3,2019-09-15,124.340,237.080,,201.217,173.215,113.313,174.658,402.255,116.157,,136.753,163.159,,,,156.887,357.624,68.472,242.896,165.952,224.409,,170.499,368.114,,,,454.833,272.815,235.078,593.680,,,186.697
2019-06-15,4,2019-10-15,86.899,197.436,,217.963,230.552,72.339,210.073,321.815,77.433,,102.102,73.546,,,,89.287,122.897,91.085,153.757,153.270,621.938,,350.457,120.993,,,,241.903,376.536,189.262,247.424,,,81.527
2019-06-15,5,2019-11-15,39.639,123.920,,355.878,98.181,34.222,515.871,118.704,61.196,,90.040,33.992,,,,42.614,123.978,45.898,69.758,92.204,143.370,,235.518,44.958,,,,151.828,120.278,88.598,103.308,,,31.925
2019-06-15,6,2019-12-15,14.729,70.702,,113.181,41.267,12.716,195.432,44.190,31.831,,241.881,65.561,,,,18.992,60.010,17.055,25.920,49.259,55.987,,259.508,16.705,,,,85.150,45.934,53.920,38.387,,,11.863
2019-07-15,1,2019-08-15,262.412,351.383,,115.138,228.841,137.597,548.237,417.704,131.556,,589.529,237.369,,,,537.422,323.507,144.045,128.482,592.400,,,240.596,245.806,,355.066,,128.086,1288.653,290.938,346.695,,,
2019-07-15,2,2019-09-15,124.340,240.942,,249.660,154.493,104.800,168.844,382.138,90.999,,155.816,148.807,,,,166.807,377.474,89.503,247.134,162.683,,,186.703,351.962,,247.192,,436.574,287.052,214.840,595.363,,,
2019-07-15,3,2019-10-15,86.899,187.460,,235.314,223.117,68.728,207.838,314.411,67.089,,110.498,68.189,,,,93.153,129.768,102.231,155.105,152.135,,,357.166,115.297,,302.081,,235.858,381.917,181.604,247.697,,,
2019-07-15,4,2019-11-15,39.639,128.551,,362.951,95.438,32.799,515.041,115.973,56.846,,93.634,31.944,,,,44.090,126.708,50.284,70.265,91.785,,,237.942,42.842,,141.531,,149.549,122.245,85.748,103.403,,,
2019-07-15,5,2019-12-15,14.729,75.996,,115.546,40.236,12.187,195.125,43.174,30.133,,243.696,64.653,,,,19.548,61.025,18.684,26.109,49.107,,,260.433,15.919,,102.150,,84.286,46.667,52.826,38.422,,,
2019-07-15,6,2020-01-15,5.473,33.572,,42.934,14.951,4.529,85.535,16.043,11.197,,95.435,36.987,,,,8.580,23.730,6.943,9.701,21.844,,,97.317,5.915,,45.831,,84.439,18.049,27.214,14.277,,,
2019-08-15,1,2019-09-15,124.340,297.697,,382.487,165.888,161.146,129.153,351.730,155.477,,,,,,336.622,129.523,368.198,145.315,354.115,112.447,,,211.397,,,234.940,858.462,546.273,,209.475,596.337,207.263,,
2019-08-15,2,2019-10-15,86.899,206.799,,277.383,230.148,94.110,189.358,303.760,99.365,,,,,,477.367,78.182,125.957,139.872,187.516,121.014,,,371.057,,,297.974,162.606,262.958,,179.680,246.466,84.411,,
2019-08-15,3,2019-11-15,39.639,138.917,,380.350,98.097,43.127,507.169,112.199,73.134,,,,,,197.924,38.276,125.416,64.700,82.302,79.529,,,242.487,,,139.921,75.293,160.050,,85.049,102.925,31.469,,
2019-08-15,4,2019-12-15,14.729,68.390,,121.207,41.292,16.025,192.483,41.769,36.857,,,,,,85.719,17.276,60.544,24.041,30.581,44.042,,,262.299,,,101.600,32.695,88.475,,52.570,38.244,11.693,,
2019-08-15,5,2020-01-15,5.473,47.316,,45.038,15.343,5.954,84.554,15.521,13.695,,,,,,33.142,7.697,23.552,8.933,11.363,19.831,,,97.968,,,45.630,252.041,86.389,,27.122,14.211,91.016,,
2019-08-15,6,2020-02-15,2.034,50.312,,16.735,80.223,2.262,31.418,10.003,5.089,,,,,,50.725,30.878,9.120,3.319,6.159,8.412,,,370.731,,,17.440,213.443,44.500,,10.078,5.280,40.104,,
2019-09-15,1,2019-10-15,86.899,121.773,,143.026,183.841,70.068,176.900,176.171,71.600,60.124,,,,,325.198,66.950,53.877,117.483,79.273,85.691,,53.537,258.824,,,207.061,53.537,115.177,,108.731,96.625,53.537,,
2019-09-15,2,2019-11-15,39.639,97.092,,308.444,82.047,32.147,489.948,74.306,54.199,25.617,,,,,156.449,31.256,57.729,56.206,38.962,56.941,,19.893,205.016,,,107.409,21.336,98.276,,55.485,47.370,19.893,,
2019-09-15,3,2019-12-15,14.729,50.305,,101.598,34.649,11.945,188.884,27.613,28.306,9.519,,,,,69.634,14.214,32.479,20.885,14.477,31.972,,7.392,245.493,,,87.105,8.750,60.958,,35.546,17.601,7.392,,
2019-09-15,4,2020-01-15,5.473,38.025,,37.751,12.875,4.439,83.262,10.261,10.518,3.537,,,,,27.166,6.403,12.571,7.760,5.379,14.335,,2.747,92.533,,,40.144,243.143,68.551,,19.187,6.540,89.418,,
2019-09-15,5,2020-02-15,2.034,43.674,,14.027,79.306,1.699,30.938,8.049,3.908,1.314,,,,,48.504,30.397,4.933,2.884,3.935,6.370,,1.021,368.256,,,15.402,210.137,36.995,,7.130,2.430,39.511,,
2019-09-15,6,2020-03-15,0.756,85.739,,5.212,40.525,0.661,11.496,64.861,20.862,0.488,,,,,1129.230,18.870,1.833,1.071,31.857,143.329,,95.536,103.213,,,6.003,93.281,13.746,,2.649,0.903,14.881,,
2019-10-15,1,2019-11-15,39.639,76.435,,207.520,42.591,39.639,333.535,39.639,,39.891,,,,,59.951,42.639,138.140,39.661,39.639,40.109,,41.824,86.106,,,48.532,76.373,91.698,,41.916,39.639,39.655,,
2019-10-15,2,2019-12-15,14.729,40.642,,78.601,17.408,14.729,154.300,14.729,,14.972,,,,,28.845,21.617,61.785,14.751,14.729,15.264,,16.765,143.645,,,50.736,36.247,58.227,,26.021,14.729,14.745,,
2019-10-15,3,2020-01-15,5.473,35.389,,29.206,6.469,5.473,70.354,5.473,,5.563,,,,,12.009,10.109,25.752,5.481,5.473,5.722,,6.230,64.515,,,26.299,253.360,58.916,,13.747,5.473,92.150,,
2019-10-15,4,2020-02-15,2.034,43.923,,10.852,76.925,2.083,26.142,6.270,,2.067,,,,,42.872,31.774,10.287,2.037,3.970,3.170,,2.315,355.258,,,10.257,213.933,30.573,,5.108,2.034,40.526,,
2019-10-15,5,2020-03-15,0.756,88.372,,4.032,39.640,0.804,9.714,64.200,,0.768,,,,,1127.138,19.382,3.822,0.757,31.870,142.140,,96.017,99.094,,,4.091,94.692,11.360,,1.898,0.756,15.258,,
2019-10-15,6,2020-04-15,0.281,62.303,,1.498,78.650,65.940,3.609,36.879,,0.285,,,,,557.945,7.202,4.694,274.730,19.822,63.796,,40.838,37.721,,,1.520,40.060,4.221,,0.705,0.281,5.670,,
2019-11-15,1,2019-12-15,14.729,15.601,,14.729,14.729,14.729,14.741,14.729,,14.729,,,,,14.729,14.999,14.729,14.729,14.729,14.729,,14.729,19.434,,,26.116,14.729,14.774,,15.748,14.729,14.729,,
2019-11-15,2,2020-01-15,5.473,23.039,,5.473,5.473,5.473,5.484,5.473,,5.473,,,,,6.764,5.733,5.903,5.473,5.473,5.473,,5.473,9.513,,,14.377,245.365,14.333,,6.429,5.473,92.144,,
2019-11-15,3,2020-02-15,2.034,39.076,,2.034,76.555,2.083,2.038,6.270,,2.034,,,,,40.923,30.148,2.443,2.034,3.970,3.077,,2.034,334.820,,,5.827,210.962,9.321,,2.389,2.034,40.524,,
2019-11-15,4,2020-03-15,0.756,86.571,,0.756,39.503,0.804,0.757,64.200,,0.756,,,,,1126.413,18.777,0.908,0.756,31.870,142.106,,95.913,91.500,,,2.445,93.588,3.464,,0.888,0.756,15.257,,
2019-11-15,5,2020-04-15,0.281,61.634,,0.281,78.599,65.940,0.281,36.879,,0.281,,,,,557.676,6.977,3.611,274.729,19.822,63.783,,40.799,34.899,,,0.909,39.650,1.287,,0.330,0.281,5.669,,
2019-11-15,6,2020-05-15,0.104,107.581,,0.898,132.619,272.082,0.105,14.572,,0.104,,,,,322.925,206.231,183.738,899.326,7.366,62.566,,15.160,12.968,,,2.926,15.080,0.478,,0.216,0.146,2.107,,
2019-12-15,1,2020-01-15,5.473,21.525,5.473,5.473,5.473,5.473,5.473,5.473,,5.473,,,,,6.764,5.473,5.903,5.473,5.473,5.473,,5.473,5.473,,,5.473,245.365,14.290,,5.473,5.473,92.144,,
2019-12-15,2,2020-02-15,2.034,44.119,150.272,2.034,76.555,2.083,2.034,6.270,,2.034,,,,,40.923,30.051,2.443,2.034,3.970,3.077,,2.034,333.319,,,2.519,210.962,9.305,,2.034,2.034,40.524,,
2019-12-15,3,2020-03-15,0.756,91.852,199.449,0.756,39.503,0.804,0.756,64.200,,0.756,,,,,1126.413,18.741,0.908,0.756,31.870,142.106,,95.913,90.942,,,1.216,93.588,3.458,,0.756,0.756,15.257,,
2019-12-15,4,2020-04-15,0.281,68.125,198.675,0.281,78.599,65.940,0.281,36.879,,0.281,,,,,557.676,6.964,3.611,274.729,19.822,63.783,,40.799,34.692,,,0.452,39.650,1.285,,0.281,0.281,5.669,,
2019-12-15,5,2020-05-15,0.104,109.989,158.439,0.898,132.619,272.082,0.104,14.572,,0.104,,,,,322.925,206.226,183.738,899.326,7.366,62.566,,15.160,12.891,,,2.756,15.080,0.477,,0.198,0.146,2.107,,
2019-12-15,6,2020-06-15,654.252,183.362,100.891,44.212,411.625,214.590,0.039,74.637,,29.173,,,,,409.112,522.248,313.391,1054.325,19.766,102.871,,5.633,4.790,,,7.122,105.607,0.177,,0.188,10.568,419.644,,
2020-01-15,1,2020-02-15,2.034,32.913,,150.272,2.034,76.555,2.083,2.034,6.270,,2.034,,,,3.193,39.760,30.051,2.034,2.034,3.970,3.077,,2.034,333.319,,,2.519,21.811,2.034,,2.034,,2.034,
2020-01-15,2,2020-03-15,0.756,90.342,,199.449,0.756,39.503,0.804,0.756,64.200,,0.756,,,,64.946,1125.981,18.741,0.756,0.756,31.870,142.106,,95.913,90.942,,,1.216,15.471,0.756,,0.756,,0.756,
2020-01-15,3,2020-04-15,0.281,68.130,,198.675,0.281,78.599,65.940,0.281,36.879,,0.281,,,,40.288,557.515,6.964,3.555,274.729,19.822,63.783,,40.799,34.692,,,0.452,6.359,0.281,,0.281,,0.281,
2020-01-15,4,2020-05-15,0.104,113.650,,158.439,0.898,132.619,272.082,0.104,14.572,,0.104,,,,92.187,322.865,206.226,183.717,899.326,7.366,62.566,,15.160,12.891,,,2.756,2.363,0.104,,0.198,,0.105,
2020-01-15,5,2020-06-15,654.252,190.937,,100.891,44.212,411.625,214.590,0.039,74.637,,29.173,,,,245.223,409.090,522.248,313.383,1054.325,19.766,102.871,,5.633,4.790,,,7.122,30.933,0.039,,0.188,,418.900,
2020-01-15,6,2020-07-15,178.654,260.628,,50.763,629.221,390.099,369.707,423.437,878.094,,38.025,,,,393.922,233.556,183.959,165.297,388.420,126.123,51.290,,15.655,265.917,,,105.441,432.549,0.014,,53.104,,278.592,
2020-02-15,1,2020-03-15,0.756,50.832,,1.115,0.756,0.756,0.756,0.756,12.773,,0.756,,,,22.807,778.974,0.756,0.756,0.756,18.952,126.350,,95.913,0.756,,,0.756,0.756,0.756,,0.756,,0.756,
2020-02-15,2,2020-04-15,0.281,48.902,,14.922,0.281,12.200,65.922,0.281,9.438,,0.281,,,,15.396,513.528,0.281,3.555,274.729,13.310,60.333,,40.799,0.281,,,0.281,0.281,0.281,,0.281,,0.281,
2020-02-15,3,2020-05-15,0.104,97.895,,36.918,0.898,59.418,272.075,0.104,3.507,,0.104,,,,46.033,311.236,160.280,183.717,899.326,4.946,58.770,,15.160,0.104,,,2.693,0.104,0.104,,0.198,,0.105,
2020-02-15,4,2020-06-15,654.252,178.194,,43.232,44.212,360.101,214.588,0.039,13.457,,29.173,,,,211.386,404.806,503.924,313.383,1054.325,18.867,98.480,,5.633,0.039,,,7.099,0.213,0.039,,0.188,,418.900,
2020-02-15,5,2020-07-15,178.654,242.068,,26.931,629.221,375.744,369.706,423.437,791.283,,38.025,,,,380.862,232.031,179.606,165.297,388.420,125.789,49.689,,15.655,123.881,,,105.433,330.714,0.014,,53.104,,278.592,
2020-02-15,6,2020-08-15,143.326,269.173,,12.912,252.941,158.396,562.553,406.509,156.088,,423.678,,,,173.254,518.612,283.959,103.022,161.257,521.103,207.722,,62.552,166.853,,,263.317,114.308,599.524,,241.758,,262.310,
2020-03-15,1,2020-04-15,0.281,18.953,,1.010,0.281,12.200,65.922,0.281,0.281,,0.281,,,,0.281,17.714,0.281,3.555,274.729,0.281,0.281,,,0.281,,,0.281,0.281,0.281,,0.281,,0.281,
2020-03-15,2,2020-05-15,0.104,83.419,,4.249,0.898,59.418,272.075,0.104,0.104,,0.104,,,,0.104,83.344,160.280,183.717,899.326,0.104,1.239,,,0.104,,,2.693,0.104,0.104,,0.198,,0.105,
2020-03-15,3,2020-06-15,654.252,166.122,,8.736,44.212,360.101,214.588,0.039,0.039,,29.173,,,,33.731,304.146,503.924,313.383,1054.325,17.068,12.492,,,0.039,,,7.099,0.213,0.039,,0.188,,418.900,
2020-03-15,4,2020-07-15,178.654,228.893,,6.942,629.221,375.744,369.706,411.777,545.501,,38.025,,,,241.788,200.037,179.606,165.297,388.420,125.120,8.930,,,123.881,,,105.433,330.714,0.014,,53.104,,278.592,
2020-03-15,5,2020-08-15,143.326,271.530,,3.498,252.941,158.396,562.553,404.543,136.338,,423.678,,,,136.707,506.560,283.959,103.022,161.257,520.855,128.228,,,166.853,,,263.317,114.308,599.524,,241.758,,262.310,
2020-03-15,6,2020-09-15,190.536,250.594,,91.294,163.244,114.433,173.699,378.258,94.180,,117.044,,,,255.869,158.404,364.169,69.677,256.442,143.227,178.585,,,315.736,,,830.552,432.657,208.929,,541.189,,124.303,
2020-04-15,1,2020-05-15,0.104,30.605,,0.104,8.765,0.104,4.557,0.106,0.104,,0.104,,,,0.104,0.104,222.784,48.892,299.888,,6.671,,0.104,0.104,,,13.260,0.104,0.104,,1.448,,4.686,
2020-04-15,2,2020-06-15,654.252,134.324,,0.039,88.087,100.095,41.116,1.015,0.039,,62.720,,,,68.372,61.103,525.014,233.000,955.573,,28.066,,0.039,0.039,,,25.013,1.346,0.039,,2.130,,493.625,
2020-04-15,3,2020-07-15,178.654,222.169,,0.014,657.593,280.956,282.029,478.602,596.534,,56.485,,,,244.042,112.841,184.505,142.204,362.252,,17.847,,0.786,190.551,,,140.452,332.935,0.014,,76.292,,286.455,
2020-04-15,4,2020-08-15,143.326,250.747,,0.005,260.078,130.422,533.776,411.902,141.356,,435.611,,,,135.899,460.228,285.824,94.059,151.631,,164.863,,39.887,182.333,,,277.621,114.837,677.125,,252.482,,265.006,
2020-04-15,5,2020-09-15,190.536,243.385,,23.669,165.876,103.540,163.524,380.556,96.510,,120.444,,,,253.253,144.334,364.859,66.226,252.843,,194.587,,76.346,321.655,,,835.799,433.068,214.756,,530.571,,125.289,
2020-04-15,6,2020-10-15,82.924,200.210,,93.898,227.812,68.636,205.880,313.847,69.728,,95.438,,,,448.432,84.492,125.501,90.195,157.406,,610.157,,243.774,105.595,,,159.710,234.314,351.725,,230.392,,87.258,
2020-05-15,1,2020-06-15,654.252,67.344,,0.039,4.124,,0.039,0.039,5.042,,153.338,,,,15.274,16.679,113.662,11.119,463.059,131.358,3.410,,,0.039,,99.314,0.039,2.278,0.039,,0.039,,327.962,
2020-05-15,2,2020-07-15,178.654,190.285,,0.014,475.961,,112.940,431.599,702.035,,99.243,,,,190.372,80.410,93.112,30.652,295.452,238.954,2.733,,,231.152,,185.365,11.665,347.309,0.014,,9.118,,267.595,
2020-05-15,3,2020-08-15,143.326,271.383,,0.005,232.180,,467.521,409.807,149.532,,469.307,,,,119.461,445.895,245.949,37.405,128.891,564.515,97.010,,,208.573,,311.202,145.407,116.968,830.233,,189.180,,258.609,
2020-05-15,4,2020-09-15,190.536,245.223,,21.600,155.529,,145.567,379.732,100.159,,129.033,,,,244.833,139.826,350.428,40.714,243.878,156.034,169.384,,,336.329,,233.188,779.807,434.234,228.619,,492.614,,122.956,
2020-05-15,5,2020-10-15,82.924,203.946,,94.260,223.669,,198.674,313.537,71.276,,99.025,,,,445.402,82.766,120.259,76.150,154.110,149.485,598.568,,,109.943,,296.636,145.214,234.688,358.340,,220.537,,86.373,
2020-05-15,6,2020-11-15,32.451,124.267,,283.203,95.620,,511.408,115.653,58.801,,88.817,,,,187.566,40.152,122.984,39.522,69.889,90.793,135.784,,,40.852,,139.555,68.447,149.136,114.160,,93.548,,39.443,
2020-06-15,1,2020-07-15,178.654,381.231,,129.258,744.654,,406.900,875.978,974.385,145.975,,,,,424.912,214.548,163.721,179.218,313.036,369.231,118.915,,,625.949,,271.803,277.338,596.121,170.310,,318.379,,303.987,
2020-06-15,2,2020-08-15,143.326,341.669,,59.244,287.319,,573.763,483.902,198.007,124.413,,,,,188.041,511.192,275.909,108.783,134.783,605.044,279.619,,,296.670,,342.954,327.970,172.722,1239.333,,352.802,,270.905,
2020-06-15,3,2020-09-15,190.536,286.797,,206.509,175.994,,177.635,404.979,118.871,208.502,,,,,278.219,160.291,361.322,72.101,246.210,168.888,228.243,,,370.988,,244.585,854.279,457.767,276.106,,597.034,,127.424,
2020-06-15,4,2020-10-15,82.924,220.737,,219.825,231.599,,211.189,322.826,78.451,106.600,,,,,457.352,90.572,124.235,92.652,154.966,154.368,623.431,,,122.050,,300.914,166.303,242.975,377.765,,248.618,,88.050,
2020-06-15,5,2020-11-15,32.451,129.659,,356.620,98.571,,516.291,119.079,61.578,48.687,,,,,191.816,43.096,124.491,46.516,70.206,92.613,143.905,,,45.351,,141.136,76.456,152.226,120.731,,103.751,,40.067,
2020-06-15,6,2020-12-15,12.058,54.668,,113.435,41.412,,195.586,44.329,31.974,18.091,,,,,83.429,19.172,60.200,17.284,26.087,49.412,56.187,,,16.851,,101.982,33.087,85.299,46.102,,38.551,,14.888,
