-1,-1,101,102,103,105,106,107,108,109,110,111,112,114,115,116,117,119,120,123,125,128,130,131,132,133,134,135,136,137,138,139,140,142,146,148,150,155,158,160,163,165,167,168,170,171,172,173,174,175,176,177,178,179,180,183,186,189,190,193,196,199,201,204,208,210,211,212,213,214,215,216,217,220,221,222,223,224,225,226,230,231,232,233,234,235,236,237,238,239,240,241,242,243,244,245,246,247,248,260,262,264,266,268,270,274,275,276,277,279,280,281,282,283,284,285,286,287,288,289,290,293,294,295,297,298,300,301,305,306,310,312,315,316,318,320,325,330,333,334,335,338,406,407,410,411,412,413,414,415,416,417,418,419,420,422,424,426,428,430,431,432,433,434,435,436,437,438,440,441,442,443,444,445,446,447,448,449,450,452,453,454,455,457,458,459,501,502,503,504,505,506,507,508,509,510,511,512,513,514,515,516,517,518,519,520,522,524,526,530,532,534,536,538,540,541,542,543,544,545,546,548,549,550,551,552,553,554,555,556,557,558,559,560,561,562,563,564,565,566,567,568,569,570,571,575,580,581,582,583,584,585,586,587,588,589,600,601,602,603,604,605,606,607,608,609,610,611,612,613,615,616,618,620,625,630,635,640,645,650,651,652,653,654,655,656,657,658,660,661,662,666,670,673,677,680,683,687
1980,1,11.085,10.555,9.2356,8.4682,8.187,8.9299,9.2956,8.0573,7.4207,7.6758,7.5368,7.7258,7.9086,8.1221,8.3033,9.299,10.589,10.365,9.9564,9.7699,11.492,11.144,11.143,11.117,12.395,10.534,10.625,10.694,10.538,10.539,10.092,10.691,10.588,10.434,9.0736,9.5139,10.431,10.134,9.8943,9.5183,8.3376,7.7684,7.625,7.373,6.7211,6.7497,7.0624,7.0766,6.7534,6.7359,7.0352,7.2019,6.7606,6.6716,6.6534,6.0814,5.0963,4.5473,4.5369,4.485,4.2962,4.0917,3.4941,3.9707,3.515,3.3148,2.8905,2.9017,2.6841,2.6293,3.1263,2.8796,2.6656,2.6358,2.5238,2.5627,2.6402,2.7798,5.0287,4.91,5.1419,5.314,5.3264,4.3197,3.8626,3.6457,4.169,3.3226,4.1146,4.8383,5.6444,6.4633,7.0842,7.089,7.5873,7.95,8.1932,8.2686,8.3017,8.2585,8.2393,8.1312,8.0819,8.0109,8.0298,8.0242,8.0219,8.0201,7.7995,7.8277,7.8813,7.8613,7.8257,7.9527,7.8907,7.8588,7.8739,7.9473,7.8675,7.8311,7.788,7.7672,7.7112,7.6854,7.6515,7.53,7.6761,7.6373,7.5803,7.4472,7.4283,7.4085,7.63,7.8254,8.198,8.6121,8.8213,9.1391,9.011,9.1813,10.121,9.6634,10.13,10.18,10.227,10.271,10.183,10.584,9.9381,9.9197,9.7995,9.7726,9.6372,9.7735,9.7922,9.8495,9.9158,9.4969,10.295,9.3589,9.2955,9.1116,10.228,9.2089,9.8524,9.8297,8.7158,8.0049,8.5489,7.8365,8.755,7.9858,9.5778,9.7725,9.8397,9.8802,9.6784,9.6561,9.6311,8.8499,9.5671,9.4338,9.4454,9.286,11.222,11.381,11.077,10.867,10.739,10.479,10.186,10.252,9.2465,11.289,11.667,11.643,11.817,11.68,11.832,12.231,11.94,12.297,12.161,11.423,11.45,11.862,11.356,11.654,11.368,11.09,11.836,11.222,9.4117,10.211,8.9934,8.4558,7.8803,7.2417,6.5458,6.4066,6.1916,6.0327,5.8895,5.708,5.7048,6.3557,5.9329,5.8772,6.0021,5.9508,6.2468,7.7497,7.3146,6.8375,7.616,7.7493,7.4016,6.5745,6.7809,6.1411,6.1826,6.2238,5.4079,6.0105,6.2614,6.44,6.6318,6.0579,6.1143,6.4599,6.1749,5.8923,5.395,5.2935,7.6425,7.6993,7.6905,7.7779,7.7674,7.7623,7.7936,7.7041,7.8774,7.6959,7.8489,7.742,7.7066,7.5519,7.471,7.471,7.6213,7.9198,7.6924,8.1299,8.3188,8.3382,8.2206,6.4059,6.8131,7.0774,6.3527,6.7679,7.2515,7.4664,7.7593,7.9318,8.2781,8.3738,8.313,8.3901,8.383,8.3924,8.3614,8.3741,8.3642,8.3305
1980,2,4.1189,3.9219,4.9582,17.546,6.6805,4.9033,4.5987,6.8772,15.496,7.7702,8.9752,7.4048,4.9905,3.482,3.7276,3.684,3.9347,3.8516,4.5299,3.6303,4.27,4.1408,4.1404,4.1308,5.8008,3.914,3.9479,3.9737,3.9158,3.9159,3.7501,3.9725,3.9344,3.877,3.3715,3.5351,3.8758,3.7655,3.6765,3.5368,3.098,2.8866,2.8333,6.6666,2.4974,2.508,2.8903,2.6295,2.5094,2.5029,2.6141,2.676,2.5121,2.479,2.4723,2.2597,1.8936,1.6897,1.6858,1.6665,1.5964,1.5204,1.2983,1.4754,1.3061,1.2317,1.0741,1.0782,0.99737,0.977,1.1617,1.07,0.99049,0.97939,0.93777,0.95225,0.98104,1.0329,5.4373,5.6093,6.5884,10.348,6.4101,1.6051,1.4353,1.3547,1.5491,1.2346,1.5289,1.7978,4.2018,11.882,6.8869,3.1727,3.945,3.4509,3.0444,5.5679,5.3081,6.3761,6.833,18.592,12.145,52.702,42.404,49.027,38.894,31.516,76.054,76.239,69.531,73.47,80.171,62.476,50.119,61.038,60.816,41.147,30.68,44.194,24.226,68.078,42.652,29.147,13.672,67.291,68.241,27.93,15.24,61.294,41.29,7.8989,30.387,3.7314,11.935,3.2147,3.2819,3.7372,3.3483,3.4116,3.7607,3.5907,3.7641,3.7828,3.8003,3.8166,3.7838,5.5367,4.7446,3.6875,3.6413,3.6313,3.581,3.6316,3.6386,3.6599,3.6845,5.2763,7.0395,11.073,10.339,14.091,7.1413,16.688,4.0326,3.6525,99.281,85.268,46.661,75.362,14.743,37.701,3.5589,3.6313,3.6562,3.6712,3.5963,3.588,3.5817,11.649,3.5549,3.5054,3.5097,3.4505,4.1697,4.229,4.116,4.038,3.9904,3.8936,3.7849,3.8094,3.5694,4.1946,4.3354,4.3263,4.3909,4.3399,4.3964,4.5447,4.4366,4.5694,4.5186,4.2444,4.2546,4.4078,4.2195,4.3302,4.2239,4.1209,4.3981,4.17,3.4972,3.7942,3.3417,3.142,2.9281,5.4628,9.3018,7.9474,3.9978,23.915,12.861,3.1526,9.8319,2.3616,2.5414,2.8485,3.674,8.7052,4.6311,45.958,80.644,47.456,112.47,112.46,103.39,41.226,63.651,29.84,21.76,18.726,2.4046,2.6277,2.3266,2.3937,2.4642,2.251,2.2719,2.4003,2.2944,2.1894,2.0059,1.9669,87.723,80.357,96.575,81.263,94.181,118.65,71.175,147.18,53.435,109.4,153.25,169.85,154.34,171.9,210.32,184.62,108.48,30.038,84.814,14.399,3.9811,3.1679,4.2508,46.001,54.664,85.554,41.965,59.876,92.703,81.488,7.5757,15.147,3.076,3.1115,3.0889,3.1176,3.3608,3.16,3.6214,3.1116,3.108,3.4432
1980,3,24.802,5.9975,8.7199,18.61,5.954,6.1411,10.387,6.2,9.8413,5.7869,6.387,5.8051,4.0465,2.4851,3.3129,14.294,20.401,23.31,28.419,15.495,21.31,12.108,16.38,16.443,53.428,22.53,18.605,29.468,34.371,29.207,11.364,51.416,28.143,35.281,28.531,41.086,44.321,31.055,32.372,28.551,20.05,5.8381,5.5232,29.05,2.6904,2.5729,21.29,9.3184,3.995,2.002,5.7339,4.0286,0.93343,0.92114,0.91863,0.83966,0.70364,5.2505,0.86739,1.6564,1.2906,2.1813,2.5983,13.353,7.5752,4.6341,7.3757,8.034,9.1994,8.0197,3.8918,1.6321,3.7879,4.659,4.5637,2.3098,3.005,3.5716,12.273,15.8,12.805,16.504,10.413,10.962,5.7994,8.7928,0.98996,2.2299,0.69919,1.0601,5.5554,11.144,4.743,1.4879,2.0726,1.5686,1.1312,3.2444,3.0469,3.8157,4.1222,9.6561,7.012,21.446,18.592,20.631,17.935,15.762,30.595,29.705,27.009,28.01,30.188,24.499,21.708,25.001,24.604,18.979,15.895,20.758,14.118,28.352,22.006,17.412,9.7269,33.234,30.355,17.595,11.454,33.246,28.361,8.3284,27.888,4.9682,20.15,5.1617,5.8962,10.669,2.717,1.272,23.416,11.525,13.967,7.436,7.5076,11.523,20.319,40.621,37.279,25.941,10.56,12.3,7.1698,6.7521,17.66,14.694,7.5385,28.262,41.087,33.253,30.403,33.712,41.054,37.272,31.695,10.255,52.801,47.417,46.757,43.455,26.521,34.96,9.2796,9.9811,2.4024,22.786,1.7139,8.1605,12.182,24.951,1.3209,1.3025,1.3041,1.2867,8.0544,10.85,4.3641,4.8183,5.6309,6.9313,14.473,7.5663,13.064,1.5586,1.6519,2.0731,12.787,21.041,17.19,6.6935,3.1035,9.0434,8.8584,5.3851,1.685,5.8112,1.97,1.609,6.1967,1.8693,10.935,3.0929,1.2995,1.5165,11.569,1.5207,2.519,10.428,18.585,11.774,6.0323,31.78,15.578,3.628,12.303,1.785,1.987,2.3266,3.3146,9.5159,5.1302,44.181,49.671,37.104,47.297,43.641,41.962,30.447,33.718,23.812,17.546,21.546,2.9025,9.906,0.86451,3.8851,0.91564,1.2172,0.8442,0.89191,0.85256,0.91368,15.254,0.75494,38.085,34.215,39.81,33.382,36.954,42.912,29.611,45.655,23.003,36.561,47.934,50.961,49.428,52.018,56.871,52.691,37.213,14.683,31.393,7.9818,1.9709,1.2193,2.2195,31.252,31.794,38.136,29.349,32.279,37.5,32.868,4.6356,8.4477,1.143,1.1562,1.1478,1.1584,1.3945,1.1994,1.6415,1.1562,1.1548,1.4832
1980,4,94.416,39.646,10.947,10.462,3.1704,5.1849,11.926,3.3033,4.3995,2.7095,2.8846,2.8318,2.1378,1.4314,2.0368,7.975,43.047,21.377,17.503,8.6534,131.17,83.672,86.225,103.74,51.854,85.938,21.727,13.379,13.462,12.332,6.7837,16.298,12.086,13.616,56.966,22.371,15.821,12.759,14.122,15.546,31.096,25.185,131.55,147.94,95.462,97.609,111,68.158,98.219,87.718,58.689,42.156,44.825,63.477,83.901,74.143,16.423,31.317,16.558,13.129,8.5396,9.7184,6.171,17.816,10.898,6.9251,9.251,9.9386,10.548,9.3188,6.0188,1.9977,4.7623,5.7817,5.4704,2.6846,3.7235,4.6787,18.758,22.135,19.541,23.333,18.288,17.172,10.21,12.658,2.4026,3.63,1.3956,4.2131,15.432,26.726,24.227,15.506,21.397,22.047,18.203,43.439,44.852,41.753,37.842,48.088,40.285,57.253,56.704,58.683,54.477,50.935,56.014,54.237,55.514,58.693,61.104,58.908,57.004,59.752,60.432,54.882,50.814,56.746,48.165,62.048,57.258,52.07,41.815,64.167,62.645,52.006,44.506,65.065,61.649,41.849,61.776,39.083,57.411,40.942,42.62,50.427,33.568,22.606,99.409,72.223,79.941,72.717,75.621,85.649,93.686,89.84,86.421,83.476,65.229,71.411,61.628,56.186,69.549,63.656,49.981,85.958,91.013,70.142,68.359,69.511,80.24,69.425,73.064,50.996,66.656,65.099,69.384,64.578,60.766,65.396,48.592,50.443,33.583,68.366,29.114,47.352,52.966,61.929,17.665,18.7,11.85,22.731,134.03,143.01,111.3,101.96,97.261,89.061,91.913,103.41,97.93,98.236,100.39,123.81,160.04,173.92,182.12,175.19,146.17,176.37,172.02,153.25,142.46,165.29,145.38,124.84,161.51,127.24,162.84,122.39,89.326,118.36,151.63,92.416,79.232,93.43,121.24,92.286,95.981,115.36,95.575,78.322,91.674,90.772,80.083,77.536,80.309,88.326,94.122,73.708,68.167,74.891,63.524,56.906,56.342,87.389,64.832,70.285,88.268,114.89,30.035,113.38,82.137,112.18,90.183,87.955,66.166,93.255,77.221,76.08,93.938,45.878,61.189,59.913,58.549,51.317,52.469,53.164,45.441,43.463,46.739,45.475,48.203,43.441,41.935,37.068,34.978,36.555,43.446,43.885,45.65,42.552,33.756,30.126,28.587,33.912,33.641,36.564,33.41,38.434,40.167,42.034,30.425,39.781,19.462,29.559,17.836,31.97,41.557,39.244,41.404,15.244,20.228,36.458
1980,5,48.007,35.563,21.881,17.293,5.5029,14.144,21.462,3.426,3.1006,1.8024,1.7403,1.8114,1.073,0.53255,0.90453,5.8434,35.908,23.863,20.134,8.1092,50.153,44.229,44.525,48.278,37.756,48.802,22.357,9.3286,6.3819,4.5893,2.5207,6.2375,4.4908,5.0593,46.424,22.543,8.5788,5.5308,9.6612,14.716,36.24,36.131,77.053,87.222,77.545,76.424,76.269,62.408,74.575,71.51,57.766,49.381,54.838,65.161,73.104,72.369,47.328,54.569,45.433,41.161,35.638,36.085,28.903,41.537,33.476,28.081,29.245,30.06,29.875,28.288,26.428,18.016,22.375,23.793,22.865,18.205,20.54,22.735,46.448,48.384,47.499,50.814,47.459,42.504,34.313,35.784,24.372,23.304,21.461,30.752,46.933,58.451,59.709,52.792,59.018,60.291,57.698,71.85,72.445,71.332,69.813,75.013,71.793,79.525,78.786,79.536,78.131,76.857,74.182,75.341,76.517,75.867,75.157,77.916,74.352,74.587,74.939,75.279,70.967,72.145,67.821,72.745,69.175,66.641,61.843,66.957,70.434,65.377,61.131,64.406,60.828,52.591,54.884,42.529,45.115,34.494,33.187,32.852,27.735,21.311,42.472,33.98,36.514,35.221,36.333,39.101,40.654,37.09,35.901,35.809,30.724,33.197,30.52,28.273,31.23,29.082,24.868,43.041,40.771,39.152,39.766,43.442,35.432,40.951,30.683,23.976,63.295,61.343,52.345,61.667,43.616,52.85,27.65,24.722,19.429,29.677,19.342,25.094,28.325,40.126,15.264,17.016,12.557,20.505,52.867,54.124,48.832,46.456,45.392,42.418,42.612,51.219,57.166,47.786,45.236,48.693,52.642,55.039,54.391,51.236,51.252,53.697,54.477,51.53,49.88,50.949,52.879,51.171,57.35,55.237,55.963,53.662,60.372,59.935,74.077,68.413,68.409,88.965,100.03,100.01,98.212,109.71,103.87,99.868,102.36,89.758,93.935,93.579,92.406,95.321,88.774,67.765,75.467,86.524,81.908,87.504,87.49,98.514,89.892,88.362,90.084,94.079,60.458,85.935,76.379,86.927,75.945,77.452,71.483,76.13,73.5,73.891,78.264,63.763,69.872,71.35,71.171,73.615,73.681,74.189,75.16,77.811,76.838,77.193,81.325,78.975,78.21,73.84,71.103,72.361,75.98,74.687,76.523,73.041,67.822,65.795,65.194,63.838,65.634,68.642,62.057,67.111,71.595,73.671,65.659,71.483,58.792,65.285,57.395,66.541,71.025,70.01,71.005,55.048,59.253,68.825
1980,6,63.285,47.676,25.328,16.776,7.4602,18.764,25.072,4.2864,2.1274,1.444,1.1573,1.493,0.85837,0.27294,0.97715,8.4779,43.784,29.657,23.618,12.993,76.928,63.274,62.854,70.887,43.112,64.96,31.653,15.632,9.6455,4.8768,1.112,6.9532,4.2002,3.3,48.556,26.487,13.083,8.8179,14.939,19.931,36.97,38,87.456,77.144,60.135,58.524,66.654,52.233,56.869,55.379,49.368,45.3,48.551,53.037,55.628,58.281,55.073,60.89,57.364,57.534,55.939,56.042,53.197,62.22,57.349,54.364,53.374,53.754,52.937,52.067,52.403,47.88,49.456,50.039,49.23,46.943,48.447,50.009,68.773,68.799,69.647,71.584,70.297,63.942,58.823,58.733,55.663,52.088,53.978,61.135,71.131,79.179,81.978,78.907,83.048,84.534,84.212,88.484,88.706,88.588,88.417,91.254,90.189,94.101,93.158,93.433,93.124,92.78,107.41,104.68,102.03,104.49,106.98,99.174,103.45,105.24,104.67,99.257,103.74,106,106.73,109.83,111.11,111.5,111.43,121.09,114.28,113.66,114.85,124.97,128.07,126.7,137.43,140.47,149.49,154.88,158.37,164.53,160.33,160.76,155.44,163.77,162.67,159.54,157.53,155.89,157.92,171.49,172.69,168.92,169.05,166.02,165.64,168.44,172.56,174.44,174.67,160.97,167.22,169.15,167.39,163.22,175.6,166.58,180.16,180.15,135.74,135.98,151.31,133.97,155.91,144.17,172.89,178.64,174.21,178.13,170.59,175.86,173.95,160.57,165.71,163.71,160.79,162.43,120.15,119.03,127.26,134.2,138.91,146.67,153.4,134.29,134.35,85.554,80.759,87.742,90.553,92.815,95.985,98.286,96.661,102.14,103.36,93.027,94.897,95.726,96.24,101.93,99.783,104.34,109.16,115.28,110.07,100.5,95.059,106.88,114.38,99.855,90.389,90.694,87.855,89.509,87.806,86.225,86.41,86.046,82.806,81.087,78.574,80.532,72.254,134.59,122.75,110.28,111.46,100.98,98.535,92.06,92.365,83.94,77.623,75.052,68.368,65.944,59.863,68.509,57.187,60.925,58.24,56.986,58.006,60.022,63.743,59.481,118.45,114.23,116.52,107.9,109.48,111,100.52,100.27,95.593,97.905,102.24,101.63,101.27,100.66,100.91,99.969,97.507,93.23,96.214,91.002,87.691,86.877,87.122,83.906,87.755,91.334,82.224,86.458,92.91,94.312,86.641,90.118,84.707,86.478,84.189,86.798,88.14,87.799,88.188,83.473,84.716,87.566
1980,7,35.235,27.837,16.707,11.541,6.3422,13.282,16.13,3.6683,1.3377,1.1213,0.75146,1.1394,0.65627,0.14895,0.82739,5.6702,24.515,16.761,13.697,8.2779,41.758,34.993,34.358,37.347,22.965,32.939,17.287,8.9409,5.8267,3.2148,0.51798,4.3648,2.7491,1.9688,26.642,14.085,7.4274,5.4334,8.5002,11.211,20.742,22.863,46.649,45.684,44.317,45.102,40.084,33.8,43.876,43.352,32.801,29.302,34.945,42.171,48.77,48.77,46.269,50.818,49.513,51.818,51.368,51.17,49.705,53.56,51.34,50.092,49.25,49.396,48.867,48.509,49.165,47.392,47.663,47.823,47.419,46.691,47.287,47.977,57.242,57.054,57.694,58.595,58.158,54.565,52.214,51.956,51.55,49.3,50.92,54.259,58.842,62.942,64.845,63.633,65.802,66.728,66.812,68.271,68.361,68.382,68.405,69.721,69.389,71.173,70.71,70.855,70.793,70.728,75.746,74.922,73.915,74.542,75.294,72.804,73.906,74.512,74.275,72.648,73.859,74.563,74.724,75.937,76.096,76.175,76.081,79.397,77.336,76.852,77.135,80.368,81.131,80.478,83.578,83.925,86.364,87.27,88.089,89.557,88.335,88.259,78.001,82.469,81.945,80.533,79.5,78.528,79.374,86.292,86.999,85.084,85.543,83.746,83.724,86.067,87.601,88.987,90.297,80.796,83.883,86.879,86.17,84.609,88.971,86.674,91.445,92.383,82.227,84.485,84.309,83.748,88.278,85.566,90.008,91.734,90.572,90.718,89.094,90.886,91.515,88.974,89.182,88.842,88.132,88.627,61.528,61.097,64.863,68.068,70.196,73.877,76.828,66.998,66.839,46.911,44.521,47.382,48.191,48.772,50.832,52.964,51.778,54.505,54.798,49.021,51.297,51.184,51.801,53.664,52.769,53.816,56.918,59.009,54.17,51.627,48.871,51.701,55.509,49.588,42.172,42.668,39.983,38.857,39.566,37.461,38.596,41.272,39.427,39.908,41.872,42.285,46.31,72.588,70.086,59.707,71.531,67.904,64.116,49.396,56.207,50.369,48.369,47.671,51.998,47.887,48.841,46.966,50.654,48.521,48.452,50.611,49.225,48.35,48.895,47.804,79.274,77.819,78.991,76.339,76.974,77.647,74.062,73.884,72.11,73.282,73.534,73.798,73.316,73.93,75.248,74.353,73.056,70.798,72.191,69.68,68.108,67.778,67.957,64.013,66.896,69.32,64.227,66.514,70.213,71.096,67.468,69.153,67.031,67.579,66.845,67.671,68.129,68.005,68.163,66.619,67.011,67.952
1980,8,20.487,16.372,9.5067,6.2775,3.6886,7.5878,9.1062,2.0818,0.74164,0.64452,0.4226,0.63099,0.34158,0.056815,0.39685,2.835,14.349,9.5358,7.4664,4.3793,24.065,20.499,20.166,23.049,13.318,22.331,10.713,4.6367,2.693,1.3119,0.19247,1.7429,1.0797,0.73155,19.4,9.0448,3.6478,2.524,4.584,6.6703,15.4,17.412,39.226,38.222,33.609,32.558,32.868,26.556,31.077,30.358,24.96,22.401,25.937,29.505,31.576,30.888,27.458,26.096,25.57,25.167,24.54,24.106,22.561,24.204,22.884,22.238,21.572,21.632,21.278,21.11,21.835,20.883,20.828,20.863,20.646,20.411,20.674,21.019,27.241,26.9,27.589,28.214,27.957,24.986,23.475,23.228,23.507,21.893,23.187,25.286,28.451,31.666,33.033,31.884,33.265,33.576,33.325,33.775,33.759,34.03,34.295,36.147,36.09,38.286,37.473,37.596,37.692,37.73,46.975,45.613,43.575,44.558,45.797,41.143,43.467,44.44,43.961,41.086,43.797,44.792,45.682,47.042,47.807,48.328,48.902,53.873,49.749,49.686,50.857,56.06,58.148,58.479,64.12,67.628,72.356,77.371,79.721,83.52,82.111,84.124,76.168,83.583,82.324,80.597,78.997,77.221,78.15,87.456,88.458,86.126,87.448,85.055,85.54,87.332,89.287,90.821,91.623,83.055,85.809,89.373,88.59,86.412,91.334,87.543,94.277,95.982,66.432,64.411,76.874,62.905,76.896,68.573,91.39,95.122,93.454,93.035,91.815,93.44,90.466,79.756,89.52,87.438,87.449,85.417,49.234,47.889,55.592,61.18,65.123,71.13,76.165,63.93,67.558,28.692,26.286,28.418,28.491,29.192,29.744,30.18,31.795,33.044,34.421,29.484,30.29,29.63,31.98,36.046,34.495,39.501,39.598,47.42,51.408,40.211,39.824,53.085,60.888,55.312,51.009,53.735,51.6,53.916,53.102,52.831,51.89,47.678,48.85,48.073,46.317,46.879,41.037,72.801,65.757,61.765,55.707,50.515,50.055,52.61,48.585,44.754,42.477,41.329,31.625,34.683,33.028,38.262,32.57,32.384,31.696,31.766,31.403,31.186,29.888,28.701,53.373,50.663,52.876,48.444,49.525,50.977,44.758,47.381,40.928,43.859,49.155,49.56,49.681,49.634,50.109,48.616,43.936,38.82,42.109,36.38,33.854,33.51,34.208,35.601,38.105,40.299,33.774,35.985,40.795,41.301,34.727,36.353,33.305,33.151,33.073,33.106,33.341,33.236,33.456,32.817,32.973,33.453
1980,9,13.098,10.428,5.947,3.7711,2.3741,4.7496,5.5942,1.32,0.40342,0.41108,0.24671,0.38442,0.21976,0.039488,0.2788,1.6868,8.9035,5.8356,4.4883,2.6726,15.43,13.038,12.712,14.31,8.1043,13.422,6.8791,2.8245,1.5489,0.60757,0.071517,0.74676,0.44786,0.27183,12.258,5.8805,2.1593,1.4048,2.8746,4.3362,9.9274,11.264,20.643,20.898,21.227,21.429,19.005,16.75,20.784,20.515,16.098,14.474,17.016,19.968,22.399,19.162,14.273,12.549,12.313,11.984,11.425,10.974,9.7712,10.71,9.8317,9.4869,9.0644,9.091,8.8741,8.7901,9.2877,8.7968,8.6969,8.6986,8.5776,8.5034,8.629,8.8098,13.657,13.244,14.056,14.728,14.63,11.432,10.287,10.043,10.603,9.3341,10.405,12.317,15.626,20.018,23.634,22.974,26.715,29.493,31.332,32.09,32.369,32.163,32.184,32.371,31.777,32.301,31.866,31.786,31.801,31.712,34.044,34.039,33.726,33.81,33.798,33.062,33.553,33.588,33.542,32.858,33.401,33.398,33.303,33.565,33.307,33.251,33.143,33.498,33.568,33.248,33.132,33.248,33.025,32.741,32.539,31.856,31.581,30.827,30.617,30.325,30.259,29.931,27.684,28.17,28.259,28.087,27.958,27.828,27.909,28.713,28.788,28.558,28.569,28.355,28.315,28.66,28.825,28.992,29.175,28.325,28.575,29.338,29.324,29.363,29.131,29.513,29.246,29.31,32.723,33.802,30.821,33.722,31.481,32.388,29.448,29.307,29.16,29.178,29.101,29.323,29.735,30.872,29.401,29.588,29.453,29.826,24.598,24.477,25.589,26.27,26.704,27.262,27.669,26.203,26.463,18.42,17.199,18.33,18.341,18.521,19.123,19.982,20.331,21.302,21.668,18.556,19.49,19.214,20.281,21.701,21.162,22.199,22.952,24.214,23.466,21.878,21.265,23.148,24.481,23.755,21.249,21.832,20.729,20.565,20.739,20.199,20.281,20.559,20.221,20.27,20.71,20.772,21.6,28.927,29.375,26.766,32.184,32.079,29.813,23.789,25.731,22.135,21.994,21.831,16.592,19.635,20.77,21.722,22.989,19.509,19.72,22.032,20.046,18.418,16.033,15.281,34.162,34.027,34.442,34.389,34.531,34.739,33.769,34.179,33.013,33.434,34.532,34.457,34.148,33.985,34.411,33.774,32.967,32.487,32.484,32.673,32.685,32.647,32.11,21.728,24.859,27.449,20.801,23.763,28.797,30.478,28.797,31.084,32.054,32.712,32.214,32.811,32.849,32.872,32.73,32.62,32.577,32.471
1980,10,120.96,118.52,126.11,134.08,136.55,126.85,119.7,131.17,144.74,135.72,137.09,131.74,122.27,111.43,112.04,92.349,105.85,93.365,95.114,89.259,120.91,116.8,113.06,105.71,100.63,84.109,65.522,62.186,53.987,42.803,40.982,37.883,35.516,28.528,54.609,43.406,40.708,37.283,41.591,44.243,42.161,41.866,68.684,54.489,47.317,48.75,51.266,45.368,48.834,48.75,45.109,43.836,45.23,47.78,50.105,38.439,21.913,14.609,14.632,13.355,11.732,10.349,6.9331,7.7877,6.2178,5.6434,4.6914,4.7202,4.3052,4.198,5.3804,4.5783,4.2158,4.1735,3.9825,4.007,4.1551,4.4221,12.903,12.206,13.548,14.576,14.568,9.1912,7.269,6.6156,8.3149,5.5816,8.0566,11.407,16.362,22.283,26.843,26.412,30.362,33.043,34.696,35.269,35.491,35.345,35.369,35.446,35.173,35.619,35.434,35.474,35.534,35.6,39.753,38.756,37.913,38.657,39.447,37.152,38.465,38.929,38.737,37.358,38.759,39.236,39.744,40.331,40.797,41.098,41.455,44.168,41.827,41.838,42.496,45.314,46.388,46.572,49.413,50.959,53.07,55.005,55.931,57.31,56.716,57.396,73.061,65.735,69.292,70.553,71.831,73.287,72.256,65.62,65,66.155,64.578,65.671,64.494,64.198,63.559,63.063,62.721,62.476,63.696,56.716,56.302,55.173,61.216,55.922,61.489,60.28,49.518,50.359,52.944,49.437,55.461,51.709,58.583,59.841,61.058,62.216,59.976,59.193,59.398,56.104,59.019,58.472,58.495,57.854,100.28,102.9,93.764,87.931,83.959,78.052,72.657,79.609,66.969,125.08,125.9,122.97,121.4,117.86,122.51,130.42,124.57,127.39,124.01,116.55,121.52,124.72,118.37,116.06,114.97,106.09,114.77,100.62,77.982,95.729,82.952,66.722,56.002,47.337,40.819,33.733,33.891,28.317,26.198,24.425,24.644,41.007,30.195,28.757,30.5,29.24,36.44,46.752,43.037,37.942,42.298,38.782,35.528,32.923,31.687,28.548,32.619,35.38,20.995,35.764,41.836,43.549,49.998,37.807,39.329,47.179,40.792,34.908,26.332,24.762,43.83,42.15,43.354,40.129,40.757,41.507,37.353,37.034,35.771,35.549,39.058,38.18,37.911,36.607,36.283,35.663,35.038,35.093,34.741,35.534,35.725,35.721,35.228,23.633,27.168,29.732,22.515,25.976,31.124,32.834,32.175,34.083,35.283,35.798,35.435,35.874,35.879,35.908,35.785,35.786,35.729,35.592
1980,11,42.337,44.441,47.504,48.133,47.917,47.751,47.443,47.743,46.444,46.944,46.533,46.96,47.1,47.132,47.736,49.398,45.46,47.921,48.801,49.445,39.51,41.802,41.772,40.899,47.076,42.765,47.801,49.358,49.569,48.449,46.679,47.749,47.123,44.609,46.612,48.338,48.116,46.804,47.666,47.831,46.8,45.686,40.767,42.594,44.393,44.552,44.284,45.817,44.614,44.434,45.341,45.301,44.261,43.826,43.285,38.415,30.466,26.209,26.113,25.779,24.291,22.679,18.142,21.903,18.325,16.834,13.85,13.926,12.488,12.135,15.484,13.774,12.366,12.175,11.468,11.709,12.202,13.11,31.157,30.058,32.229,33.888,34.028,24.818,21.039,19.325,23.565,16.892,23.112,29.47,37.26,46.065,53.631,53.9,60.566,65.966,69.922,71.151,71.718,70.893,70.475,68.208,67.392,65.762,66.237,66.115,66.04,65.98,60.214,61.042,62.314,61.677,60.779,63.952,62.282,61.548,61.884,63.779,61.773,60.968,60.066,59.511,58.461,57.958,57.323,54.758,57.582,56.987,55.938,52.872,51.157,50.375,46.844,43.6,40.696,36.82,35.35,33.093,33.583,32.106,31.027,28.602,29.796,30.228,30.635,31.073,30.715,28.182,27.908,28.42,27.853,28.413,28.055,27.896,27.458,27.161,27.091,30.628,29.288,30.067,30.551,32.011,27.703,31.07,26.378,25.851,47.838,49.892,38.904,50.373,38.647,44.329,28.356,26.281,26.55,26.685,27.237,27.044,28.976,35.863,28.876,30.069,29.864,31.363,36.99,37.272,36.231,35.169,34.549,33.033,31.823,35.529,36.248,39.021,39.369,38.505,38.106,37.769,37.122,36.87,38.089,37.672,37.911,37.079,36.893,36.808,37.765,38.173,38.482,38.634,38.145,38.197,39.253,39.606,41.025,39.965,39.406,45.17,42.235,42.585,40.128,39.178,37.91,36.224,36.153,40.412,37.802,37.391,38.479,38.097,40.328,41.034,45.486,45.441,56.381,59.812,55.341,44.674,47.546,40.299,40.111,40.199,33.608,37.943,39.917,41.641,43.034,38.227,38.656,41.474,39.133,36.849,32.84,32.033,56.49,57.833,57.34,59.706,59.321,58.993,60.983,59.545,63.154,60.003,61.272,59.76,59.274,57.185,55.983,56.217,58.946,64.265,60.305,68.121,71.936,72.359,70.165,44.81,49.337,52.339,44.454,49.108,54.509,57.295,62.784,65.029,71.349,73.082,72,73.391,73.23,73.418,72.818,73.104,72.923,72.273
1980,12,24.211,23.501,21.889,21.005,20.639,21.511,21.936,20.433,19.573,19.895,19.684,19.938,20.124,20.325,20.626,22.003,23.623,23.442,22.907,22.655,24.713,24.26,24.249,24.111,27.033,23.209,23.702,23.889,23.573,23.37,22.478,23.523,23.273,22.737,21.195,21.808,23.152,22.519,22.274,21.768,20.068,19.249,18.735,18.611,18.088,18.165,18.464,18.591,18.175,18.128,18.474,18.614,18.047,17.955,17.906,16.367,13.715,12.238,12.21,12.07,11.562,11.012,9.4034,10.686,9.4598,8.921,7.7792,7.8091,7.2237,7.0762,8.4138,7.7498,7.1739,7.0935,6.7921,6.8969,7.1055,7.4812,13.534,13.214,13.838,14.301,14.335,11.625,10.395,9.8115,11.22,8.9418,11.073,13.021,15.19,17.394,19.065,19.078,20.419,21.395,22.05,22.253,22.342,22.226,22.174,21.883,21.751,21.559,21.61,21.595,21.589,21.584,20.991,21.066,21.21,21.157,21.061,21.403,21.236,21.15,21.191,21.388,21.173,21.075,20.96,20.903,20.753,20.683,20.592,20.265,20.658,20.554,20.4,19.989,19.785,19.669,19.504,19.307,19.382,19.401,19.501,19.68,19.542,19.609,21.14,19.962,21.017,21.165,21.304,21.44,21.225,21.795,20.414,20.437,20.132,20.148,19.841,20.087,20.07,20.149,20.276,19.944,21.306,19.63,19.586,19.48,21.003,19.509,20.064,19.958,20.931,20.339,19.597,20.192,19.872,19.611,19.791,19.897,20.062,20.156,19.831,19.764,19.971,19.62,19.839,19.759,19.754,19.681,23.938,24.285,23.576,23.054,22.738,22.066,21.365,21.932,20.307,24.271,25.056,24.93,25.258,24.942,25.209,26.067,25.516,26.269,25.982,24.351,24.388,25.25,24.279,24.923,24.373,23.846,25.301,24.057,20.996,22.365,20.63,19.668,18.771,18.748,17.469,17.242,16.662,16.236,15.85,15.362,15.353,16.998,15.967,15.817,16.153,16.015,16.812,18.784,18.84,18.203,20.472,20.855,19.92,17.694,18.249,16.527,16.639,16.75,14.554,16.176,16.851,17.332,17.848,16.303,16.455,17.385,16.618,15.858,14.519,14.246,20.568,20.721,20.697,20.932,20.904,20.89,20.974,20.734,21.2,20.712,21.123,20.836,20.74,20.324,20.106,20.106,20.511,21.314,20.702,21.88,22.388,22.44,22.124,17.24,18.336,19.047,17.097,18.214,19.516,20.094,20.882,21.346,22.279,22.536,22.372,22.58,22.561,22.586,22.503,22.537,22.51,22.419
1981,1,21.157,14.577,15.669,37.345,16.654,16.68,27.77,12.73,13.203,9.8285,10.097,10.441,10.419,10.592,11.202,20.107,45.136,44.293,46.474,24.534,15.129,17.615,22.743,20.734,62.564,25.152,16.465,19.911,22.454,19.461,19.208,30.952,19.459,21.734,27.983,29.825,27.527,21.87,24.028,24.984,23.811,17.571,29.19,90.664,82.85,90.279,71.026,49.121,82.161,58.029,38.853,24.522,20.648,19.811,72.738,57.612,17.463,33.155,15.721,14.148,4.9559,8.2209,4.5755,25.871,11.457,7.6312,4.8923,5.429,5.6972,4.8441,4.744,2.8796,2.6657,2.6358,3.0512,2.563,2.7463,3.2103,17.145,19.629,13.85,15.567,9.4194,11.701,4.9915,9.2017,4.169,3.3302,4.1146,4.8383,6.7904,8.0437,7.0843,7.0891,7.5874,7.9501,8.1932,8.2916,8.3018,8.2586,8.2393,8.4087,8.082,11.531,10.792,12.483,9.4737,8.2867,12.526,11.245,11.576,14.31,18.467,12.392,9.7315,12.372,12.891,8.9877,7.8699,9.4791,7.7881,16.37,9.7081,7.8025,7.6516,19.063,17.056,7.7046,7.5803,18.754,11.583,7.4085,10.803,8.2237,9.1519,8.772,9.0244,9.3059,9.011,9.1814,10.121,9.6634,23.103,15.509,10.248,10.272,10.183,10.985,10.363,9.9197,9.7996,9.7727,9.6373,9.7736,9.7923,9.8496,9.9158,12.143,17.385,10.854,10.026,9.8633,13.123,10.227,9.9807,9.8298,32.732,29.995,20.36,25.261,10.319,17.124,9.5778,9.7726,9.8398,9.8802,9.6784,9.6561,9.6311,10.817,9.5672,9.4339,9.447,9.2861,18.975,19.168,16.963,12.948,17.805,24.351,16.774,11.541,9.4538,17.163,15.234,11.643,11.817,12.381,14.341,22.707,19.567,20.477,19.775,18.622,21.084,19.897,21.149,20.013,19.119,17.468,18.921,17.138,9.8303,17.174,28.285,9.8675,7.9965,10.356,47.1,21.698,30.578,57.45,34.337,21.018,31.859,25.366,28.316,25.272,27.859,31.394,63.946,10.129,18.764,19.27,29.021,22.975,34.88,39.124,25.179,21.891,37.906,103.82,24.382,115.64,93.065,86.897,121.79,81.839,57.328,107.36,56.451,53.702,80.925,33.043,20.737,17.016,18.404,9.0554,10.722,15.999,7.8081,11.492,7.966,10.825,17.507,15.745,13.447,15.643,16.252,15.309,10.035,7.9198,9.71,8.1474,8.3188,8.3383,8.2207,8.9897,6.9412,8.4549,11.234,12.599,11.363,9.3111,7.7593,7.9318,8.2782,8.3738,8.313,8.3902,8.3998,8.3925,8.3614,8.3742,8.3643,8.3305
1981,2,56.484,40.728,29.725,59.663,38.963,37.612,81.507,51.87,66.857,43.739,48.166,46.512,45.496,43.211,43.89,52.438,128.61,115.12,103.81,59.121,52.758,63.963,77.559,67.94,111.9,42.08,13.829,18.133,23.279,22.178,29.281,34.224,20.817,27.309,29.721,31.292,28.136,26.92,27.999,27.113,22.384,13.796,47.662,84.316,86.349,88.748,63.115,42.597,69.426,45.429,29.954,18.656,12.344,10.939,70.866,23.903,9.1467,13.675,8.4658,7.7968,2.215,4.7352,2.2857,11.81,6.6354,4.5644,2.8061,3.2042,3.4701,2.8712,2.592,1.07,0.99049,0.97939,1.4367,0.95249,1.0843,1.4428,9.0236,9.9465,7.6058,8.363,5.171,6.6554,2.4629,5.4266,1.5491,1.2421,1.5289,1.7978,3.1395,3.8021,2.6323,2.6341,2.8193,2.9541,3.0444,3.0949,3.0848,3.0687,3.0615,3.2883,3.0031,6.1761,5.5238,7.353,4.277,3.2368,7.3803,5.679,6.0673,9.3278,14.494,6.939,4.5391,7.401,7.9054,3.9053,2.9257,4.404,2.8939,13.653,5.803,2.9697,2.8432,20.054,15.943,2.9035,2.8167,21.158,10.851,2.7528,10.103,4.0474,5.7038,3.8573,4.1297,4.336,3.3483,3.4116,11.372,3.5907,87.416,53.866,11.45,7.1345,10.476,14.794,16.358,9.3608,3.6413,3.6313,3.581,3.6316,3.6386,3.6599,3.6845,53.561,92.655,38.792,25.492,18.625,60.52,24.113,29.04,3.8614,37.424,31.926,26.561,24.979,7.6726,18.549,4.08,4.0743,3.6562,11.059,3.5963,3.589,5.3436,10.497,3.5549,3.5054,3.5103,3.4505,25.242,24.42,25.257,24.046,66.719,111.26,113.77,104.64,62.027,48.695,41.208,10.449,24.969,37.046,34.824,47.264,47.34,40.318,39.148,45.543,44.619,43.847,43.451,54.487,50.507,58.811,35.247,57.954,53.852,57.535,55.01,46.337,25.379,23.881,53.08,30.63,43.11,61.671,39.988,33.496,38.416,40.76,41.883,37.094,38.622,37.933,72.647,18.865,17.939,17.714,24.096,16.134,18.068,31.175,14.409,12.76,21.097,74.464,11.606,58.96,70.743,92.205,135.9,43.439,28.875,90.687,21.288,18.221,21.645,13.758,18.59,13.741,14.291,4.0425,5.3182,10.734,2.9101,5.8578,3.0135,5.413,15.358,9.9651,7.223,8.2076,8.5054,8.0539,4.8748,2.9428,4.6025,3.038,3.0911,3.0983,3.0546,4.5474,2.6561,3.8651,6.0387,6.7422,5.8978,4.3845,2.8832,2.9473,3.076,3.1115,3.0889,3.1176,3.1314,3.1184,3.1069,3.1117,3.108,3.0954
1981,3,19.982,16.301,13.258,21.087,16.039,15.661,26.039,18.224,19.903,16.003,16.778,16.574,16.348,15.958,16.21,18.927,34.672,31.976,29.826,20.615,21.948,23.328,27.026,25.298,31.1,17.041,7.1644,9.1485,11.306,10.9,13.439,15.281,10.357,12.738,13.622,14.151,13.092,12.612,13.003,12.716,10.93,6.9527,18.084,25.531,25.53,25.968,22.184,17.623,23.381,18.467,13.784,9.185,5.5768,4.5669,23.361,10.912,3.3987,5.0817,3.1457,2.8971,0.82303,1.7595,0.84929,4.3882,2.4656,1.696,1.0427,1.1906,1.2894,1.0669,0.96314,0.39759,0.36804,0.36392,0.53383,0.35392,0.4029,0.5361,3.353,3.6959,2.8261,3.1075,1.9214,2.473,0.91516,2.0164,0.57562,0.46153,0.5681,0.66802,1.1665,1.4128,0.97812,0.97878,1.0476,1.0977,1.1312,1.15,1.1462,1.1403,1.1376,1.2219,1.1159,2.517,2.1973,3.2539,1.5892,1.2027,3.2377,2.123,2.3763,4.3895,7.6512,2.9067,1.6866,3.3089,3.5888,1.4511,1.0871,1.6603,1.0753,7.94,2.8024,1.1035,1.0564,12.89,9.8349,1.0789,1.0466,12.928,6.2411,1.0229,5.8407,1.9294,3.0173,1.7225,1.9058,2.0463,1.2441,1.2677,6.5635,1.3342,22.938,18.066,6.5945,4.1007,6.1008,8.0884,8.7339,5.5089,1.353,1.3493,1.3306,1.3494,1.352,1.3599,1.3691,18.035,24.345,14.995,11.722,9.5768,18.917,11.35,12.606,1.5591,16.864,15.475,12.737,13.764,4.5869,13.529,1.8156,1.7708,1.3586,6.4177,1.3363,1.3342,2.8773,6.1786,1.3209,1.3025,1.3043,1.2821,12.001,11.722,11.962,11.437,20.089,25.013,24.593,24.956,18.977,18.506,16.945,6.2616,13.922,18.202,18.399,25.401,19.808,20.799,19.333,23.689,23.605,23.432,22.177,23.336,23.986,22.895,14.84,18.827,17.955,21.741,19.672,16.169,11.582,11.347,19.776,13.758,17.189,21.543,16.598,14.523,16.137,16.459,16.827,15.595,16.062,16.007,23.338,9.6735,9.0874,8.9546,11.573,7.8761,8.2448,14.203,6.5538,5.7297,9.9563,24.469,4.3703,22.137,23.758,26.226,30.441,18.28,13.331,26.501,9.3223,7.1059,8.56,5.1121,10.373,7.2503,7.1892,1.5021,1.9762,5.121,1.0813,2.1766,1.1197,2.0113,7.8531,4.5796,2.7931,3.0497,3.1604,2.9926,1.8113,1.0935,1.7102,1.1289,1.1486,1.1513,1.135,1.6897,0.98696,1.4362,2.2438,2.5052,2.1915,1.6292,1.0713,1.0951,1.143,1.1562,1.1478,1.1584,1.1635,1.1587,1.1545,1.1562,1.1549,1.1502
1981,4,7.9644,6.4147,4.9263,8.1252,6.2324,6.0508,22.627,17.67,7.5597,12.92,8.4261,10.617,8.464,8.3396,10.838,16.556,46.764,45.539,40.798,25.609,13.354,18.256,28.766,26.204,48.459,14.847,2.7866,5.8641,6.4358,5.8477,9.9277,9.504,5.0823,6.8079,8.8537,10.457,7.9481,5.7368,5.964,4.7915,4.0612,2.5835,6.7196,10.868,9.4865,9.6491,8.3985,6.5484,8.6878,6.8619,5.1218,3.4129,2.0722,1.6969,8.6803,4.0547,1.2629,1.8882,1.1689,1.0765,0.30582,0.65378,0.31558,1.6306,0.91614,0.6302,0.38743,0.4424,0.47911,0.39642,0.35788,0.14773,0.13676,0.13522,0.19836,0.13151,0.14971,0.1992,1.2459,1.3733,1.0501,1.1547,0.71396,0.91891,0.34005,0.74924,0.21389,0.17149,0.21109,0.24822,0.43346,0.52495,0.36345,0.36369,0.38926,0.40786,0.42034,0.42731,0.42591,0.42369,0.4227,0.45402,0.41463,0.93526,0.81645,1.2091,0.59052,0.4469,1.2031,0.78884,0.88298,1.631,3.058,1.0801,0.62671,1.2295,1.3335,0.5392,0.40394,0.61694,0.39955,3.4716,1.0413,0.41002,0.39255,6.0904,4.4948,0.40088,0.3889,5.9545,2.5239,0.38008,2.3286,0.71692,1.1212,0.64005,0.70816,0.76036,0.4623,0.47104,2.4388,0.49577,8.5233,6.7128,2.4504,1.5237,2.2669,4.4325,3.9236,2.047,0.50275,0.50137,0.49442,0.50142,0.50238,0.50532,0.50871,7.3849,13.141,5.9583,4.3555,3.5585,10.596,4.5763,5.7554,0.57934,6.7675,6.3617,4.8905,6.0279,1.9242,6.6985,0.67463,0.65799,0.50481,2.3847,0.49654,0.49577,1.0691,2.4618,0.49083,0.48399,0.48466,0.47641,4.4593,4.3556,4.4449,4.2496,7.4648,9.2944,9.7537,14.468,8.4951,9.2258,7.9486,2.4837,6.3025,9.174,10.898,19.977,12.038,15.219,13.592,18.589,17.907,17.74,15.966,18.201,18.245,16.948,6.2757,7.2617,8.3571,13.846,7.8629,6.031,4.3037,4.2161,7.3485,5.112,6.3871,10.855,6.1673,5.3962,5.9962,6.1157,6.2525,5.7948,5.9681,5.9478,8.6719,3.5945,3.3767,3.3273,4.3003,2.9266,3.0636,5.2775,2.4352,2.129,3.6995,10.096,1.6239,8.2256,8.828,9.7449,11.311,6.7922,4.9535,9.8471,3.4639,2.6404,4.0651,1.8995,4.4274,2.8563,2.6849,0.55815,0.7343,1.9028,0.40179,0.80878,0.41607,0.74736,2.918,1.7017,1.0379,1.1332,1.1743,1.112,0.67305,0.40631,0.63547,0.41946,0.42678,0.42778,0.42175,0.62785,0.36673,0.53365,0.83376,0.93089,0.81431,0.60537,0.39808,0.40693,0.4247,0.4296,0.42649,0.43044,0.43234,0.43056,0.42897,0.42962,0.42912,0.42738
1981,5,89.947,118.95,41.836,8.3976,16.555,55.134,134.78,91.152,57.49,84.075,76.539,80.085,77.193,79.463,82.032,102.57,213.87,208.66,192.49,155.64,118.15,154.42,177.93,168.5,201.13,151.8,124.59,136.67,104.26,86.789,82.691,87.601,87.018,75.83,125.72,97.06,91.183,70.279,74.358,65.516,60.148,27.834,77.274,116.73,47.031,43.787,109.72,57.305,44.665,33.58,33.962,24.487,12.257,15.529,25.704,65.763,41.342,107.97,30.301,13.484,1.7345,0.32167,0.11726,68.751,18.904,6.3774,6.0515,3.4573,6.699,3.7263,0.13298,0.086704,21.354,57.629,7.4715,4.3726,4.9379,4.2259,135.73,132.97,126.22,133.16,100.62,85.963,38.132,34.81,19.666,7.169,13.988,39.081,73.779,85.726,76.662,58.519,71.449,73.98,75.745,115.29,117.25,116.96,111.61,118.44,102.66,152.37,149.58,159.1,140.09,125.78,120.82,109.95,113.56,131.18,146.3,161.14,142.96,153.19,157.57,135.68,111.89,132.82,88.788,154.21,125.75,108.46,76.631,155.34,154.94,107.69,83.211,151.72,137.16,101.05,134.47,115.39,123.44,92.869,92.671,88.436,53.12,45.463,60.941,3.6883,47.927,45.978,35.288,45.439,57.817,66.091,65,53.952,12.821,11.156,0.18372,0.26075,14.305,23.062,13.212,68.224,84.775,64.366,55.155,50.258,81.054,66.038,71.019,39.062,116.5,126.48,87.011,136.14,116.34,150.72,46.363,39.923,16.605,53.431,20.323,48.737,70.936,125.8,39.117,44.415,44.04,48.25,51.035,51.35,51.604,48.695,53.777,60.387,82.288,96.858,78.194,84.191,85.201,79.876,92.651,96.368,97.483,102.56,91.115,99.23,97.129,113.74,103.58,103.82,101.82,99.666,102.75,99.961,79.371,77.185,83.174,99.962,94.525,79.371,61.225,62.175,102.66,76.001,73.368,119.41,96.864,57.331,90.411,62.551,60.801,61.282,66.142,84.191,75.425,48.741,78.972,98.625,105.42,95.269,173.44,137.91,142.71,141.76,168.22,148.83,163.62,151.87,76.948,70.42,40.451,111.4,79.014,45.001,73.931,111.09,188.76,83.791,140.07,135.97,134.68,109.71,121.71,122.99,69.813,82.261,73.905,70.13,66.818,59.147,51.368,66.976,52.234,64.733,64.356,61.839,74.883,85.085,95.722,88.955,83.642,163.1,137.14,146.47,161.89,148.77,123.81,88.08,73.347,77.309,74.686,86.681,70.776,89.617,104.02,100.31,106.51,64.272,73.768,101.44
1981,6,66.703,65.43,42.847,15.077,23.25,43.633,65.098,63.737,37.578,62.346,54.143,58.3,53.036,50.97,55.926,59.965,79.829,81.175,81.267,77.176,69.061,76.38,75.837,71.526,83.561,67.938,76.345,76.016,52.196,35.968,32.534,31.52,36.838,27.606,57.676,40.021,38.617,27.719,29.692,25.319,23.671,13.491,23.705,27.95,16.741,15.986,33.786,22.651,16.064,13.577,14.271,11.585,7.1899,8.4192,11.688,18.15,14.53,22.951,12.423,7.6761,1.4752,0.16709,0.043572,21.951,10.492,4.4869,4.468,2.7267,5.025,2.9125,0.049412,0.051536,10.517,17.793,5.8719,3.4592,3.9073,3.4105,30.447,30.677,30.09,30.885,27.904,25.937,17.52,16.301,11.301,5.114,8.6892,17.488,24.735,28.914,28.863,27.241,29.87,30.894,31.798,36.166,36.185,36.002,35.534,35.007,32.856,34.176,35.287,35.738,34.118,32.753,23.608,23.143,24.162,25.656,26.745,33.943,31.999,30.362,31.856,32.506,28.378,29.175,25.611,28.896,27.658,25.242,21.861,28.858,28.828,25.16,22.67,28.835,27.757,24.73,27.562,25.907,26.385,24.221,24.225,24.237,19.974,18.554,112.02,69.946,105.88,105.76,100.8,101.55,109.47,127.05,123.77,112.86,88.298,87.135,48.69,49.487,70.374,69.795,44.749,41.111,51.366,34.192,30.067,27.392,42.602,29.54,46.59,24.041,23.684,23.637,23.147,24.648,25.994,28.118,21.425,23.162,19.011,60.996,20.444,24.549,24.393,27.181,19.393,19.37,19.486,19.161,93.568,96.558,100.09,98.616,100.98,99.737,85.592,72.354,52.404,68.265,69.267,72.803,69.944,63.102,50.879,34.267,57.539,43.739,48.057,40.952,32.992,37.361,33.306,45.555,38.009,48.775,74.635,85.495,51.782,36.206,27.692,41.483,37.156,24.972,24.751,21.258,21.991,27.866,23.28,20.231,22.698,20.335,19.805,19.744,20.415,22.172,21.364,24.269,20.995,24.634,21.67,20.902,28.261,26.007,27.146,27.536,28.742,26.819,28.73,26.316,20.266,20.947,15.253,23.206,19.811,15.834,18.948,22.141,27.089,19.721,25.373,25.386,24.291,22.833,23.625,23.163,19.498,22.099,24.758,27.279,18.106,17.324,16.508,21.994,22.153,24.303,26.54,28.02,28.102,32.527,34.832,34.252,33.013,32.693,31.29,31.981,32.953,32.749,30.952,28.627,29.914,30.627,31.993,34.151,31.467,34.604,36.02,35.764,35.823,30.472,31.91,35.131
1981,7,49.331,44.329,34.99,20.44,21.818,31.867,39.579,29.907,18.588,27.775,25.072,26.6,25.038,24.548,26.287,30.219,50.141,49.887,47.882,42.794,51.549,50.614,50.245,50.062,49.947,47.95,44.743,44.53,33.417,25.316,21.518,21.876,26.17,20.444,41.004,28.813,28.331,22.238,23.309,20.578,20.03,13.787,46.339,50.43,40.506,38.631,48.644,31.797,31.821,23.635,19.437,14.484,9.2348,9.7803,29.187,23.812,15.75,32.403,17.241,12.373,4.4729,2.8109,0.01619,38.186,25.546,17.946,17.843,12.848,19.506,15.121,0.01836,1.0607,18.04,21.007,22.154,18.098,19.002,18.675,55.503,54.992,54.756,55.742,50.547,45.2,33.419,32.291,27.435,18.201,23.68,35.095,45.653,51.242,46.966,41.05,42.337,42.073,41.292,49.88,52.839,53.419,51.215,49.192,49.658,53.757,52.464,52.719,52.301,51.661,52.216,52.178,51.147,52.071,56.135,55.285,56.021,63.678,60.227,53.789,58.458,61.776,59.21,64.534,63.275,63.665,60.822,63.179,65.481,62.796,60.255,61.739,59.784,57.536,56.969,56.437,55.804,61.582,62.084,66.671,69.507,67.741,77.202,115.85,147.96,126.75,90.297,70.36,74.462,90.486,92.337,86.969,95.23,102.1,121.55,117.92,118.45,107.84,113.12,136.83,165.29,120.67,106.3,93.591,145.41,102.26,135.45,111.89,37.606,34.848,49.574,42.335,63.535,60.096,90.402,108.75,103.29,115.42,92.991,96.565,89.374,64.574,80.259,71.131,71.432,68.686,51.471,52.564,60.783,77.144,128.22,174.21,202.39,227.42,177.16,53.14,52.695,49.762,50.465,50.593,48.73,42.773,50.636,46.008,49.592,45.951,42.852,44.701,43.532,79.177,66.021,99.727,62.634,121.21,174.11,97.047,60.805,149.08,139.53,87.554,55.837,53.706,56.17,63.786,56.834,60.35,56.957,50.191,48.269,51.15,52.369,55.393,54.92,80.164,39.325,51.555,26.961,25.531,37.693,48.352,47.935,54.258,56.229,57.099,50.896,46.409,43.759,51.315,50.206,40.125,32.017,39.441,23.284,25.854,31.407,19.144,51.353,55.087,47.276,52.785,52.39,44.221,51.562,52.138,52.2,52.541,22.197,32.4,32.603,45.709,55.89,55.165,52.798,45.234,51.327,44.208,41.424,39.195,40.9,64.777,64.962,64.414,64.431,63.295,58.951,55.149,43.974,45.132,39.463,38.306,39.223,38.258,41.47,40.088,45.875,39.13,41.233,46.436
1981,8,26.269,29.066,24.881,25.293,30.563,30.862,38.255,34.808,22.814,32.48,29.809,31.447,30.171,29.973,31.621,36.709,44.747,48.29,48.423,47.957,33.354,35.317,43.022,44.22,50.784,54.427,57.612,56.825,45.749,37.798,32.126,34.326,39.058,31.704,52.186,39.667,39.162,32.228,33.784,31.09,30.58,25.542,57.653,57.332,43.611,39.729,54.451,37.626,34.453,29.699,27.675,25.024,20.19,20.307,30.868,22.137,16.053,24.978,18.322,16.419,12.034,11.717,0.0060159,34.996,32.537,29.088,33.154,27.785,34.924,31.374,6.4768,10.63,27.798,26.588,38.597,35.75,36.31,36.337,39.485,40.503,40.339,40.848,40.719,40.41,39.229,37.372,36.303,33.311,34.629,38.448,40.499,41.161,38.517,38.919,36.887,36.642,36.982,39.051,39.569,39.566,39.176,39.352,39.247,41.052,40.365,40.405,40.274,40.001,42.191,39.685,39.154,40.51,44.273,41.467,42.225,46.922,44.878,41.141,44.339,46.549,51.962,53.174,57.176,58.113,57.835,58.001,57.433,58.578,58.764,60.073,62.226,62.578,63.542,60.777,59.19,50.804,49.727,50.619,44.449,41.219,33.679,30.786,33.925,34.233,34.381,34.404,35.016,36.056,35.944,36.372,34.38,32.317,30.606,32.727,38.321,41.246,43.183,69.166,72.931,67.668,63.662,60.211,68.13,60.915,54.853,57.038,34.883,34.872,43.973,40.406,53.028,55.017,56.094,57.49,48.619,46.425,43.438,49.864,54.117,56.252,45.702,41.457,41.335,42.214,34.443,35.493,35.971,35.668,36.79,39.855,57.934,82.982,77.422,26.986,27.381,28.891,30.391,32.477,36.861,46.063,32.889,44.49,45.14,45.213,47.773,44.71,48.402,60.954,57.353,67.085,43.669,55.161,79.327,70.342,62.435,79.173,74.537,64.183,60.369,54.798,62.675,64.524,55.339,65.714,55.826,61.133,60.325,59.598,59.177,56.508,52.742,55.392,37.381,45.896,29.697,29.226,38.437,47.308,42.496,43.709,41.152,39.193,32.829,31.132,30.849,52.349,38.392,28.258,24.948,31.448,20.936,20.949,22.821,17.247,44.576,46.611,40.24,40.39,40.292,36.899,38.711,37.743,39,37.263,25.828,29.815,30.308,34.889,35.198,36.213,36.804,36.616,37.088,37.339,37.412,36.922,36.978,39.718,40.013,40.28,40.141,40.157,39.051,37.889,36.641,37.098,36.747,36.791,36.736,36.839,37.646,37.343,38.485,36.776,37.303,38.48
1981,9,47.459,33.075,24.677,20.195,20.438,23.769,28.361,23.619,16.936,22.42,20.821,21.708,21.248,21.663,22.314,26.014,35.138,35.565,34.699,33.02,61.278,45.128,45.488,50.6,36.775,48.887,36.917,36.678,32.276,29.373,26.473,28.106,29.933,26.544,37.74,29.756,29.541,26.281,27.042,25.22,24.096,20.426,75.441,60.459,41.359,35.162,48.936,28.524,27.63,22.704,20.724,19.359,15.801,15.532,23.651,14.048,10.128,17.244,12.712,12.367,12.775,13.31,0.58728,31.517,32.471,30.335,37.511,31.299,39.365,35.9,12.391,16.136,30.654,28.83,45.182,42.858,43.09,42.985,33.761,35.34,35.249,35.702,37.492,38.56,41.414,38.1,39.517,38.76,38.6,39.997,39.133,38.386,37.784,43.902,42.288,42.356,42.364,54.67,59.803,60.908,57.109,50.885,53.971,53.636,54.157,54.232,54.221,54.156,42.11,44.878,45.784,45.776,43.836,55.4,54.895,53.984,54.115,54.356,53.848,52.55,51.975,50.206,52.278,52.5,52.572,47.442,50.122,52.491,53.042,51.494,56.786,59.717,61.695,69.264,70.629,112.75,117.41,115.22,166.41,180.94,124.85,108.39,54.772,71.555,97.897,108.12,117.27,148.19,139.77,134.18,125.76,124.39,101.83,110.37,122.26,129.3,124.93,133.12,150.85,126.44,114.18,103.1,134.98,104.75,113.14,118.27,37.335,29.973,46.705,32.559,50.122,42.91,92.259,117.36,127.66,120.7,145.17,136.05,105.24,70.318,152.19,176.25,175.96,175.91,105.31,105.9,98.543,87.982,70.528,73.841,134.63,196.87,162.68,61.753,61.197,57.948,62.555,69.493,81.477,103.23,79.113,102.45,104.89,91.156,102.01,97.631,101.11,136.42,120.84,147.02,110.42,132.04,166.41,131.55,93.368,140.6,134.82,87.793,57.994,56.188,57.129,55.176,55.847,54.107,56.355,62.851,63.842,61.082,60.327,58.171,52.575,84.846,41.276,56.871,26.801,25.291,38.374,50.693,43.253,42.033,37.823,36.572,25.328,22.435,22.324,51.93,32.008,19.369,16.467,22.983,12.904,12.591,13.748,10.084,37.039,40.76,39.03,47.961,47.642,39.477,45.004,41.378,44.613,39.981,19.674,25.353,26.939,34.372,36.125,36.581,37.368,40.152,37.557,41.959,41.173,38.586,39.895,31.746,32.476,33.326,32.624,33.986,34.706,35.615,39.532,39.065,39.928,38.167,40.442,38.119,42.012,40.262,48.837,41.605,43.922,49.924
1981,10,18.182,14.737,12.287,10.009,9.8206,11.452,13.185,11.235,9.5393,10.862,10.385,10.624,10.506,10.668,10.84,12.248,15.649,15.826,15.532,14.933,20.849,18.012,18.438,19.594,16.247,19.566,16.337,16.252,14.654,13.581,12.494,13.11,13.788,12.524,16.541,13.723,13.643,12.417,12.706,12.003,11.542,10.021,24.262,21.892,17.369,15.548,19.547,13.259,12.927,10.939,10.075,9.5161,7.896,7.7328,11.329,6.6389,4.68,8.3737,6.1966,6.1738,6.8093,7.1123,0.55215,14.323,14.576,13.836,15.996,14.104,16.529,15.509,6.9669,8.5345,13.916,13.315,18.07,17.411,17.488,17.457,15.13,15.647,15.615,15.765,16.285,16.567,17.237,16.324,16.646,16.33,16.347,16.862,16.726,16.552,16.309,18.421,18.322,18.487,18.392,25.952,29.87,30.834,27.768,22.211,23.964,21.91,22.908,22.887,22.741,22.667,17.56,18.134,18.396,18.467,18.067,22.204,22.093,21.429,21.727,22.338,21.83,21.22,20.836,19.846,20.422,20.469,20.452,19.341,19.954,20.476,20.576,20.311,21.438,21.968,22.353,23.484,23.626,28.287,28.669,28.478,32.37,33.149,27.214,25.159,26.857,26.591,26.062,26.002,26.726,28.688,28.376,27.962,27.021,26.569,24.668,25.712,27.313,28.145,28.106,35.788,37.484,33.827,32.452,31.29,33.919,29.798,29.72,28.946,16.063,13.791,18.703,14.729,19.81,18.113,26.597,29.063,29.081,28.808,30.11,30.047,27.574,23.484,31.148,32.747,32.702,32.872,27.794,28.12,27.707,26.255,27.687,32.67,39.022,41.446,38.48,20.536,20.42,19.89,20.79,22.173,24.599,29.054,24.092,28.642,28.937,26.752,28.794,27.938,28.651,33.706,31.647,34.823,29.483,34.419,38.128,33.205,27.573,34.555,34.499,27.312,21.585,21.119,21.475,21.213,21.057,20.974,21.153,22.396,22.512,22.049,21.915,21.474,20.265,27.609,17.163,21.282,12.625,12.044,16.449,19.745,17.848,17.598,16.398,15.99,12.002,10.744,10.703,20.103,14.526,9.3262,7.9113,10.998,6.0021,5.7965,6.3899,4.4595,16.225,17.336,16.691,18.841,18.769,16.705,18.118,17.23,18.254,17.218,9.6245,12.061,12.676,15.245,15.936,16.024,16.304,17.461,16.343,18.219,17.757,16.643,17.216,14.453,14.71,15.002,14.762,15.218,15.427,15.678,17.132,16.896,17.218,16.475,17.439,16.455,18.125,17.322,21.924,17.967,19.126,22.646
1981,11,6.9607,5.5072,5.0819,3.7813,3.6594,4.3027,4.8992,4.1907,4.1817,4.1245,4.0666,4.0774,4.0661,4.0977,4.1136,4.551,5.815,5.8806,5.7713,5.5489,7.7758,6.6928,6.851,7.2807,6.1879,7.2704,6.0705,6.0387,5.445,5.0462,4.6424,5.5454,5.1232,4.6536,6.1463,5.37,5.0721,4.614,4.7212,4.46,4.2886,3.7234,9.1165,8.1774,6.4538,5.7773,7.2632,4.9268,4.8033,4.0645,3.7437,3.536,2.934,2.8733,4.2095,2.4669,1.739,3.1115,2.3025,2.294,2.5302,2.6428,0.20517,5.322,5.4161,5.1411,6.3987,5.3004,6.605,6.0336,2.5887,3.1712,6.444,7.8407,8.01,7.7522,7.6909,7.4875,5.6221,5.8139,5.8022,5.858,6.0513,6.1559,6.8574,6.0738,6.8127,7.1991,6.9386,6.541,6.2149,6.1502,6.0601,7.1673,7.3119,7.4507,7.3626,11.708,13.573,13.996,12.606,9.5399,10.548,9.0839,9.8041,9.783,9.6831,9.64,6.525,6.7382,6.8844,6.9185,6.7132,9.1714,9.1061,8.5295,8.8128,9.359,8.9352,8.4971,8.3796,7.8262,7.7303,7.607,7.6116,11.399,9.2853,7.6332,7.7165,11.935,8.4703,8.7043,9.1341,10.385,10.943,17.552,18.463,17.149,23.882,27.342,14.039,18.551,13.123,13.112,12.314,11.406,12.319,23.115,20.005,14.611,15.98,17.509,18.731,17.648,15.931,14.441,14.168,16.173,19.982,14.486,13.641,13.213,16.305,12.083,12.568,11.198,5.9687,5.1313,6.9511,5.8873,7.7013,11.207,10.224,11.389,13.709,12.982,19.173,15.531,12.422,11.026,20.108,26.518,26.591,26.155,13.716,13.577,12.996,11.888,13.353,16.618,24.312,32.461,20.852,7.8197,7.7261,7.3928,7.7662,8.4262,10.435,17.113,9.7199,16.188,16.204,12.84,16.199,14.951,15.633,22.7,19.486,23.502,15.178,19.923,22.129,18.241,10.953,15.592,14.887,10.779,8.0273,7.9006,7.981,7.8867,7.8543,7.7938,7.8803,8.3232,8.3651,8.1929,8.1432,7.9832,7.5299,11.346,6.3774,8.1802,4.6911,4.4754,6.1123,7.379,6.6317,6.539,6.0931,5.9414,4.4598,3.9922,3.9768,7.4697,5.3977,3.4654,2.9396,4.0866,2.2302,2.1539,2.3744,1.657,6.1541,6.4417,6.202,7.0008,6.9741,6.207,6.7322,6.403,6.9038,6.6041,3.5762,4.4818,4.71,5.6747,6.0286,6.0193,6.1488,6.8217,6.1514,7.25,6.9419,6.2889,6.6293,5.3704,5.4659,5.5742,5.4853,5.6545,5.7324,5.8256,6.6069,6.4453,6.6335,6.2054,6.7723,6.1973,7.183,6.6953,9.5037,7.1124,7.8281,9.9223
1981,12,9.2494,2.9478,3.2758,5.0057,1.3597,1.6739,3.3981,1.5642,1.6381,1.5326,1.511,1.5151,1.5109,1.5226,1.5285,2.4093,6.4083,5.3481,7.093,2.2859,7.1607,3.6555,4.2738,3.9321,13.212,2.8143,2.2557,2.2438,2.0232,1.8751,1.725,3.2476,1.9036,1.7293,2.3414,3.1689,2.3379,1.7397,1.9167,1.7956,1.5941,1.3835,3.3875,5.1907,2.3981,2.1467,3.0147,1.8307,1.7848,1.5103,1.3911,1.3139,1.0902,1.0677,1.5641,0.91663,0.64616,1.1634,0.85556,0.85241,0.94015,0.98199,0.076235,4.8626,2.906,2.5104,7.1405,3.7445,7.9809,6.1024,0.96191,1.1783,5.9988,7.436,13.347,12.26,12.065,11.504,5.893,8.2271,6.2807,7.8951,5.8998,6.5648,8.3429,5.3481,8.0382,9.3076,8.2773,6.8816,4.0657,3.1107,2.2518,2.6896,2.7169,2.7685,2.7358,4.3506,5.0434,5.2006,4.6841,3.5448,3.9193,3.4916,3.6698,4.0045,3.598,3.582,2.5631,2.6133,2.6063,3.0607,5.0618,3.8107,3.3836,4.1766,4.261,3.4776,3.3201,3.1939,3.2649,5.629,2.9503,2.8274,2.8356,9.824,7.1001,2.8514,2.9101,9.092,3.459,3.5449,3.8544,4.6976,5.1531,8.9916,9.5098,8.8489,11.531,12.892,6.7898,9.3966,5.3407,5.6252,5.5773,5.0867,5.6841,11.246,9.9424,7.1101,8.0185,8.8463,9.4924,8.9529,7.9707,7.0045,6.8239,6.5171,9.0817,5.5493,5.0688,4.9097,7.1617,4.4899,5.0932,4.3038,6.0564,6.6436,3.8134,7.4382,3.5606,9.9188,3.8676,4.4043,6.3201,5.7617,9.4454,7.3945,5.8466,5.8557,9.8703,12.572,12.596,12.455,6.221,6.0454,5.6304,5.0325,5.5497,7.1376,11.336,14.712,9.5267,3.2849,3.2946,3.4535,3.9746,6.6431,7.8816,15.213,5.9603,12.879,11.973,10.702,13.664,13.026,12.268,14.253,13.677,13.19,7.7463,9.356,10.323,9.1969,4.1422,6.5188,5.8308,4.0051,2.9827,2.9357,2.9655,3.4734,2.9185,2.896,2.9281,3.0927,3.1083,3.0443,3.0258,2.9664,2.7979,4.2158,2.3697,3.0396,2.3096,1.6629,2.2712,2.7419,2.4642,2.4297,3.5619,4.6016,1.702,3.53,1.4777,2.7756,2.0057,1.2877,1.0923,1.5185,0.8287,0.80032,6.7264,0.61572,6.1096,4.4986,4.0789,2.6013,2.5921,2.9449,2.5015,4.4549,2.5653,7.8248,1.3583,3.5948,2.3649,6.8411,26.866,17.701,7.5563,2.6007,4.8626,2.6939,2.5801,2.3374,2.4633,3.0256,2.0326,2.5652,5.0133,7.193,5.0128,4.3184,2.455,2.3949,2.4651,2.3114,2.5202,2.3113,2.6844,2.5033,3.539,2.6569,2.9226,3.6903
1982,1,5.6402,1.5927,1.8762,3.3943,0.50525,0.66743,2.0747,0.58547,0.65953,0.56947,0.56147,0.56297,0.56141,0.56577,0.56796,1.2993,4.0924,3.3885,4.515,0.98251,4.3781,1.9853,2.4643,2.1154,7.518,1.1136,0.83815,0.83376,0.75179,0.69673,0.64098,1.656,0.70735,0.64266,0.90492,1.7301,1.1303,0.66182,0.80938,0.75024,0.59263,0.51409,1.2587,2.9659,0.89107,0.79767,1.3059,0.68024,0.66319,0.56119,0.51689,0.48821,0.40509,0.39672,0.5812,0.3406,0.2401,0.4367,0.31791,0.31674,0.34934,0.36489,0.028327,3.1176,1.5732,1.2748,4.4276,2.2721,4.9122,3.8305,0.35742,0.43785,3.5543,4.1789,7.5015,7.0149,6.93,6.68,3.782,5.1605,4.0131,4.9727,3.7412,4.1582,5.1029,3.3641,4.9104,5.5545,5.0144,4.2788,2.3989,1.615,0.83672,1.0152,1.0096,1.0287,1.0165,1.6166,1.874,1.9324,1.7405,1.3172,1.4563,1.3673,1.3799,1.7038,1.3369,1.331,1.0355,1.037,0.99765,1.4199,3.082,1.6505,1.2573,2.1015,2.1226,1.2922,1.2337,1.209,1.2145,3.2541,1.0963,1.0506,1.0536,5.2655,3.891,1.0595,1.0813,4.6976,1.2982,1.3172,1.4322,1.7455,1.9414,3.5016,3.7366,3.4965,4.3139,4.8312,2.5229,3.4916,1.9845,2.0902,2.0724,1.8901,2.1121,4.3741,3.788,2.6419,2.9795,3.2871,3.5272,3.3267,2.9617,2.6027,2.5356,2.4216,3.3746,2.062,1.8834,1.8243,2.672,1.6683,1.8925,1.5992,3.8524,4.2987,2.073,4.6568,1.6107,5.3279,1.4371,1.6365,2.3484,2.1409,3.5097,2.7476,2.3126,2.5471,3.6915,4.7035,4.7095,4.6722,2.3116,2.2463,2.0921,1.87,2.0622,2.6521,4.212,5.4666,3.5399,1.442,1.4704,1.6812,2.0659,3.9747,4.4517,7.899,3.2892,6.7006,6.1538,5.8434,7.1515,6.9232,6.4142,6.7614,6.8013,5.8775,3.2955,3.4765,3.8358,3.7742,1.5392,2.4222,2.1666,1.4882,1.1083,1.0908,1.1019,1.9542,1.0844,1.0761,1.088,1.1492,1.155,1.1312,1.1243,1.1022,1.0396,1.5665,0.88053,1.1294,1.1822,0.61791,0.84392,1.0188,0.91564,0.90283,2.0107,2.8483,0.65961,2.3177,0.54908,1.0313,0.74525,0.47846,0.40587,0.56423,0.30793,0.29738,4.5622,0.22879,3.8467,2.7005,2.4113,0.96659,0.96357,1.4566,0.9295,2.6728,0.95321,4.8775,0.5226,2.295,1.2285,4.372,11.876,9.2112,4.7571,1.0063,3.0115,1.001,0.9587,0.86851,0.9153,1.6849,0.75621,1.2379,3.2035,4.5838,3.1727,2.6524,0.9122,0.8899,0.91598,0.85886,0.93644,0.85882,0.99745,0.93018,1.315,0.98723,1.086,1.3712
1982,2,81.502,79.229,96.954,57.435,21.641,59.924,64.242,22.366,40.379,17.663,21.999,20.533,19.65,16.308,17.847,29.867,83.547,74.308,78.455,42.573,45.164,53.017,54.647,45.816,103.06,40.96,27.283,36.636,21.406,6.4803,0.25662,14.332,4.6922,1.9772,32.706,16.633,12.44,1.6618,4.288,3.8878,4.5356,0.28833,10.935,42.538,6.1901,4.5834,34.402,7.5435,5.1984,2.6164,2.2545,0.64114,0.15052,0.28375,0.22255,3.0723,0.089215,0.93015,0.11813,0.11769,0.12981,0.13558,0.010526,1.3925,0.58456,0.47367,1.6452,0.84426,1.8253,1.4233,0.13281,0.16269,1.3207,1.5528,2.7874,2.6066,2.575,2.4821,1.4053,2.0795,1.4912,1.8979,1.3901,1.5451,1.8961,1.25,1.8246,2.0639,1.8632,1.5899,0.89137,0.60009,0.3109,0.37723,0.37513,0.38225,0.37772,0.60068,0.69634,0.71804,0.64673,0.48943,0.54113,0.50806,0.51275,0.63311,0.49678,0.49456,0.38476,0.38532,0.3707,0.52759,1.1452,0.61329,0.46717,0.78087,0.78872,0.48015,0.45841,0.44922,0.45128,1.2092,0.40735,0.39037,0.39151,1.9565,1.4458,0.39369,0.40179,1.7465,0.48237,0.48944,0.53218,0.64859,0.72137,1.3011,1.6001,5.49,9.1656,8.3629,54.767,131.24,0.73739,0.77667,9.6489,32.087,47.884,80.048,68.769,64.004,89.629,103.45,152.74,129.37,122.81,84.625,71.987,19.686,38.109,25.698,17.633,12.178,46.095,25.98,44.608,37.918,3.458,1.5973,1.7458,1.7304,0.59851,1.9797,10.355,31.96,32.539,48.858,31.745,36.896,18.724,1.9572,8.6277,10.108,4.7497,8.4106,9.1203,10.025,2.217,2.1769,0.76625,0.98548,4.317,18.147,17.102,3.221,6.3137,10.924,28.928,35.745,24.257,6.209,6.7619,8.7219,8.9649,7.5193,2.6654,6.3795,2.5739,2.5139,7.973,3.9807,10.857,1.8403,2.468,2.3684,13.798,3.4747,2.8355,0.81792,13.59,0.60896,4.8488,21.255,4.4035,1.2143,3.9503,4.0931,6.4621,3.7428,4.317,4.7206,6.2051,3.9929,0.32718,0.41967,0.43927,0.2296,0.31358,1.7202,0.34023,0.33547,3.3232,9.6616,0.24509,12.471,0.36661,12.166,0.27692,2.4699,0.35516,0.70869,3.5175,5.3489,24.611,2.9474,1.4293,1.0035,0.89598,0.35916,0.35804,0.54123,0.34538,0.99314,0.35419,1.8124,0.19419,0.85276,0.4565,1.6246,4.4129,3.4227,1.7676,0.37391,1.119,0.37195,0.35623,0.32272,0.3401,0.62607,0.28099,0.45999,1.1904,1.7032,1.1789,0.98558,0.33895,0.33066,0.34036,0.31913,0.34796,0.31912,0.37063,0.34563,0.48863,0.36683,0.40352,0.50951
1982,3,19.835,19.206,20.683,17.051,10.282,17.105,17.739,10.482,14.322,9.1108,10.382,9.9728,9.7167,8.6713,9.1688,12.336,19.956,19.021,19.564,14.713,15.396,16.347,16.607,15.318,22.238,14.455,11.727,13.67,10.225,4.5385,0.10657,7.9911,3.5006,1.6153,12.912,8.7963,7.2729,1.3582,3.236,2.9814,3.4139,0.16579,6.6537,14.905,4.3657,3.4244,13.476,5.0985,4.0254,2.2498,1.85,0.50427,0.055931,0.18746,0.086705,2.4726,0.03315,0.77535,0.043893,0.043731,0.048233,0.050379,0.0039111,0.65636,0.21721,0.17601,0.61132,0.31371,0.67823,0.52888,0.049349,0.060453,0.49074,0.57697,1.0357,0.96855,0.95682,0.92231,0.52218,0.86957,0.55409,0.73562,0.51654,0.57412,0.70455,0.46448,0.67798,0.76691,0.69234,0.59077,0.33121,0.22298,0.11552,0.14017,0.13939,0.14203,0.14035,0.2232,0.25874,0.26681,0.24031,0.18186,0.20107,0.18878,0.19053,0.23525,0.18459,0.18377,0.14297,0.14318,0.13774,0.19604,0.43528,0.22788,0.17359,0.29015,0.29307,0.17841,0.17033,0.16692,0.16769,0.48485,0.15136,0.14505,0.14548,0.80879,0.66419,0.14629,0.1493,1.3969,0.18191,0.18186,0.32184,0.241,0.26804,0.48346,0.7205,3.7365,5.7372,5.2957,17.035,26.638,3.7603,0.29738,6.2851,12.845,15.791,22.374,21.495,19.095,21.801,23.246,29.015,26.873,25.865,21.184,19.445,9.7782,14.118,11.405,9.1269,7.1607,15.406,11.456,17.017,13.958,2.3096,0.59352,1.1827,0.64297,0.22239,0.73562,6.3987,12.803,12.967,17.293,12.87,13.85,9.4812,1.2785,5.4966,6.1802,3.1137,5.3304,5.8029,6.2279,1.5751,1.579,0.28472,0.40083,4.2613,9.3541,8.978,2.4395,4.3944,6.6405,12.17,13.713,11.138,3.7432,4.5167,5.3733,5.5369,4.7594,0.9953,3.9636,1.0701,0.93501,4.9479,2.3841,6.572,0.99815,1.4839,1.4094,7.7934,2.4949,2.0533,0.4606,7.7157,0.34754,3.5613,10.241,3.2826,0.90469,2.9861,3.0741,4.4986,2.8418,3.2228,3.4815,4.3638,2.9617,0.12157,0.15594,0.16322,0.085315,0.11927,1.3464,0.12642,0.12465,2.4391,6.0394,0.091071,7.2733,0.23349,7.1652,0.1029,2.0183,0.25365,0.55087,2.7827,3.93,11.544,2.3984,0.53111,0.37286,0.33293,0.13346,0.13304,0.20111,0.12834,0.36903,0.13161,0.67344,0.072155,0.31687,0.16962,0.60365,1.6397,1.2718,0.65681,0.13894,0.41579,0.13821,0.13237,0.11991,0.12637,0.23263,0.10441,0.17092,0.44231,0.63288,0.43806,0.36622,0.12595,0.12287,0.12647,0.11858,0.12929,0.11858,0.13772,0.12843,0.18156,0.13631,0.14994,0.18932
1982,4,7.3701,7.1366,7.6854,6.3357,3.8205,6.3558,6.5915,3.8949,5.3217,3.3854,3.8576,3.7056,3.6105,3.2221,3.4069,4.5839,7.4774,7.1248,7.3446,5.467,5.7208,6.0741,6.1708,5.6917,8.5443,5.3711,4.3573,5.0793,3.7995,1.6864,0.039599,3.1742,1.3007,0.6002,4.7977,3.2685,2.7024,0.50469,1.2024,1.1078,1.2685,0.061605,2.4724,5.5657,1.6222,1.2724,5.1266,1.8945,1.6228,0.91639,0.68742,0.18738,0.020782,0.088125,0.032218,0.91878,0.012318,0.2881,0.01631,0.01625,0.017922,0.01872,0.0014533,0.24389,0.08071,0.0654,0.22715,0.11657,0.25201,0.19652,0.018337,0.022463,0.18235,0.21439,0.38485,0.35989,0.35553,0.34271,0.19403,0.32311,0.20589,0.27334,0.19193,0.21333,0.26179,0.17259,0.25192,0.28497,0.25726,0.21951,0.12307,0.082853,0.042926,0.052084,0.051793,0.052776,0.052152,0.082936,0.096143,0.099139,0.089293,0.067575,0.074714,0.070147,0.070795,0.087413,0.06859,0.068284,0.053123,0.053201,0.051183,0.072844,0.16767,0.084677,0.064502,0.10781,0.1089,0.066294,0.063292,0.062024,0.062308,0.20175,0.056243,0.053899,0.054055,0.34992,0.32306,0.054356,0.055475,0.93828,0.069219,0.067577,0.19416,0.08955,0.099599,0.17964,0.26772,1.3884,2.1318,1.9678,6.567,11.447,3.1267,0.11585,2.4686,4.7729,5.9633,9.5857,9.3612,7.7963,8.905,9.6027,12.673,11.633,11.085,8.603,7.6892,3.6334,5.2458,4.2378,3.3913,2.6608,5.7244,4.2567,7.2727,5.1864,0.8744,0.22054,0.43947,0.23891,0.082636,0.27334,2.3776,4.7574,4.8182,7.2108,4.7821,5.1462,3.523,0.47506,2.0424,2.2964,1.157,1.9806,2.1562,2.3141,0.58526,0.58673,0.1058,0.16998,2.3132,3.4758,3.336,0.90647,1.6329,2.4674,4.5219,5.0953,4.1385,1.3909,1.6783,1.9966,2.0574,1.7685,0.36983,1.4728,0.39761,0.34743,1.8385,0.88587,2.442,0.37089,0.55137,0.52371,2.8958,0.92705,0.76294,0.17115,2.867,0.12914,1.3233,3.8054,1.2197,0.33616,1.1096,1.1423,1.6716,1.056,1.1975,1.2937,1.6215,1.1005,0.045174,0.057944,0.060649,0.031701,0.04599,0.50029,0.046975,0.046318,0.90632,2.2441,0.03384,2.7027,0.08676,2.6624,0.038234,0.74995,0.09425,0.20469,1.034,1.4603,4.4715,0.8912,0.19735,0.13855,0.12371,0.049589,0.049435,0.074727,0.047687,0.13712,0.048903,0.25023,0.026811,0.11774,0.063028,0.2243,0.60929,0.47256,0.24406,0.051625,0.1545,0.051355,0.049184,0.044557,0.046958,0.086441,0.038796,0.06351,0.16435,0.23516,0.16277,0.13608,0.046799,0.045655,0.046993,0.044062,0.048042,0.04406,0.051173,0.047721,0.067464,0.050648,0.055714,0.070348
1982,5,49.235,9.0045,20.928,23.991,1.5928,7.2492,6.9445,1.5791,13.3,1.2667,2.2364,1.7593,1.6218,1.198,1.3032,3.9012,7.4288,6.828,12.29,3.2151,28.46,11.414,6.8963,6.0138,30.251,6.3143,3.9576,5.2178,3.098,0.62663,0.014714,4.9192,0.48333,0.22302,4.0522,2.3535,1.0377,0.18753,0.4468,0.41163,0.47822,0.022891,5.1946,40.063,8.1232,9.4273,25.31,8.2161,18.792,21.798,10.612,4.3372,15.187,24.56,9.8196,44.473,14.82,42.33,7.8017,4.2761,0.0066595,0.0069558,0.00054,20.699,0.38398,0.024301,0.084405,0.043313,0.093643,0.073022,0.0068136,0.0083467,0.067756,0.079662,0.143,0.13373,0.13211,0.12734,35.718,36.513,27.164,31.438,10.713,8.731,0.097276,0.1177,0.093608,0.10589,0.09559,0.081567,1.142,4.6527,0.01595,0.019353,0.019245,0.01961,0.019378,0.030817,0.035724,0.036838,0.033179,0.7687,0.027762,14.287,10.225,15.069,6.6373,2.2972,27.963,18.738,17.852,27.892,43.837,18.678,11.552,27.571,25.294,6.7402,3.2676,15.907,1.3997,43.444,19.149,10.02,0.26105,52.04,47.261,8.9856,1.1293,50.347,36.271,1.6866,41.952,0.87357,21.036,0.71843,1.5475,5.3435,0.79213,0.73118,10.023,4.2536,13.451,3.2299,4.4036,3.151,10.333,33.576,28.62,16.706,4.9336,3.7193,4.709,4.4071,5.0038,4.2974,3.015,15.361,27.273,15.536,10.757,9.3081,20.82,14.252,8.391,1.9271,52.148,54.726,36.064,55.35,20.984,47.828,0.99377,1.7677,1.7903,5.6972,1.7769,1.9122,3.3018,20.49,0.75891,0.8533,0.4299,0.73596,3.3211,4.173,0.21747,0.21802,0.039311,4.8212,12.482,5.205,6.8644,20.107,22.07,13.715,22.235,33.929,25.719,5.5265,13.457,5.9354,4.7215,2.6602,0.13742,4.4804,0.14774,0.1291,3.2644,0.32917,4.2553,0.13781,0.20487,0.1946,8.6699,0.34447,0.32899,6.6554,39.792,30.735,11.442,48.383,57.281,1.5245,49.808,3.2905,5.035,8.3854,12.577,38.672,26.651,12.313,33.285,58.288,54.315,47.068,97.359,97.704,82.293,69.097,84.305,104.22,55.226,82.415,24.92,15.955,5.3567,45.981,31.946,15.311,50.207,61.122,102.69,51.373,51.362,43.793,41.984,14.322,21.479,31.603,1.9741,10.87,0.34998,2.2118,19.187,13.763,11.304,17.401,10.281,11.172,1.6593,0.019183,2.6124,0.019082,0.018276,0.016556,0.017448,40.031,22.192,31.374,42.543,38.088,26.001,7.5929,0.017389,0.016964,0.017461,0.016373,0.017851,0.016372,0.019015,0.017732,0.025068,0.01882,0.020702,0.02614
1982,6,62.703,57.009,58.57,55.46,28.731,47.39,64.505,45.572,50.732,41.42,43.242,43.494,41.361,38.622,41.787,63.085,85.274,89.013,95.613,76.34,52.217,61.574,65.852,58.75,111.2,75.888,93.29,95.107,81.145,59.655,23.66,78.982,53.908,46.873,92.871,83.15,75.685,44.86,56.228,60.563,70.03,57.283,75.598,129.54,113.93,113.78,123.63,103.06,116.11,112.42,100.02,88.144,98.917,103.54,106.61,87.027,49.607,67.249,42.798,36.805,9.8012,17.567,2.2471,57.419,25.841,14.11,2.5279,4.4634,3.7309,2.5746,4.2338,0.0031015,0.025176,0.029601,0.055855,0.04969,0.049088,0.047317,75.202,74.69,71.201,73.773,58.371,51.177,11.199,24.276,0.77811,0.039345,0.035519,7.4932,39.936,59.659,49.412,33.672,45.13,47.054,44.316,93.783,101.09,102.32,93.535,94.873,82.124,122.76,119.62,124.18,115.07,106.12,131.53,127.79,129.31,135.76,137.93,127.5,123.22,139.32,135.62,116.15,114.23,131.07,110.01,141.74,133.59,125.07,101.73,140.3,142.13,123.84,107.92,144.59,145.95,116.58,152.03,112.42,138.23,105.85,108.94,119.61,87.845,71.952,52.819,34.511,56.891,45.194,47.224,45.009,53.825,54.988,55.02,54.967,42.178,36.774,36.992,44.725,56.682,63.356,74.659,158.23,165.41,161.06,154.2,150.75,160.54,153.58,123.35,109.19,138.87,129.81,136.78,128.71,124.56,130.19,116.6,108.35,91.955,88.907,83.659,100.8,120.29,131.87,81.151,74.475,64.33,76.878,34.001,34.38,18.555,26.208,37.235,67.542,116.56,148.15,153.54,41.506,42.959,39.559,42.706,44.541,35.396,13.17,31.244,17.045,18.276,14.394,1.9075,13.85,4.4237,6.9291,25.28,27.804,31.528,40.442,89.446,32.84,68.527,110.2,121.89,102.67,109.95,88.168,104.71,120.57,88.752,95.246,89.076,92.737,100.74,96.854,98.618,93.124,111.27,145.14,130.74,107.07,118.53,108.37,102.92,87.83,89.748,87.387,88.343,99.281,82.537,105.29,98.927,125.47,112.43,93.289,82.48,105.19,82.948,77.485,81.925,66.528,132.22,133.73,133.49,126.6,131.56,131.93,103.88,111.3,83.678,81.6,112.65,105.77,97.17,92.565,92.646,89.838,74.405,51.722,76.228,62.491,59.964,49.273,50.87,86.942,79.861,86.01,87.377,89.879,89.049,79.102,50.512,56.596,39.217,44.656,35.165,46.521,65.259,58.954,76.847,29.424,40.373,73.929
1982,7,58.936,37.519,36.153,30.721,21.561,29.626,27.532,16.594,19.036,15.09,15.901,15.776,15.304,14.405,15.087,19.378,30.406,30.371,31.251,25.917,48.756,41.256,33.512,32.469,36.917,34.37,33.928,33.584,24.837,19.148,10.866,21.083,18.537,17.946,38.31,26.331,25.743,21.875,22.99,26.126,32.688,42.37,92.842,108.91,91.53,85.224,87.013,65.549,81.274,80.996,67.139,61.806,80.701,85.874,73.367,48.509,39.671,62.912,49.124,49.966,43.514,47.343,32.04,64.792,49.706,43.429,25.892,30.588,27.782,26.296,34.412,11.974,13.354,12.362,15.077,8.9586,11.677,14.674,71.241,69.997,68.166,68.765,61.447,58.08,36.558,46.551,21.998,13.277,15.367,34.725,54.874,68.685,72.202,67.262,75.376,78.1,78.881,82.499,81.416,80.894,81.194,82.469,78.734,82.935,82.555,83.101,80.909,78.868,85.46,82.879,84.684,86.199,86.836,81.105,79.529,81.108,81.524,79.523,77.302,80.269,89.579,91.331,98.201,95.913,93.08,97.332,96.241,96.926,95.994,103.72,110.11,107.64,116.48,113.36,117.93,137.04,139.86,143.24,167.8,169.84,119.96,70.921,91.166,92.614,102.21,106.79,110.4,108.98,108,109.16,86.089,82.491,55.612,69.206,90.918,110.74,118.76,174.01,180.18,174.84,169.42,165,177.42,166.64,158.56,168.09,110.23,94.926,120.4,87.397,104.15,93.961,149.31,166.92,150.36,137.66,145.88,159.29,150.06,118.28,160.05,166.01,162.96,168.84,83.142,77.677,70.751,84.725,91.793,107.11,151.02,190.96,184.63,62.558,61.193,51.015,50.731,49.236,39.231,17.76,46.884,25.369,30.522,19.688,9.0108,19.915,15.471,39.539,42.029,71.527,61.751,102.28,164,82.15,85.533,169.44,173.55,150,136.3,132.14,136.17,144.06,134.76,139.02,135.18,124.37,127.94,130.69,131.35,134.13,115.03,156,120.95,128.72,103.76,101.73,102.84,120.79,105.02,103.96,103.68,97.048,78.462,68.153,59.419,104.07,68.34,59.523,50.827,58.423,43.654,45.033,54.018,39.843,87.157,87.651,85.683,78.712,79.574,85.748,77.794,81.278,77.589,79.186,102.02,93.157,91.033,84.958,77.907,79.091,78.335,77.889,79.66,81.599,83.599,82.895,81.557,76.875,74.821,77.44,76.345,77.884,80.493,79.041,77.801,79.556,79.22,82.378,78,83.011,84.795,84.618,83.294,75.846,78.215,82.171
1982,8,110.32,93.664,94.706,86.045,67.47,75.607,64.227,28.69,26.659,22.237,24.078,23.881,22.252,18.429,20.292,22.119,69.89,59.952,54.091,37.805,93.005,90.503,69.815,63.825,53.33,36.04,26.939,26.672,17.242,11.243,5.8951,10.705,11.052,10.471,25.846,16.227,16.036,13.793,14.289,15.945,19.052,21.786,37.043,34.327,28.072,27.33,31.243,26.45,27.627,28.174,26.696,25.898,29.017,30.016,25.889,24.254,25.675,38.161,27.943,26.293,23.195,22.92,15.764,34.081,24.291,21.562,14.192,15.782,14.619,14.126,17.123,9.7715,11.566,13.298,10.298,7.4131,8.8101,10.046,56.666,53.809,55.128,56.14,49.293,38.983,23.244,25.212,17.751,10.112,13.908,26.735,42.632,56.894,58.379,43.46,52.296,54.14,52.938,50.622,49.248,48.856,50.006,54.807,52.228,60.349,56.585,56.923,56.645,56.067,80.214,84.108,80.234,76.675,74.846,60.75,59.957,63.03,61.379,57.893,59.039,60.688,65.993,73.913,76.431,79.902,79.313,75.678,77.543,80.29,80.686,81.519,88.343,89.868,94.035,94.138,94.785,109.36,110.58,104.86,128.78,135.01,88.042,41.066,93.211,89.082,84.43,81.566,82.648,81.953,82.418,79.175,55.419,53.195,27.978,35.184,46.705,60.165,59.235,71.177,73.699,69.376,68.693,68.299,72.525,70.253,76.221,72.59,83.465,79.199,72.842,72.749,64.75,65.782,68.556,72.888,75.537,77.122,90.28,89.446,80.157,81.906,107.81,128.29,127.16,131.74,110.99,109.43,102.89,93.755,92.187,93.324,85.338,77.176,73.15,110.65,110.31,107.56,100.66,89.965,67.657,28.259,81.628,41.987,48.321,37.623,21.32,34.837,26.109,42.099,40.207,52.423,82.99,88.471,67.955,46.838,43.148,66.668,67.095,56.271,50.077,49.946,52.725,60.189,48.778,61.385,47.838,43.024,37.759,41.291,41.788,44.239,36.191,72.825,79.046,57.078,81.512,79.605,61.136,48.438,56.796,58.29,56.498,38.055,59.248,33.904,27.227,31.359,24.143,31.298,27.65,23.402,23.246,27.58,35.441,25.092,73.543,75.028,78.792,80.824,80.638,84.468,85.347,88.091,75.632,80.029,96.627,95.638,90.311,85.123,96.873,90.94,82.253,65.331,77.548,59.09,54.417,54.158,55.681,80.682,81.801,82.36,78.285,80.82,81.949,81.012,59.992,63.237,53.135,53.074,52.078,52.954,53.024,53.029,51.584,50.546,50.887,51.244
1982,9,138.95,138.6,136.88,123.8,108.42,118.61,127.37,121.54,145.35,123.68,129.86,126.1,124.37,117.59,117.52,102.5,137.55,125.56,119.34,101.1,119.68,130.29,120.12,113.91,108.43,80.719,59.896,60.078,52.182,43.248,46.001,40.976,41.966,40.813,54.963,44.711,44.508,42.413,42.946,42.579,42.441,39.923,53.254,38.691,26.941,26.212,38.56,35.313,28.32,30.451,34.987,36.759,34.608,34.572,25.683,27.351,29.449,34.044,29.411,27.979,32.728,25.889,21.32,30.391,26.879,24.917,22.801,23.492,21.749,21.725,22.845,26.993,33.601,45.91,20.469,19.499,20.067,19.953,38.085,37.296,39.016,39.416,40.75,36.604,33.305,30.085,32.395,24.437,30.691,38.145,41.732,42.421,49.435,52.643,59.639,62.139,63.001,76.234,81.375,82.359,78.289,67.255,69.209,60.886,64.559,64.231,63.264,62.593,43.501,45.39,49.969,50.428,45.776,58.631,57.227,51.276,54.485,59.961,54.644,51.904,50.373,43.005,43.741,40.114,39.622,39.001,39.938,39.974,39.659,39.836,40.713,40.386,41.192,40.09,40.294,40.293,40.385,42.442,42.061,40.726,94.474,47.645,121.08,114.24,104.34,99.576,98.235,93.074,94.857,91.693,67.91,62.855,33.449,41.273,53.216,65.591,57.216,71.02,72.41,68.029,68.516,69.265,70.48,66.592,76.961,64.574,51.789,44.263,52.606,40.261,41.969,37.1,58.264,63.184,53.9,76.93,46.172,51.398,51.513,41.692,45.711,41.339,41.091,41.337,150.67,149.68,142.08,125.04,120.33,116.91,94.168,74.571,71.042,134.24,130.38,111.96,111.8,111.18,103.69,83.454,119.97,94.81,99.183,91.381,77.186,88.18,78.006,87.736,82.471,86.495,124.34,115.16,70.89,71.252,64.836,65.928,66.591,61.477,55.309,56.804,56.351,61.073,56.909,60.899,56.055,50.158,42.938,47.41,47.88,51.892,39.474,66.381,55.151,55.331,48.308,47.031,45.163,50.985,47.039,47.48,46.95,38.622,40.593,32.171,26.874,30.966,20.473,30.691,29.146,22.193,27,30.368,34.138,29.177,40.662,41.011,42.698,43.473,43.415,44.71,44.468,45.205,49.427,50.207,48.731,46.957,46.081,44.369,44.022,44.483,49.061,56.638,50.155,61.065,62.31,59.733,60.203,42.793,43.061,43.699,42.448,43.589,45.175,46.92,57.346,56.434,60.713,59.599,61.4,59.714,63.846,62.095,70.664,62.768,65.301,71.583
1982,10,62.743,55.862,53.898,45.631,38.178,43.856,44.935,31.517,34.227,29.988,31.301,30.668,32.243,34.098,32.456,36.182,54.413,49.959,45.342,38.495,53.745,54.016,49.692,49.103,44.537,39.409,29.341,30.552,40.553,51.795,54.75,60.325,50.924,51.919,35.524,41.949,40.771,40.728,42.681,42.065,38.438,31.051,43.552,32.525,18.995,16.142,27.299,21.076,15.886,16.419,20.219,22.971,18.432,18.134,13.335,15.728,18.926,21.279,19.132,18.502,21.053,17.275,15.119,18.019,16.321,15.473,13.98,14.649,13.316,13.501,15.308,17.379,18.99,23.234,12.541,12.338,12.543,12.453,20.082,19.597,20.245,20.361,20.843,19.348,17.984,17.096,17.92,14.874,17.416,20.067,21.278,20.405,22.092,22.152,23.952,24.477,24.467,28.06,29.433,29.716,28.686,26.167,26.63,25.221,25.85,25.802,25.569,25.389,21.601,22.368,23.938,24.017,22.381,24.702,24.56,23.815,24.337,25.016,24.391,23.978,23.848,21.199,21.564,19.917,19.727,19.47,19.841,19.86,19.735,19.784,20.12,20.019,20.31,20.168,20.328,21.947,22.243,24.178,25.446,24.758,74.893,27.497,65.056,68.902,77.215,83.963,81.055,69.698,70.265,70.361,48.703,41.452,18.602,23.782,32.566,43.915,35.673,60.132,60.447,57.131,56.541,56.667,54.106,50.085,47.992,40.724,29.749,23.291,33.669,20.549,23.621,19.18,37.926,40.918,33.339,50.058,28.234,32.439,31.751,22.452,28.841,25.355,25.19,25.278,67.189,60.282,59.314,69.754,67.627,63.4,64.116,62.89,60.848,66.215,62.39,46.085,48.348,51.903,54.351,56.177,62.668,54.924,55.239,54.15,54.045,55.524,53.113,58.638,55.909,58.662,57.374,59.493,58.967,53.016,46.138,49.89,53.465,42.597,33.744,33.424,32.464,31.1,33.398,29.916,33.667,36.14,37.492,35.689,35.09,34.561,27.088,50.838,33.043,35.17,25.202,23.619,22.366,29.245,24.968,26.051,28.149,23.027,23.057,18.111,14.529,24.097,10.87,17.358,16.836,11.648,15.965,18.523,21.052,18.521,20.483,20.54,21.305,21.377,21.338,22.167,22.067,22.424,22.963,23.517,24.852,23.901,23.284,22.202,22.474,22.359,23.341,24.187,23.357,24.675,24.25,23.41,23.851,21.385,21.532,21.863,21.276,21.615,22.16,22.586,23.818,23.822,23.724,23.231,23.824,23.226,24.461,23.922,26.418,24.087,24.844,26.709
1982,11,88.177,109.75,138.4,107.13,92.886,109.51,76.738,49.043,52.135,44.523,47.185,46.163,47.75,47.881,47.09,45.703,61.592,50.718,47.399,41.215,48.09,59.431,48.638,46.179,49.827,34.273,24.437,25.803,36.378,43.39,48.974,46.802,41.979,46.569,28.515,39.28,39.246,42.979,42.494,41.639,37.523,30.617,20.414,15.953,9.2574,7.6452,13.988,14.748,7.9777,9.3033,16.337,20.581,13.875,13.131,5.6186,7.1846,9.0158,10.011,9.1271,8.8682,10.03,8.3136,7.4011,8.3635,7.6299,7.2737,6.512,6.893,6.1578,6.2958,7.3802,8.3867,8.9503,10.828,5.7663,5.7522,5.8257,5.7675,8.9147,8.6727,8.9397,8.9754,9.2235,8.6473,8.171,7.8351,8.2656,6.9965,8.1144,9.133,9.4922,8.7033,9.2833,9.2862,9.984,10.181,10.14,12.046,12.767,12.916,12.387,11.084,11.358,10.677,10.965,10.94,10.842,10.767,9.3367,9.6748,10.366,10.398,9.6724,10.443,10.447,10.293,10.447,10.627,10.511,10.385,10.359,9.1156,9.2895,8.5214,8.448,8.3426,8.4891,8.4979,8.4483,8.4616,8.5905,8.5605,8.6668,8.7149,8.8073,9.9046,10.08,11.028,11.746,11.558,35.119,15.661,27.236,28.657,31.354,32.932,32.931,32.263,32.023,31.299,24.582,22.604,9.4279,12.406,16.764,21.501,17.324,35.978,38.295,32.499,30.592,29.495,29.779,24.887,21.676,18.132,14.667,10.385,15.585,8.9657,10.774,8.385,17.125,18.43,15.414,22.588,13.231,14.932,14.409,10.069,13.371,11.883,11.817,11.775,48.797,43.978,37.737,33.777,29.683,29.097,36.734,46.603,39.577,62.817,58.364,38.7,41.18,44.847,47.221,49.179,57.012,46.763,46.438,47.117,45.497,48.263,42.94,49.17,46.437,47.799,44.92,40.639,39.854,38.328,26.039,30.323,31.715,22.667,15.453,16.228,14.686,14.285,16.379,13.427,16.263,16.086,16.328,15.893,15.717,16.143,12.654,25.886,15.181,17.976,11.258,10.373,9.7757,14.338,11.291,11.861,12.928,11.422,10.556,8.2601,6.3437,11.521,4.4017,7.9135,7.7348,4.7424,7.3886,8.7063,9.8902,8.8021,8.8714,8.8687,9.2162,9.1841,9.161,9.5973,9.5614,9.725,9.7769,10.078,10.984,10.527,10.214,9.6591,9.8611,9.7479,10.042,10.188,9.9829,10.312,9.9791,9.5121,9.8018,9.2658,9.3415,9.5023,9.2314,9.3425,9.5617,9.7036,9.9259,9.9516,9.7186,9.4008,9.7724,9.3882,10.063,9.7614,11.152,9.9207,10.324,11.321
1982,12,28.725,28.957,30.227,29.355,26.769,27.661,25.028,18.658,19.27,17.443,18.076,17.818,18.296,18.496,18.222,18.351,24.219,21.263,19.892,17.526,21.643,24.09,20.917,19.912,21.797,15.306,11.698,12.234,16.03,18.717,20.73,20.112,18.192,20.06,13.258,17.179,17.175,18.68,18.439,17.905,16.267,13.974,8.6661,6.5973,3.467,2.8808,5.8493,7.3322,3.4071,4.4341,8.3085,10.191,7.1615,6.7737,2.1145,2.6696,3.3501,3.7198,3.3914,3.2952,3.727,3.0891,2.7501,3.1077,2.8351,2.7027,2.4197,2.5613,2.2881,2.3394,2.7423,3.1163,3.3257,4.0233,2.1426,2.1374,2.1647,2.1431,3.3125,3.2226,3.3218,3.3351,3.4272,3.2131,3.0362,2.9113,3.0713,2.5997,3.0151,3.3936,3.5271,3.2339,3.4495,3.4505,3.7098,3.7832,3.7677,4.4761,4.7438,4.7994,4.6026,4.1185,4.2204,3.9672,4.0743,4.0652,4.0285,4.0009,3.4693,3.5949,3.8518,3.8635,3.594,3.8804,3.8819,3.8248,3.8818,3.9487,3.9058,3.8587,3.8492,3.3872,3.4518,3.1663,3.1391,3.0999,3.1543,3.1576,3.1392,3.1441,3.192,3.1809,3.2204,3.2383,3.2726,3.6803,3.7455,4.0979,4.3654,4.3407,15.57,7.165,11.369,12.169,13.57,14.314,14.382,14.304,14.163,13.795,10.956,10.236,4.0041,5.3275,7.2194,9.297,7.1726,16.035,16.859,14.674,13.837,13.306,13.498,11.04,8.9121,6.9891,6.2841,3.891,6.0324,3.3315,4.0033,3.1157,6.5983,7.2331,5.9497,9.4078,5.0902,5.6968,5.3592,3.7412,5.0575,4.5014,4.4792,4.4177,20.163,18.703,16.684,14.976,12.853,12.686,16.313,19.358,17.284,26.827,25.656,19.54,19.888,20.375,20.154,19.775,23.113,19.202,19.145,19.357,18.796,19.616,18.122,19.868,19.124,19.558,18.87,17.654,17.351,16.789,11.92,13.836,14.385,10.193,5.891,6.6502,5.457,5.4771,6.7807,4.9891,6.633,6.0172,6.0767,5.9371,5.8804,6.3645,4.7018,11.593,5.8059,7.7613,4.1834,3.8545,3.6324,5.856,4.1953,4.4073,4.8037,4.6343,3.9225,3.0693,2.3572,4.2811,1.6356,2.9405,2.8741,1.7622,2.7454,3.235,3.675,3.2707,3.2964,3.2954,3.4245,3.4126,3.404,3.5661,3.5528,3.6136,3.6329,3.7446,4.0816,3.9118,3.7952,3.5891,3.6642,3.6221,3.7313,3.7858,3.7094,3.8315,3.708,3.5345,3.6421,3.443,3.4711,3.5308,3.4302,3.4715,3.5529,3.6056,3.6882,3.6978,3.6112,3.4931,3.6312,3.4884,3.7391,3.6271,4.144,3.6863,3.8362,4.2068
1983,1,16.627,12.772,12.325,12.023,10.844,10.637,11.251,7.0505,7.1604,6.4911,6.7167,6.6209,6.7983,6.8727,6.7846,7.6054,25.9,25.194,25.858,11.751,9.7146,12.015,13.177,10.333,46.45,11.133,11.71,17.745,20.979,19.51,12.163,34.668,16.903,19.124,19.551,28.944,24.992,16.795,20.003,16.667,11.553,5.1926,3.2201,3.3107,1.2883,1.0704,3.4405,2.7245,1.266,1.6476,3.0873,3.7868,2.661,2.517,0.7857,0.99197,1.2448,1.3822,1.2602,1.2244,1.3849,1.1479,1.0219,1.1547,1.0534,1.0043,0.89911,0.95172,0.85021,0.86926,1.019,1.1579,1.2358,1.495,0.79615,0.7942,0.80435,0.79631,1.2308,1.1974,1.2343,1.2392,1.2735,1.1939,1.1282,1.0818,1.1412,0.96599,1.1204,1.261,1.3106,1.2017,1.2817,1.2821,1.3785,1.4057,1.4,1.6632,1.7627,1.7833,1.7102,1.5303,1.5682,1.4741,1.5139,1.5105,1.4969,1.4866,1.569,1.3358,1.4328,2.0805,3.3532,1.4419,1.4424,1.4578,1.4424,1.4672,1.4513,1.4338,1.4303,2.1251,1.2826,1.1765,1.1664,2.8586,2.1453,1.1733,1.1664,2.6644,1.1861,1.1819,1.1966,1.2033,1.216,1.3675,1.3917,2.6181,1.6221,1.6129,5.7853,2.8202,4.2244,4.5217,5.0424,5.3188,5.3441,5.3368,5.2627,5.1258,4.0711,3.8036,1.4878,1.9796,6.1425,7.4431,9.706,6.4595,10.763,10.112,8.4305,6.8318,29.947,22.936,59.825,63.698,16.466,12.459,9.8833,7.6233,4.6735,4.323,27.771,51.985,18.099,25.884,3.5693,25.019,34.242,5.5617,2.1674,1.6726,1.6644,1.6415,7.4922,6.9495,6.1993,5.5647,4.7759,4.7136,6.0615,7.1939,6.4224,11.537,11.047,8.5121,8.4866,8.4275,7.9424,7.355,9.276,7.1349,7.114,7.2552,6.9843,7.326,6.7337,7.3824,7.1059,7.2672,7.0115,6.5597,6.4471,6.2386,4.4291,5.1412,5.3452,3.7873,2.1889,2.4711,2.0277,2.0352,2.5195,1.8538,2.4647,2.2358,2.258,2.2061,2.185,2.3649,1.7471,4.5137,3.949,2.8839,4.8441,1.4322,1.3497,2.176,1.5589,1.6376,1.7849,1.722,1.4575,1.1405,0.87587,1.5907,0.60774,1.0926,1.0679,0.65477,1.0201,1.2021,1.3739,1.2153,4.7136,2.8065,3.8135,1.268,1.2649,2.7716,1.3201,1.3427,1.3499,1.3914,5.1953,1.6574,1.4102,1.3336,1.3615,1.3459,1.3865,1.4067,1.3783,1.4237,1.3778,1.3133,1.3533,1.2793,1.2898,1.312,1.2746,1.2899,1.3202,1.3398,1.3705,1.374,1.3418,1.298,1.3493,1.2962,1.3894,1.3477,1.5398,1.3697,1.4254,1.5631
1983,2,206.91,138.55,194.58,223.16,169.76,174.03,122.59,72.663,116.67,62.138,76.455,71.398,70.026,58.646,61.627,67.992,95.888,89.306,101.12,72.246,159.82,124.67,101.59,96.313,134.7,81.509,70.109,78.954,63.413,45.739,27.422,54.959,42.667,46.514,73.669,77.081,72.25,57.632,59.826,50.742,38.582,11.27,11.15,28.125,5.0037,6.0505,33.918,21.399,9.3638,5.9206,11.752,7.8994,1.3571,1.2083,1.7128,0.7886,0.46254,1.5579,0.46825,0.45497,0.51458,0.42652,0.3797,1.3034,0.39144,0.37317,0.33409,0.35364,0.31592,0.32299,0.37863,0.43026,0.45918,0.55549,0.29583,0.29511,0.29888,0.29589,0.63463,1.0257,0.46044,0.57678,0.4732,0.44364,0.4192,0.40197,0.42405,0.35894,0.4163,0.46856,0.48698,0.44651,0.47627,0.47641,0.51221,0.52234,0.5202,0.61801,0.65498,0.66265,0.63548,0.56864,0.58271,0.54775,0.56253,0.63378,0.55621,0.5524,0.74824,0.49635,0.53329,1.1443,2.3517,0.54471,0.53597,0.56391,0.53596,0.5452,0.53927,0.53277,0.53146,1.2694,0.47658,0.43717,0.43341,1.9295,1.33,0.43597,0.43342,1.8013,0.44072,0.43918,0.44463,0.44711,0.45184,0.50814,0.51713,1.5651,0.60273,0.59931,48.605,11.464,1.9953,2.6168,10.851,21.727,39.401,90.572,78.468,56.62,24.365,24.072,4.214,4.7974,20.796,23.867,14.464,5.5609,13.691,8.4665,5.9764,4.5327,18.173,12.825,24.921,22.057,15.816,9.3895,7.4296,5.2391,3.1451,3.0084,12.424,19.274,9.6761,26.427,2.1813,11.441,13.563,3.7582,0.97535,0.6215,0.61845,0.60995,4.6188,3.7935,2.3035,2.0677,1.7746,1.7515,2.3756,2.6731,2.7214,142.12,140.3,137.68,162.79,166.6,135.15,67.459,98.464,59.036,51.064,69.316,40.493,71.789,37.666,9.1241,43.704,8.6549,20.559,2.4374,2.3956,7.1067,22.848,1.9103,1.9862,1.4073,5.1377,0.91827,0.86145,9.2406,3.2608,0.68884,2.5013,0.83372,0.8406,0.81973,0.85553,2.0033,3.9203,2.6352,3.8302,2.1742,5.6807,0.96757,3.8519,5.6416,1.6813,1.1478,6.0954,22.593,1.2098,19.489,2.5856,5.9991,2.6767,4.8557,0.50108,2.9119,0.55213,1.4422,16.65,0.45158,3.2542,1.8567,2.6353,0.47118,0.46999,1.8043,0.49053,0.49892,0.50159,0.51702,3.498,0.87768,0.524,1.1438,3.5991,2.117,0.51518,0.5227,0.51216,0.52902,0.51196,0.488,0.50286,0.47537,0.47925,0.4875,0.4736,0.4793,0.49055,0.49783,0.50923,0.51055,0.4986,0.48229,0.50135,0.48165,0.51626,0.50079,0.57216,0.50896,0.52966,0.58082
1983,3,43.12,32.086,40.421,49.809,40.224,36.229,27.906,22.648,33.66,21.234,24.673,23.253,23.221,20.818,21.119,20.747,24.691,23.553,24.88,20.263,38.021,30.667,25.548,24.38,28.934,21.037,19.924,21.563,20.05,17.143,12.443,19.804,16.362,17.282,21.17,22.49,21.594,18.932,19.568,18.094,15.678,6.8435,6.7029,12.99,3.6399,4.2746,13.498,10.867,6.2639,4.5663,7.9884,5.5457,0.7197,0.63651,1.3794,0.53715,0.17187,1.1465,0.17399,0.16906,0.19121,0.15848,0.14109,0.96809,0.14545,0.13866,0.12414,0.1314,0.11739,0.12002,0.14069,0.15988,0.17062,0.20641,0.10992,0.10965,0.11106,0.10995,0.3417,0.71274,0.17219,0.28427,0.17583,0.16485,0.15577,0.14936,0.15757,0.13337,0.15469,0.1741,0.18095,0.16591,0.17697,0.17702,0.19033,0.19409,0.19329,0.22964,0.24338,0.24623,0.23613,0.21129,0.21652,0.20353,0.20902,0.27933,0.20668,0.20526,0.27803,0.18443,0.19816,0.42854,0.94067,0.20785,0.19916,0.20954,0.19915,0.20258,0.20038,0.19796,0.19748,0.4717,0.17709,0.16244,0.16105,0.71694,0.49421,0.162,0.16105,0.69052,0.16376,0.16319,0.16522,0.16613,0.16789,0.18881,0.19215,0.58154,0.22396,0.22269,16.042,6.8422,2.101,1.5131,6.5166,10.464,14.492,21.113,20.21,17.113,11.151,11.063,3.1176,3.4453,10.298,11.282,7.8233,3.3727,7.4942,4.4605,2.9556,2.2555,8.6849,5.6894,11.524,9.8177,8.1362,4.5329,3.5013,2.0937,1.1687,1.1178,4.7922,8.3807,3.7899,12.474,0.81054,4.2832,5.0764,1.3965,0.36242,0.23094,0.2298,0.22664,2.6369,2.0566,0.85593,0.76831,0.65941,0.65081,0.95676,0.99326,1.2077,38.464,39.012,43.331,43.896,40.864,33.711,20.491,28.994,19.247,17.67,20.965,15.23,21.511,14.6,5.548,15.843,5.2992,10.158,0.9057,0.89015,4.4837,10.754,0.70984,0.73801,0.52291,3.6398,0.34125,0.38512,5.871,2.3244,0.25596,1.7448,0.31158,0.31331,0.30459,0.34436,1.3505,2.8919,1.4433,2.1836,1.4035,3.266,0.61216,2.8909,3.9496,1.2201,0.73585,4.2475,10.586,0.8275,9.6852,2.0492,4.2068,2.1539,3.5664,0.24898,2.3189,0.30858,1.0797,8.797,0.1678,1.2101,0.68992,0.99526,0.17508,0.17464,0.6826,0.18227,0.18539,0.18638,0.19211,1.3063,0.41033,0.1947,0.79249,2.7164,1.6156,0.19143,0.19422,0.19031,0.19657,0.19023,0.18133,0.18685,0.17664,0.17808,0.18114,0.17598,0.1781,0.18228,0.18498,0.18922,0.18971,0.18527,0.17921,0.18629,0.17897,0.19183,0.18608,0.2126,0.18912,0.19681,0.21582
1983,4,23.187,24.009,23.18,37.837,31.484,24.982,35.138,23.581,38.868,21.423,26.332,23.81,23.268,19.349,19.477,18.872,52.485,50.96,55.784,31.441,25.446,33.092,39.628,34.556,81.256,27.973,27.651,28.846,11.073,6.3701,4.6237,7.4349,6.0796,6.4388,17.638,8.747,8.0903,7.0834,7.3291,6.9019,6.1516,2.6351,2.4906,12.359,1.3525,1.5884,13.083,7.2849,4.0743,5.5841,7.2064,4.294,4.1108,6.1582,0.51255,0.19959,0.063863,0.42601,0.064651,0.062817,0.071048,0.058889,0.052425,0.35972,0.054045,0.051523,0.046127,0.048826,0.043619,0.044596,0.052277,0.059406,0.063399,0.076696,0.040845,0.040745,0.041266,0.040854,0.12697,0.26484,0.063982,0.10563,0.065334,0.061253,0.057879,0.055499,0.058549,0.049559,0.057478,0.064693,0.067237,0.061649,0.065758,0.065778,0.070721,0.072119,0.071824,0.085328,0.090432,0.091492,0.08774,0.078512,0.080454,0.075627,0.077669,0.10379,0.076796,0.076269,0.10676,0.068531,0.073631,0.18015,3.6827,0.077233,0.074001,0.98145,0.35666,0.075275,0.074456,0.073559,0.073378,5.6032,0.084286,0.06036,0.059841,10.512,7.6914,0.060194,0.059842,8.8379,0.8408,0.060637,0.12096,0.061731,0.062386,0.070158,0.0714,0.21609,0.083219,0.082747,5.9607,2.5424,15.621,4.683,2.4214,3.8882,5.3847,8.5651,8.2,6.3647,4.1435,4.1107,1.1584,1.2802,3.8264,4.1922,2.907,5.5867,11.871,6.2432,4.565,4.8039,10.533,6.8236,6.7295,3.648,11.403,7.8831,9.2651,8.0741,1.6291,9.941,1.7807,3.1141,1.4083,4.6349,0.30118,1.5915,1.8863,1.4225,0.13467,0.08581,0.085388,0.084215,0.97982,0.76418,0.31804,0.28549,0.24502,2.6421,2.7286,0.36907,0.44877,20.306,20.596,22.959,23.198,21.708,18.142,9.4589,15.675,9.0179,7.9099,11.1,5.9478,10.35,5.6641,2.0615,6.3813,1.9691,3.7743,0.33654,0.33076,1.666,3.996,0.26376,0.27423,0.1943,6.7866,0.1268,0.28336,20.942,4.2594,0.095107,2.4779,0.11578,0.11642,0.11318,0.12795,0.69774,1.0746,2.4444,2.1537,1.7584,1.9483,0.22746,3.8517,7.6022,0.64158,0.27342,4.5268,16.458,0.30748,9.2436,0.76145,1.5631,0.80034,1.3252,0.092516,0.86165,0.11466,0.40119,9.1863,0.062349,6.5765,3.934,2.3238,0.065055,0.064891,0.27419,0.067728,0.068886,0.069254,0.071385,0.48539,0.15247,0.072348,0.29447,1.0093,0.60033,0.071131,0.072168,0.070713,0.073041,0.070686,0.067378,0.06943,0.065633,0.066169,0.067308,0.06539,0.066177,0.067729,0.068735,0.070309,0.070491,0.068841,0.06659,0.069222,0.066501,0.07128,0.069144,0.078997,0.070272,0.07313,0.080194
1983,5,124.54,151.47,174.74,173.71,192.35,187.89,164.69,223.45,244.53,235.21,237.84,236.01,224.99,206.31,214.07,170.35,107.01,101.71,118,127.52,90.75,108.5,98.182,92.282,111.21,85.118,88.805,88.399,67.056,32.112,31.314,27.797,30.174,17.09,75.449,48.424,42.117,22.218,25.018,22.994,26.676,18.936,13.139,47.854,6.2819,5.948,51.479,30.44,13.617,15.767,23.399,20.577,14.504,15.437,1.0104,0.074163,0.02373,0.1583,0.024023,0.023341,0.0264,0.021882,0.01948,0.13366,0.020082,0.019145,0.01714,0.018143,0.016208,0.016571,0.019425,0.022074,0.023558,0.028499,0.015177,0.01514,0.015333,0.01518,0.047178,0.098408,0.023774,0.039249,0.024276,0.02276,0.021506,0.020622,0.021755,0.018415,0.021357,0.024038,0.024984,0.022907,0.024434,0.024441,0.026278,0.026798,0.026688,0.031706,0.033603,0.033996,0.032602,0.029173,0.029895,0.028101,0.02886,0.038566,0.028536,0.02834,0.041771,0.025464,0.027359,0.079654,3.1721,0.028698,0.027497,0.8631,0.29935,0.02797,0.027666,0.027333,0.027266,5.8476,0.042563,0.022429,0.022235,11.445,8.4543,0.022367,0.022236,9.6966,0.99868,0.022531,0.081005,0.022938,0.023181,0.026069,0.026531,0.080293,0.030922,0.030747,2.2149,0.9447,70.925,43.308,8.6187,1.4448,2.2157,8.5943,9.4221,3.4818,1.5396,1.5274,0.43044,0.47569,1.4218,1.5577,1.0802,24.815,31.383,20.477,18.824,20.769,21.699,15.727,11.111,1.3555,11.214,7.4708,15.652,8.3268,3.6583,12.69,0.66165,1.1571,0.52327,2.8281,0.11191,0.59138,0.7009,1.7866,0.050038,0.031885,0.031728,0.031292,15.622,19.167,6.0447,3.7439,29.253,54.532,37.339,2.2366,9.3311,93.348,92.611,90.952,88.296,82.617,70.942,45.63,74.841,47.117,45.021,54.093,36.568,49.895,35.408,11.378,33.005,8.8602,34.313,3.4489,0.1229,6.4321,19.252,0.098007,0.13551,1.002,27.109,5.2426,12.54,35.187,16.871,5.7946,14.677,5.4241,5.4029,4.6312,6.2183,12.203,9.2925,14.13,3.8539,5.8541,1.1366,0.08452,2.7413,13.149,0.40911,0.14047,7.005,18.72,0.11425,8.7394,0.28294,10.643,0.29739,0.49241,0.034377,0.32017,0.042606,0.14907,6.2446,0.023167,6.8684,4.211,1.9187,0.024173,0.024112,0.11438,0.025166,0.025596,0.025733,0.026525,0.18036,0.056654,0.026883,0.10942,0.37505,0.22307,0.02643,0.026816,0.026275,0.02714,0.026265,0.025036,0.025799,0.024388,0.024587,0.02501,0.024297,0.02459,0.025167,0.02554,0.026125,0.026193,0.02558,0.024743,0.025721,0.02471,0.026486,0.025692,0.029354,0.026112,0.027173,0.029798
1983,6,50.146,46.589,58.431,58.06,60.146,58.697,43.013,43.904,50.349,43.701,46,45.057,43.902,40.363,41.291,34.745,29.127,27.534,29.884,30.007,33.82,34.8,28.435,27.281,29.766,24.69,24.409,24.424,19.797,13.115,12.842,12.172,12.668,9.0034,22.404,16.419,15.238,10.659,11.453,10.878,12.188,10.717,11.335,25.266,7.7252,7.4398,23.664,16.86,12.424,13.39,14.995,13.252,12.442,13.27,1.7061,0.027557,0.0088175,0.058819,0.0089263,0.0086731,0.0098095,0.0081307,0.0072383,0.049666,0.007462,0.0071137,0.0063688,0.0067414,0.0060224,0.0061573,0.0072179,0.0082022,0.0087534,0.010589,0.0056394,0.0056256,0.0056976,0.0056406,0.01753,0.036566,0.0088339,0.014584,0.0090206,0.0084571,0.0079913,0.0076627,0.0080838,0.0068425,0.0079359,0.0089321,0.0092834,0.0085118,0.0090791,0.0090819,0.0097644,0.0099574,0.0099166,0.011781,0.012486,0.012632,0.012114,0.01084,0.011108,4.0604,1.7519,5.0197,0.21705,0.01053,20.502,6.0517,5.462,17.619,37.198,8.5226,5.3768,34.608,25.936,0.87245,2.5351,22.509,6.0492,51.264,36.957,23.974,4.56,60.138,57.573,22.822,6.9946,58.795,45.673,1.3862,38.417,0.090831,19.687,0.0096867,0.0098582,0.21738,0.01149,0.011425,2.7788,0.47591,47.486,36.735,14.996,1.14,2.666,11.172,12.579,5.2477,0.57208,0.56756,0.15994,0.17676,1.0043,0.57882,0.40136,27.646,31.938,24.708,23.477,24.093,27.269,23.18,21.561,0.50368,25.863,29.685,31.279,39.184,34.976,54.944,4.7737,0.42996,0.19444,8.5969,0.041583,0.21974,3.7672,31.595,0.018593,0.011848,0.01179,0.011628,31.106,30.529,17.571,12.759,33.938,45.205,38.651,13.715,20.887,46.77,44.308,34.113,33.766,32.752,28.087,18.452,35.462,20.444,21.142,20.276,15.807,19.893,15.93,9.9826,17.003,9.9843,27.456,13.594,0.045668,7.3592,14.362,1.3418,4.2672,6.7605,24.821,13.135,17.497,29.583,22.792,13.016,21.577,9.2352,9.0156,9.6468,11.78,19.085,13.47,21.761,14.532,12.386,8.4523,0.031406,2.7153,17.793,5.2203,7.876,16.037,17.987,0.042453,7.2074,0.10513,11.712,0.1105,0.18297,0.012774,0.11897,0.015831,0.055392,3.1818,0.0086085,43.04,41.979,29.564,5.037,10.912,13.89,0.0093511,0.009511,0.0095618,0.009856,0.067017,0.021051,0.009989,0.040657,0.13936,0.082887,0.0098209,0.0099642,0.0097633,0.010085,0.0097596,0.0093029,0.0095861,0.009062,0.0091359,0.0092932,0.34968,0.1317,0.0093513,0.0094901,0.0097075,0.0097327,0.0095048,0.009194,0.0095574,0.0091817,0.0098415,0.0095467,0.010907,0.0097024,0.010097,0.011072
1983,7,105.27,84.716,77.187,65.534,68.415,74.894,71.545,74.994,88.511,77.416,80.839,78.941,76.176,69.465,70.949,61.278,62.312,61.539,65.242,65.554,100.57,87.15,75.273,76.703,67.029,70.868,68.685,66.025,40.497,20.312,16.851,12.003,20.361,18.96,56.15,39.235,40.342,38.599,34.942,31.021,30.036,27.625,42.111,40.096,23.459,22.542,44.689,37.703,25.834,26.02,31.142,29.102,25.689,24.671,15.178,0.01024,0.0032764,0.021856,0.0033168,0.0032227,0.003645,0.0030212,0.0026896,0.018455,0.0027727,0.0026433,0.0023665,0.0025049,0.0022378,0.0022879,0.002682,0.0030477,0.0032526,0.0039348,0.0020955,0.0020904,0.0021171,0.0020959,0.0065138,0.013587,0.0032825,0.0054191,0.0033518,0.0031425,0.0029694,0.0028473,0.0030037,0.0025425,0.0029488,0.003319,0.0034495,0.0031628,0.0033736,0.0033746,0.0036282,0.0036999,0.0036848,0.0043776,0.0046395,0.0046938,0.0045014,0.0040279,0.0041276,5.121,2.5269,5.6188,0.444,0.0039129,16.068,7.5556,6.4587,13.417,21.853,8.6493,6.9818,22.456,18.367,1.7631,5.5754,18.825,11.225,29.086,26.037,23.124,11.914,33.274,32.199,22.611,13.937,31.889,27.397,6.0581,24.629,3.3718,21.102,2.4636,3.7089,12.966,0.0042694,0.0042452,96.534,25.926,38.758,49.728,71.183,78.544,77.545,58.556,59.013,59.886,25.572,26.587,3.6465,3.0526,16.553,19.276,8.2096,56.198,56.02,54.92,53.732,54.176,50.525,48.091,38.576,12.296,19.214,17.523,31.411,21.957,31.476,33.872,28.25,15.482,0.9052,37.038,0.015451,6.0574,24.657,29.837,0.0069088,0.0044024,0.0043807,0.0043205,186.01,185.68,160.42,114.09,64.672,40.399,45.736,51.459,55.723,114.53,113.89,109.58,108.15,105.75,98.737,84.116,110.43,100.86,107.29,83.808,78.944,86.131,79.341,89.94,82.045,85.726,142.11,104.68,32.045,58.294,52.531,36.257,42.911,34.28,35.323,29.273,32.947,38.958,34.346,32.015,34.457,29.82,28.194,29.076,30.545,34.059,29.521,45.426,19.303,26.581,7.5495,0.01167,7.8327,26.278,14.431,16.602,19.133,22.516,0.015775,9.5401,0.039065,27.392,3.7829,0.067987,0.0047464,0.52748,0.0058825,0.020582,1.9555,0.0031987,24.561,24.793,18.137,7.0072,10.848,10.883,0.0034746,0.0073245,0.003553,0.0036623,0.024902,0.0078222,0.0037117,0.015107,0.051783,0.030799,0.0036492,0.0037025,0.0036278,0.0037473,0.0036264,0.0034567,0.003562,0.37454,0.0033947,0.0034531,1.56,1.202,0.0034747,0.0035263,0.0036071,0.0036164,0.0035318,0.0034163,0.0035513,0.0034117,0.0036569,0.0035473,0.0040528,0.0036052,0.0037518,0.0041142
1983,8,38.308,34.316,32.971,29.354,29.139,31.288,30.246,27.827,31.168,27.852,28.933,28.395,28.942,29.038,28.399,29.556,30.108,31.122,31.701,32.547,38.896,34.948,34.429,36.287,34.424,41.983,41.216,40.959,37.036,32.426,27.869,28.796,33.082,31.415,44.456,37.835,37.616,35.981,35.973,37.078,40.222,45.228,79.811,88.78,86.603,85.852,76.115,63.898,78.902,71.935,60.116,54.749,59.476,59.809,79.147,26.924,0.0012174,29.578,0.0012324,0.0011975,0.0013544,0.0011226,0.00099939,20.993,0.49237,0.00098219,0.00087933,0.00093078,0.13306,0.00085013,0.00099657,0.0011325,0.0012086,0.30053,0.00077863,0.00077673,0.00078666,0.0007788,58.883,59.118,54.782,62.745,44.578,30.592,5.433,5.1565,0.0011161,0.00094474,0.0010957,3.1783,26.258,45.667,36.628,23.887,36.584,39.771,37.32,77.422,84.154,85.201,77.167,82.871,69.818,119.94,115.97,119.35,111.89,99.099,116.49,111.44,107.71,113.09,124.66,125.18,124.66,139.37,134.58,116.77,125.83,136.32,128.89,141.31,138.72,139.33,132.52,142.27,143.95,138.07,132.22,138.8,133.76,119.42,128.26,112.18,125.23,106.64,108.51,113.01,73.923,58.568,104.05,84.229,48.539,64.619,90.657,103.89,104.14,98.698,96.03,98.589,89.673,87.907,67.411,65.507,78.807,80.452,70.111,141.55,133.37,138.24,137.52,140.17,115.15,120.32,74.211,64.282,91.679,90.902,113.4,108.59,122.09,134.92,95.759,73.448,57.662,78.813,53.659,78.122,95.102,121.81,51.952,55.09,37.77,60.287,41.912,39.946,43.114,64.01,61.449,54.848,91.91,129.75,142.58,39.99,39.626,37.368,38.766,40.968,44.347,50.531,43.075,47.751,48.194,47.388,51.91,49.187,53.721,64.978,63.833,76.335,46.748,65.07,125.18,90.749,83.739,130.84,139.88,118.56,102.57,102.44,105.1,112.16,102.58,112.36,102.37,94.99,92.275,96.225,97.506,100.16,100.19,134.14,97.473,108.54,69.927,56.556,97.658,100.67,100.18,97.413,99.149,102.84,73.465,89.146,62.612,95.856,87.047,64.692,27.086,69.752,17.561,23.134,64.176,3.099,121.62,126.81,111.34,114.27,115.82,100.76,86.88,102.34,76.426,78.326,38.5,52.946,46.459,71.081,87.902,85.064,69.747,46.427,66.402,54.849,52.534,43.936,44.869,78.839,61.187,71.199,83.609,89.533,79.821,65.069,42.966,49.138,33.922,39.788,29.942,41.525,56.92,51.953,64.103,24.243,32.993,60.785
1983,9,31.763,24.86,16.629,14.113,14.82,17.267,26.824,25.916,31.407,26.89,28.081,27.196,28.75,30.469,28.704,32.778,40.552,43.399,41.98,39.494,45.525,39.859,44.793,46.926,44.611,50.325,46.606,46.395,43.365,42.14,39.148,39.346,42.296,49.062,53.861,51.808,53.06,60.09,56.387,56.877,56.633,60.482,84.278,88.708,87.516,86.674,78.799,72.956,81.877,76.919,71.014,66.979,68.299,67.559,83.424,76.258,26.768,70.128,31.507,21.835,7.4135,10.299,4.1681,63.154,35.355,24.045,28.601,25.274,32.339,27.045,9.6115,5.0866,18.257,22.884,26.858,19.058,21.576,23.402,77.468,77.608,74.999,76.538,70.641,66.429,45.897,46.961,27.002,19.649,19.943,41.114,62.367,69.203,58.231,44.924,48.916,48.937,45.343,52.117,52.696,52.913,52.656,64.097,62.401,91.795,80.844,82.599,83.006,82.379,149.99,141.89,125.4,126.61,145.96,101.07,106.9,141.03,124.02,94.478,120.31,135.62,126.42,160.97,149.39,163.09,159.55,168.2,169.15,161.23,156.91,158.82,147.73,138.94,137.63,128.93,132.57,107.23,105.64,107.24,74.933,66.157,65.093,38.052,40.144,49.023,62.234,69.003,68.688,65.433,64.443,66.017,52.963,46.66,31.339,36.708,50.372,60.434,59.338,116,106.8,118.7,120.73,124.04,102.87,114.13,78.418,82.14,109.06,121.57,126.29,145.13,153.81,169.73,112.15,87.949,67.739,70.976,60.082,78.011,106.84,137.14,70.224,64.356,58.795,68.097,55.943,54.871,56.1,60.465,51.231,46.764,70.741,94.105,109.42,40.997,41.512,43.482,44.906,46.986,50.88,57.711,47.583,57.306,58.128,55.829,59.444,56.504,61.672,69.193,67.461,75.554,58.907,69.251,100.64,84.275,84.436,108.62,115.88,114.72,107.56,115.73,106.77,111.62,114.36,109.72,112.68,98.305,96.232,101.07,102.34,108.78,101.68,119.79,112.35,132.2,102.77,106.79,152.3,133.27,135,114.36,99.959,103.23,85.614,93.765,89.019,94.46,93.138,88.382,78.263,89.424,73.472,76.642,87.472,56.386,156.51,159.93,145.72,151.92,152.23,134.19,139.31,132.48,108.7,99.341,76.8,94.249,101.47,127.99,125.55,122.86,94.473,66.158,88.923,57.418,48.683,45.724,49.334,82.662,79.292,85.847,83.924,90.041,96.411,91.837,56.653,61.153,43.4,43.121,41.098,43.142,47.285,45.795,49.17,37.725,41.302,48.917
1983,10,24.879,22.322,11.924,11.67,15.229,16.696,30.334,27.957,23.527,27.078,25.818,26.403,26.029,26.31,26.728,29.938,42.968,44.579,42.913,38.847,29.135,32.508,36.889,35.841,43.042,37.636,40.109,39.572,32.765,28.654,26.574,26.543,28.999,27.62,35.088,30.935,31.01,29.534,29.58,29.354,30.021,30.655,28.932,29.759,30.237,31.121,31.547,32.922,32.161,32.6,32.613,31.988,32.697,32.722,32.716,32.989,23.955,43.696,28.197,24.347,18.753,19.22,12.577,45.449,36.903,31.523,35.522,32.637,36.975,34.204,19.804,17.945,33.566,39.821,36.769,32.831,34.007,34.418,46.31,46.527,45.567,45.778,47.354,46.485,42.846,42.021,36.186,32.98,33.049,40.913,47.209,57.014,67.789,71.778,90.488,95.282,88.471,121.44,134.68,138.26,128.65,111.82,117.33,115.3,118.42,119.04,118.42,118.17,95.288,103.96,103.73,102.45,101.97,119.12,121.39,126.42,124.6,119.99,125.36,126.34,133.44,122.07,133.3,130.82,131.86,124.62,125.65,132.29,134.82,135.28,148.01,151.79,158.68,144.78,140.38,89.609,84.568,87.728,52.24,39.992,49.949,44.779,77.567,71.842,62.839,59.229,55.925,45.998,48.671,51.774,49.593,44.806,45.828,50.822,59.483,63.743,71.015,57.202,68.422,58.449,55.023,50.309,78.782,65.806,99.772,103.94,58.999,72.926,60.056,87.37,101.09,112.45,92.198,98.216,81.274,80.012,59.301,76.204,93.903,118.73,58.661,41.918,40.148,43.835,40.256,39.266,45.596,59.066,74.825,84.537,86.051,83.39,65.888,29.346,28.588,25.271,25.813,26.58,27.026,27.356,29.198,28.443,29.749,28.162,27.295,27.475,27.708,37.64,33.381,42.973,36.991,57.66,62.253,40.769,32.538,53.708,52.42,39.225,32.46,33.559,32.603,33.949,33.061,33.816,32.691,30.57,29.408,30.432,30.69,31.762,31.405,44.974,47.769,38.916,51.932,50.858,48.064,36.06,42.737,38.795,40.634,37.845,47.778,40.993,36.134,30.142,31.57,39.523,35.58,32.695,32.371,36.566,43.886,31.476,93.881,100.05,92.743,104.58,103.67,91.175,110.34,119.8,117.98,137.5,55.355,86.603,87.554,115.75,168.25,144.88,129.84,111.84,116.59,100.58,84.337,75.04,84.791,42.717,42.696,46.916,46.205,59.05,74.084,95.925,94.095,95.302,79.276,71.03,78.509,70.215,82.802,76.953,102.82,78.627,86.528,106.46
1983,11,33.136,28.214,18.66,14.754,20.819,23.656,32.055,42.625,13.868,41.246,30.027,35.779,29.875,28.322,34.475,34.726,31.772,31.496,33.139,34.826,30.492,32.361,30.104,28.467,30.471,26.141,26.707,26.38,23.472,19.258,20.796,17.374,19.028,17.328,25.02,19.721,19.751,18.044,18.353,18.564,19.877,21.468,25.682,38.763,28.49,28.333,28.987,26.028,27.699,27.301,25.102,24.074,26.395,26.81,26.313,15.5,11.559,18.993,13.495,12.569,13.109,13.063,11.416,26.115,26.001,23.8,31.378,27.551,32.741,30.327,16.492,16.788,27.557,29.137,35.112,32.566,33.127,33.279,27.887,29.008,29.47,29.939,33.256,32.33,34.892,31.333,31.563,30.694,30.04,33.089,34.562,37.126,38.372,39.569,42.559,43.102,41.016,49.014,51.805,52.554,50.612,47.056,48.048,48.541,48.647,48.855,48.663,48.583,55.463,55.095,54.239,54.531,56.336,49.015,50.875,56.715,54.334,49.886,54.767,57.427,66.618,63.768,70.884,70.736,71.69,71.438,68.779,72.197,73.977,76.549,81.996,83.895,87.548,87.399,87.612,85.199,84.985,89.242,83.349,76.442,122.76,73.667,186.57,168.87,132.6,103.71,117.13,175.04,171.37,147.89,106.85,101.37,58.006,75.128,103.8,122.5,110.48,73.041,81.801,74.297,73.993,70.921,95.413,85.632,139.91,126.28,58.921,60.726,66.663,61.712,78.794,73.822,103.47,118.63,103.11,144.62,86.12,101.04,103.33,87.984,90.19,78.139,77.062,79.56,37.309,39.973,54.512,82.562,135.77,163.2,125.69,81.968,73.161,37.144,36.21,32.146,30.508,28.133,23.458,16.737,29.381,19.875,21.932,18.654,16.412,17.791,17.354,26.583,22.641,31.95,35.34,66.598,62.983,32.066,26.737,56.129,59.051,44.501,33.387,31.228,33.815,39.501,30.61,34.611,30.592,31.265,30.352,30.388,30.158,29.675,28.553,58.771,49.307,30.02,44.727,35.647,21.987,22.221,22.814,23.611,24.719,24.768,22.2,20.226,19.45,28.11,25.926,18.667,16.433,20.67,14.749,16.237,18.744,14.357,59.675,59.953,56.953,53.751,53.839,55.125,55.672,58.697,52.658,57.43,55.431,61.538,54.729,50.252,68.081,59.76,56.575,49.16,52.009,45.213,39.935,37.102,40.292,26.484,27.458,29.06,28.956,35.582,39.622,47.004,43.842,44.622,38.363,35.705,38.017,35.41,39.26,37.508,44.568,37.895,40.173,45.466
1983,12,14.567,13.038,9.5918,7.9065,10.398,11.437,14.41,17.042,6.3742,16.693,13.687,15.343,13.644,13.144,15.009,15.19,14.762,14.407,14.948,15.441,13.899,14.56,13.85,13.239,14.105,12.252,12.457,12.322,11.176,9.2424,10.149,8.3315,9.0879,8.2296,11.811,9.3419,9.3548,8.5039,8.6737,8.8239,9.5098,10.308,12.209,16.082,13.217,13.178,13.415,12.3,12.959,12.808,11.919,11.486,12.45,12.614,12.423,6.1125,4.2952,7.4078,5.2408,5.146,6.3684,6.2848,5.9478,12.69,12.353,11.427,14.269,12.904,14.735,13.902,8.3,8.5557,12.906,13.492,15.45,14.596,14.793,14.85,13.82,14.224,14.197,14.356,15.313,14.987,15.524,14.395,14.335,14.005,13.788,14.915,15.617,16.794,17.015,17.284,18.367,18.566,17.848,20.514,21.367,21.589,21.005,19.943,20.255,21.064,20.693,20.796,20.786,20.789,31.431,29.126,26.603,26.943,30.588,21.609,22.741,28.273,25.433,21.701,25.461,28.116,27.475,31.406,29.345,30.562,30.181,33.431,32.374,30.399,29.851,30.711,28.928,28.475,28.885,28.596,28.837,27.521,27.467,28.716,25.136,23.427,32.466,23.885,32.94,32.772,32.278,30.954,32.321,35.98,35.549,34.635,30.251,28.074,21.356,24.982,30.197,33.148,31.761,27.92,29.903,28.657,28.181,27.084,32.347,30.904,35.836,35.972,29.365,32.493,31.37,36.725,40.669,40.548,36.535,35.292,30.851,35.192,26.523,30.293,35.741,32.708,27.076,23.829,23.539,24.122,16.238,16.941,20.426,25.274,30.487,32.328,32.302,30.084,28.279,15.818,15.541,14.279,13.814,13.073,11.338,7.9843,13.534,9.64,10.582,9.0012,7.8065,8.5883,8.3465,12.436,10.759,14.538,15.582,23.117,24.407,14.576,12.595,21.684,23.097,18.067,14.796,14.174,14.93,16.513,13.958,15.214,13.943,14.098,13.77,13.815,13.75,13.621,13.245,24.059,22.267,13.821,21.009,16.619,8.9808,10.479,10.195,10.97,11.433,12.079,10.435,9.3705,8.7076,13.076,12.304,7.6375,6.419,9.8041,5.5323,6.0332,7.8721,5.3346,35.939,34.581,32.406,29.983,30.159,29.507,29.066,28.779,24.195,24.706,25.589,27.854,24.83,22.458,29.705,26.414,24.337,20.783,22.462,19.296,17.479,16.452,17.602,12.791,13.306,13.918,13.987,16.768,18.264,21.045,18.857,19.191,16.909,15.932,16.782,15.821,17.239,16.602,19.074,16.735,17.549,19.367
1984,1,72.144,55.241,89.21,72.739,31.276,55.496,40.894,9.4169,3.2871,6.7232,5.5544,6.4701,5.4115,4.9216,6.0786,11.416,44.211,38.027,42.351,21.705,34.941,35.645,29.708,24.101,63.142,23.342,15.946,21.951,12.4,4.6074,3.7713,7.7858,3.9392,3.119,24.34,10.526,8.3324,3.2812,4.1851,3.9105,4.119,3.83,24.063,65.257,14.768,9.9771,43.381,7.7205,7.3642,4.9681,4.4309,4.2679,4.626,4.6872,4.6161,2.2713,1.596,4.6757,1.9473,1.9376,2.3664,2.3783,2.217,9.418,4.7567,4.2683,5.3019,4.7946,5.475,5.1656,3.0841,3.1791,4.7954,5.0134,5.7419,5.4235,5.4967,5.5178,28.929,30.737,29.558,34.585,21.836,13.752,5.8414,5.8243,5.3267,5.2039,5.1234,5.5489,11.635,13.915,7.4757,6.4222,6.8247,6.8986,6.632,8.1764,8.7922,8.928,8.2054,7.6986,7.5266,10.69,10.407,12.076,9.0978,8.0555,18.613,14.039,13.272,17.226,27.235,11.475,10.904,21.247,18.435,9.428,12.658,17.963,14.937,27.643,17.003,16.135,15.504,36.014,29.247,15.923,14.786,28.656,14.634,10.732,11.729,10.743,12.188,23.443,26.955,34.509,35.866,39.875,28.32,16.621,12.365,13.348,19.894,25.795,26.388,36.58,33.834,30.071,25.128,21.169,15.082,21.168,30.701,38.084,44.024,63.358,81.998,69.735,60.708,54.712,85.752,70.306,67.715,77.285,46.823,45.57,56.232,45.879,59.827,52.569,72.515,75.596,60.241,45.417,46.925,61.197,74.415,35.473,51.722,42.139,41.813,40.358,12.787,11.023,7.7052,10.508,11.85,12.708,31.741,64.335,55.932,11.784,12.781,12.15,25.552,29.389,16.667,2.9682,8.6404,4.1131,4.7495,3.5749,2.9007,3.2737,3.1014,4.621,5.0158,5.8372,9.7411,11.158,42.396,6.6023,20.32,33.275,36.927,11.93,29.863,7.0548,20.734,39.668,10.965,14.098,10.972,20.65,27.27,18.684,18.619,13.794,18.106,42.172,26.525,7.813,20.61,8.6248,3.3577,5.6579,4.9612,12.799,22.038,14.697,13.476,13.154,3.2405,29.973,4.5939,3.6437,2.3852,3.643,2.0557,2.2464,13.742,1.9822,38.64,30.815,25.893,14.335,14.582,17.949,13.352,13.266,10.17,10.303,19.912,16.886,11.777,9.1312,14.309,12.706,10.622,7.8706,9.7056,7.1769,6.4947,6.1132,6.5403,50.767,39.651,39.804,52.471,44.535,23.395,12.707,7.0324,7.1985,6.2828,5.9201,6.2357,5.8788,6.4056,6.169,7.094,6.2182,6.521,7.1963
1984,2,118.81,150.97,148.56,110.49,114.43,151.65,149.81,84.381,71.317,65.408,64.439,67.595,65.534,65.798,69.903,107.06,162.51,158.89,158.36,134.82,107.39,126.95,137.69,129.93,187.27,146.4,139.56,149.46,145.99,139.61,106.3,170.33,130.04,161.43,186.48,189.03,183.67,184.77,184.17,192.04,195.07,185.42,263.04,345.23,296.77,280.31,291.05,239.18,272.78,252.41,232.82,212,212.01,219.6,245.75,372.97,313.99,288.94,235.57,197.29,93.555,111.49,62.035,172.87,104.87,86.644,59.213,64.662,61.026,58.625,65.424,46.983,56.724,66.878,47.669,40.922,43.824,46.036,238.84,228.98,221.67,224.7,181.16,157.13,83.849,102.81,61.011,47.647,52.917,81.069,138.96,126.89,57.989,6.7836,4.2263,3.0412,2.4647,3.4706,3.7399,3.817,3.2823,9.5661,3.9616,47.772,31.067,38.555,28.204,21.178,147.99,141.74,116.94,122.34,152.87,61.335,54.061,101.84,84.809,36.533,49.842,77.713,39.014,126.73,62.053,72.681,67.066,124.43,123.94,68.246,58.767,97.604,48.351,14.891,27.166,18.809,32.656,90.836,101.41,120.73,132.34,142.46,110.87,64.68,21.785,39.446,97.261,128.94,135.03,179.62,165.29,153.29,126.51,104.33,65.503,92.009,131.09,159.68,160.25,201.24,199.58,216.79,213.18,210.1,209.37,214.43,183.73,216.07,197.66,181.08,188.31,176.81,180.32,155.23,212.47,214.78,179.63,168.07,152.15,180.54,201.1,116.76,162.96,145.78,145.12,142.59,77.558,75.979,52.304,58.804,30.055,22.76,98.981,172.58,187.21,51.659,57.58,76.714,95.405,98.448,90.427,59.403,61.114,69.941,72.513,66.081,45.633,60.625,60.19,56.542,88.7,90.348,80.617,76.898,177.64,131.71,218.99,221.38,210.88,232.71,327.45,259.27,320.42,354.54,289.2,310.2,286.04,311.64,326.25,308.95,306.6,286.59,302.44,190.64,169.77,196.69,169.53,147.28,199.8,259.55,220.27,252.95,300.39,327.14,298.16,382.9,318.3,331.98,260.48,355.31,351.4,305.78,396.49,413.93,456.71,396.87,172.95,158.66,167.4,137.65,148.24,158.2,120.73,142.25,71.611,90.896,124.91,135.77,129.68,157.7,171.27,166.66,100.42,20.651,89.018,10.04,3.9302,3.1469,4.3298,278.84,266.65,263.23,270.89,244.15,202.44,137.64,12.889,21.262,2.3372,2.3831,2.3171,2.4085,3.2586,2.9818,2.7582,2.3105,2.423,2.674
1984,3,48.275,71.257,88.345,63.376,58.104,73.425,57.878,48.635,72.916,47.605,53.726,50.859,49.59,44.532,44.875,42.215,47.722,44.414,45.987,42.312,33.019,40.748,40.493,38.837,48.589,42.625,39.941,40.792,33.677,28.244,24.936,28.557,26.963,35.657,46.601,43.545,45.034,54.053,47.945,46.771,43.994,43.395,49.496,56.621,47.821,44.523,54.179,48.501,44.542,44.083,47.202,45.699,44.804,44.674,39.278,43.367,41.403,37.627,40.31,40.936,32.443,37.448,33.985,38.899,37.157,35.365,34.32,35.096,35.509,34.568,33.604,26.723,27.735,26.286,30.988,27.984,29.306,30.639,35.479,36.386,35.534,36.005,34.542,35.611,32.396,35.931,27.807,29.059,26.69,28.446,32.109,27.864,18.179,4.2698,2.4308,1.406,0.91609,1.3589,1.3896,1.4183,1.2196,5.7378,2.0973,16.561,13.266,15.086,12.428,10.379,26.196,24.949,23.572,24.715,27.761,18.605,17.462,23.914,22.12,14.309,16.988,21.283,15.33,26.402,19.313,20.389,19.657,27.094,26.409,19.863,18.506,24.418,17.018,8.1456,12.253,9.6409,13.659,23.288,24.54,26.622,27.375,28.194,27.976,22.218,15.92,19.722,26.804,28.563,28.915,32.568,31.978,30.072,27.408,26.957,20.632,23.83,27.267,29.36,29.597,32.238,32.996,33.064,32.52,32.074,33.556,33.094,32.026,33.598,31.291,30.669,31.57,30.608,31.71,30.16,33.343,33.468,31.338,30.243,29.23,31.396,33.003,26.514,30.035,28.527,28.466,28.248,20.803,20.361,16.759,18.175,15.017,13.962,26.992,31.242,31.372,20.42,21.786,25.212,29.73,31.189,30.749,26.36,22.688,24.72,23.607,27.239,23.117,26.127,25.762,19.02,27.465,22.623,20.833,20.298,30.071,27.99,41.352,30.874,30.802,29.041,39.583,30.341,38.776,38.736,32.246,35.304,32.671,44.394,49.36,42.708,41.578,35.458,40.52,30.554,28.392,26.59,27.679,24.714,25.706,28.74,26.881,29.998,33.388,34.274,32.585,38.884,36.031,49.873,36.185,37.119,38.363,38.402,43.679,41.908,42.947,44.281,29.862,28.454,28.235,24.751,25.325,26.603,23.623,24.814,19.333,21.181,25.332,25.394,24.085,24.917,26.37,25.994,22.032,10.205,21.045,6.0372,2.2459,1.6536,2.556,33.893,32.871,32.696,34.183,32.755,29.355,24.974,7.3692,10.378,0.87005,0.99488,0.86097,1.0281,1.6967,1.4971,1.096,0.85854,0.90034,0.9936
1984,4,49.284,45.461,53.446,38.622,31.646,39.279,26.796,20.751,24.644,19.866,21.234,20.727,21.451,22.379,21.412,24.87,21.204,19.964,20.838,21.767,30.532,28.394,22.333,22.143,23.709,24.856,27.202,28.582,37.495,44.94,41.17,52.607,43.867,44.325,33.224,40.251,38.733,35.254,38.001,40.168,42.171,41.634,34.662,39.738,39.1,38.264,38.18,37.98,39.457,40.441,40.277,41.211,41.957,43.122,34.991,22.083,18.141,16.602,17.819,18.094,15.001,16.933,15.565,17.734,17.473,16.662,16.744,16.773,17.26,16.743,15.609,12.975,13.866,13.1,15.72,14.342,14.916,15.449,15.009,15.559,15.134,15.302,14.973,15.91,15.528,17.005,13.499,14.675,13.146,13.31,14.209,11.752,7.0676,1.5865,0.90323,0.52245,0.3404,0.50494,0.51636,0.52702,0.45318,2.132,0.77931,6.4652,5.5017,7.5271,4.6233,3.8566,9.7338,9.2706,8.7587,9.1837,10.315,7.6517,6.4885,8.9065,8.6677,5.3168,6.3122,7.9084,5.6961,9.8563,7.1761,7.5759,7.304,10.358,9.85,7.3805,6.8764,9.7769,6.3235,3.0267,4.553,3.5823,5.0754,9.205,10.158,11.71,16.54,18.828,40.723,58.145,22.322,22.253,23.097,22.584,21.494,18.199,19.166,19.347,26.383,39.751,45.432,38.556,29.23,24.432,26.961,22.65,33.704,24.89,21.111,19.599,35.095,24.892,27.935,22.838,14.334,11.448,13.617,11.373,11.783,11.207,16.559,21.83,25.678,23.359,25.497,22.559,16.485,9.919,20.463,20.309,20.466,18.735,37.857,34.618,28.166,26.551,23.346,22.716,29.18,24.953,19.145,30.895,31.792,34.224,35.706,34.244,30.325,21.822,29.488,25.622,26.487,20.782,18.465,21.822,21.285,19.127,23.506,22.189,30.89,26.529,19.569,22.256,29.967,19.333,16.474,16.642,26.015,16.153,26.097,25.714,16.923,22.567,17.631,31.322,34.068,28.637,27.371,20.673,27.094,13.313,10.55,9.8802,10.285,9.183,9.5518,11.219,10.091,11.608,13.415,17.727,13.249,19.318,19.933,35.999,29.354,18.145,18.346,26.112,20.701,18.708,18.723,19.243,11.096,10.573,10.491,9.1968,9.4101,9.885,8.7776,9.2202,7.1835,7.8704,9.4128,9.436,8.9493,9.2587,9.7985,9.6586,8.1867,3.792,7.8199,2.2433,0.83453,0.61446,0.94977,13.006,12.569,12.439,13.278,12.531,10.997,9.2876,2.7382,3.8561,0.32329,0.36968,0.31991,0.38202,0.63044,0.5563,0.40726,0.31901,0.33455,0.3692
1984,5,136.48,86.779,83.575,45.891,33.736,52.451,30.505,17.727,10.11,15.475,12.934,14.498,15.896,20.277,20.124,31.673,20.107,18.314,20.672,29.09,113.42,74.515,49.009,57.174,29.078,55.315,46.362,47.858,61.835,71.72,69.398,75.923,71.011,78.943,56.624,72.804,72.693,76.433,76.088,73.6,66.863,57.673,79.099,68.076,68.639,68.241,62.815,58.973,61.784,54.167,53.827,52.316,42.342,39.676,61.702,30.937,14.936,21.029,18.337,19.124,19.113,20.55,18.265,25.124,24.828,23.463,22.735,21.948,23.424,22.481,19.459,16.322,18.72,17.404,23.038,21.54,22.079,22.588,9.9142,10.851,9.1317,8.786,9.6326,15.367,18.635,22.135,17.241,21.228,17.739,14.737,11.331,7.95,7.3935,7.6194,3.0482,1.4155,0.28693,22.76,32.605,34.818,24.483,15.213,10.664,24.848,28.812,34.379,22.642,19.3,3.7802,3.4644,5.0676,10.604,13.924,27.654,19.457,22.937,27.276,20.294,13.922,14.457,8.66,18.417,8.3348,3.3679,3.3382,19.351,17.243,3.4257,3.3669,22.91,13.367,1.6976,14.558,6.6603,11.738,41.691,45.742,47.408,74.132,83.043,147.21,175.24,38.759,55.002,88.822,112.37,107.72,80.662,80.584,91.323,122.89,146.35,163.51,143.6,114.98,97.924,95.699,89.462,101.51,88.115,79.5,74.66,89.085,72.785,60.133,58.204,27.584,12.955,32.211,10.562,12.958,14.89,46.389,59.193,79.166,68.395,91.707,72.924,47.248,24.527,75.786,85.274,85.929,80.903,197.95,186.97,159.63,124.8,70.393,47.948,78.427,112.19,95.48,149.69,145.14,122.74,127.95,133.96,138.23,142.33,150.65,148.5,151.22,123.15,133.15,137.08,133.05,148.38,139.46,145.23,164.18,134.73,103.88,117.02,94.91,84.196,78.888,51.261,39.805,30.184,40.241,37.807,27.841,35.568,28.82,51.441,51.602,44.777,43.338,33.645,53.674,55.21,15.566,22.122,5.3055,3.4122,6.6401,19.481,8.2797,9.3374,16.861,46.6,13.462,45.41,53.829,68.428,81.167,40.043,33.408,62.882,26.429,20.549,19.524,14.611,9.5352,7.9913,7.1569,3.4173,3.5653,4.6602,3.2616,3.426,3.9875,5.4532,3.4976,3.5062,3.3254,3.4403,3.9905,3.6217,4.1805,4.7421,4.8228,5.9425,2.8581,0.75259,1.8024,4.8326,4.6705,4.6221,4.9338,4.6564,4.0861,3.6975,3.9768,4.8303,0.12013,0.15154,0.11887,0.19311,3.1841,1.7156,8.5472,0.11854,0.12431,7.9002
1984,6,121.4,103.12,87.872,70.874,57.876,71.846,72.159,34.229,10.498,26.777,22.089,25.174,26.727,31.88,32.232,46.776,89.496,81.021,73.538,61.887,115.92,111.46,96.856,94.47,76.524,69.242,54.302,55.894,63.264,71.292,72.119,76.695,71.013,72.997,63.022,66.26,65.349,65.894,67.22,66.32,62.726,56.409,85.652,80.917,70.917,66.844,69.471,56.26,59.195,52.812,51.202,51.112,43.245,41.281,57.493,38.144,22.926,33.425,22.89,20.351,18.377,18.432,13.154,32.811,26,23.747,21.588,19.801,22.044,20.819,16.041,15.535,21.65,23.821,24.326,23.518,23.553,23.295,38.411,37.86,36.026,35.697,33.326,33.734,27.441,27.843,25.673,22.651,24.518,28.399,31.936,32.179,30.449,23.592,19.609,15.642,9.9604,38.127,43.839,45.042,40.062,37.785,35.399,55.677,51.844,54.556,50.157,48.604,59.981,56.658,61.169,70.009,76.145,60.218,57.979,73.28,68.544,53.537,59.103,64.057,57.423,80.385,66.89,59.728,59.76,80.955,82.145,59.761,59.836,83.346,76.601,56.114,77.341,71.424,77.88,115.59,119.06,122.44,150.05,156.06,154.6,162.04,33.087,55.823,99.892,127.37,127.02,114.12,110.11,121.39,140.38,148.63,155.52,152.42,147.81,144.66,151.55,152.67,146.6,162.35,161.5,161.58,151.93,157.49,128.92,156.58,99.002,74.641,109.11,68.618,82.921,74.556,140.8,156.47,158.67,128.24,157.95,155.3,135.87,94.669,153.02,156.16,156.13,154.41,155.21,149,133.74,113.99,64.828,42.384,85.199,136.04,149.41,128.84,127.54,120.81,117.93,112.99,101.26,79.74,113.03,90.682,96.159,85.618,77.965,83.763,80.18,99.778,90.426,109.11,123.5,119.81,141.12,103.79,90.47,136.59,146.14,108.09,80.677,73.203,86.303,87.826,68.466,92.081,69.755,86.185,84.208,81.965,80.925,72.734,77.668,145.07,93.568,80.018,55.035,27.28,39.925,55.532,43.657,47.794,54.399,61.61,45.521,54.767,56.949,81.081,70.252,50.328,44.07,58.456,34.94,32.406,34.151,22.831,70.998,70.427,69.304,57.016,59.743,64.043,47.901,45.433,43.313,38.421,36.815,34.722,24.796,32.498,41.363,35.349,34.25,27.444,34.096,25.371,16.758,10.288,15.104,27.771,26.808,28.197,29.493,30.156,31.644,32.079,23.758,25.987,6.1309,6.3756,3.0843,6.7075,16.617,12.911,26.036,0.42601,4.006,25.919
1984,7,84.128,80.846,68.18,61.586,67.532,73.543,78.675,64.425,44.207,59.246,55.669,58.107,54.9,51.892,55.419,53.732,83.561,77.771,74.157,63.163,94.334,88.365,86.769,87.806,69.585,68.685,44.14,43.816,35.556,30.471,31.43,29.197,30.345,28.858,48.077,30.965,30.792,28.94,29.42,28.915,28.916,28.473,126.16,114.22,83.537,70.89,85.619,44.139,53.094,42.469,33.207,30.552,29.815,29.523,49.943,50.374,50.523,70.22,49.041,42.636,37.935,36.348,23.188,62.393,48.03,44.159,36.866,34.406,37.147,35.562,29.731,30.522,40.748,46.238,41.424,41.077,40.753,39.896,74.092,71.499,69.16,68.556,62.628,60.725,48.11,49.647,46.608,39.988,44.817,51.696,59.531,74.439,84.428,77.478,85.795,87.429,84.509,86.598,84.279,83.534,85.311,99.226,96.746,122.08,111.77,113.11,113.06,112.98,165.44,160.18,152.68,153.87,160.57,127.24,127.61,144.13,135.86,119.97,131.12,137.38,124.57,154.5,138.28,145.9,144.04,150.48,154.53,143.62,140.58,143.24,132.86,124.26,124.54,126.39,129.45,156.32,159.01,160.95,178.52,184.4,197.06,199.99,94.184,131.25,187.31,214.77,220.23,238.39,228.38,229.36,233.96,220.02,219.2,221.92,224.17,221.49,208.93,212.63,226.7,206.65,194.35,184.26,207.57,186.46,173.9,180.46,159.97,154.71,158.22,155.46,153.14,149.42,170.35,180.81,186.65,188.88,189.35,182.46,172.54,146.85,181.68,184.71,184.89,182.46,123.44,119.62,123.02,145.49,122.13,111.69,191.76,270.01,243.4,87.466,88.623,93.294,94.27,95.653,98.866,104.47,95.183,106.52,110.54,103.37,106.16,103.62,108,147.8,133.15,169.74,122.41,162.49,239.84,170.54,136.63,224.49,222.09,173.88,135.61,138.21,135.21,137.92,139.59,138.86,140.97,134.48,139.02,140.21,140.07,142.09,122.92,181.62,153.61,146.12,144.05,126.56,118.61,132.32,117.21,112.87,115.14,109.47,91.979,80.19,71.812,111.08,71.497,73.692,65.946,59.822,51.333,58.87,68.91,49.257,161.72,162.19,163.47,165.79,166.41,162.89,155.28,141.46,128.18,106.86,144.37,132.97,121.69,107.15,106.05,102.48,99.314,96.413,98.333,93.798,90.551,89.194,90.791,74.373,73.317,76.549,74.371,78.995,88.038,93.293,92.124,94.421,83.651,86.125,78.716,86.576,89.644,89.258,87.473,69.922,76.921,86.304
1984,8,31.042,28.305,26.658,26.36,24.639,25.485,25.406,21.522,16.44,20.256,19.363,19.972,19.599,19.44,20.062,20.502,26.161,25.066,24.409,22.531,31.291,29.202,27.704,27.925,23.961,24.02,18.394,18.36,15.92,13.502,14.048,12.563,13.446,12.464,19.677,13.854,13.789,12.791,13.012,12.762,12.9,12.881,32.369,30.695,26.521,24.431,26.682,18.489,20.75,17.956,15.005,13.952,13.728,13.626,19.983,19.206,18.283,22.061,17.991,16.584,15.443,15.077,11.201,20.86,18.018,17.116,15.385,14.686,15.476,15.027,13.268,13.474,16.276,17.529,16.579,16.457,16.388,16.183,22.565,22.22,21.771,21.662,20.732,20.559,18.106,18.429,17.712,16.167,17.293,18.791,20.231,22.501,24.268,23.478,25.047,25.226,24.244,28.346,29.093,29.223,28.606,28.65,28.429,31.11,30.518,30.814,30.352,30.172,32.386,31.557,31.664,32.644,33.924,31.607,31.676,34.315,33.395,30.989,32.582,33.613,34.992,36.407,36.868,36.449,36.629,38.09,37.728,36.657,36.937,38.991,39.146,37.89,39.682,38.662,38.733,39.901,39.889,40.117,40.952,40.909,44.731,67.981,79.743,66.059,45.905,38.972,39.019,39.18,40.313,39.754,45.14,53.187,66.071,59.285,50.976,44.924,47.728,40.885,42.857,39.714,39.417,39.079,43.011,40.003,48.981,43.33,33.683,32.641,35.579,33.209,36.66,37.017,40.804,42.691,45.851,46.038,45.833,43.538,41.041,38.994,42.127,41.466,41.57,40.937,34.777,34.115,36.224,42.807,64.619,79.017,60.715,44.386,41.718,32.169,32.168,31.934,31.932,31.885,31.596,30.718,31.847,31.214,31.73,30.663,30.67,30.856,30.948,34.184,33.198,35.591,34.003,41.859,40.75,35.614,33.434,38.747,38.936,35.509,32.44,31.881,32.849,33.346,31.706,33.941,31.954,32.809,33.083,32.979,32.862,32.291,31.139,37.454,32.993,32.027,29.975,27.19,27.455,29.798,27.519,27.322,28.141,28.527,25.212,24.935,23.944,30.355,24.688,23.778,22.26,22.075,19.217,20.382,21.995,18.06,33.928,34.16,32.758,31.699,31.811,31.74,30.946,30.345,29.822,28.621,29.197,28.893,27.44,27.284,28.777,27.577,27.338,27.047,27.028,26.695,25.383,24.254,25.149,21.865,21.683,22.202,21.993,22.766,24.245,25.494,25.95,26.275,23.346,23.379,22.373,23.455,25.334,24.707,26.767,20.948,22.72,26.768
1984,9,69.654,76.748,87.319,79.006,71.611,75.517,58.255,37.194,36.097,33.163,34.605,34.317,34.747,33.986,34.09,35.257,53.459,48.774,46.32,41.389,55.761,57.467,52.318,52.072,46.746,46.482,37.958,37.927,34.521,32.192,31.557,31.649,32.466,28.807,39.76,30.689,30.033,26.79,28.056,27.162,26.954,25.175,59.86,56.976,47.578,42.715,49.388,33.048,35.387,30.383,26.246,25.121,23.521,23.406,33.053,20.774,13.809,17.051,11.478,9.2466,6.6946,6.6316,4.1766,10.685,7.6619,7.0323,5.7167,5.4605,5.7505,5.5838,5.0226,5.0141,6.0871,6.6405,6.1605,6.1159,6.0898,6.0132,9.4256,9.0253,8.425,8.2776,7.7377,7.9162,6.7318,7.1709,6.5934,6.0152,6.4434,6.9963,7.5445,8.8093,10.553,10.882,12.911,13.514,12.908,16.347,17.463,17.709,16.885,15.972,16.317,17.516,17.2,17.325,17.181,17.121,18.665,18.439,18.229,18.627,19.492,17.985,18.362,20.743,19.72,17.75,19.494,20.318,23.672,23.857,26.483,27,27.477,26.08,26.097,27.442,28.263,28.832,31.924,32.964,34.824,34.895,34.417,37.96,38.095,37.058,44.055,45.688,38.704,68.552,50.637,46.48,36.321,29.102,27.215,21.203,23.672,24.851,38.307,48.192,70.29,60.354,46.36,36.122,42.248,48.027,45.902,45.561,47.215,49.42,42.847,42.224,38.907,34.716,22.184,17.931,28.525,18.182,24.795,23.423,34.623,35.858,43.052,35.191,48.298,41.083,32.583,30.359,42.517,46.064,46.288,45.025,36.21,34.986,37.16,41.421,50.851,53.91,50.825,41.757,44.744,59.316,58.62,55.37,55.663,56.285,57.441,58.631,57.315,54.007,51.998,57.179,58.553,58.06,58.179,49.477,54.435,47.087,43.168,43.949,44.718,51.484,56.854,44.851,45.999,50.546,55.308,51.182,54.949,54.428,52.188,54.215,53.125,57.838,61.398,58.92,58.271,55.155,54.557,43.125,26.014,37.239,17.378,15.89,21.838,39.393,24.566,23.323,28.864,41.555,17.61,30.395,31.096,55.481,41.88,27.364,24.075,32.177,19.302,18.898,20.007,14.326,19.144,20.161,18.333,18.715,18.659,17.569,18.484,18.057,17.241,16.851,14.244,15.381,15.625,17.741,18.413,17.153,15.419,14.895,14.775,14.285,13.066,12.161,12.953,8.1743,8.0991,8.4059,8.2644,8.9149,10.805,12.613,13.359,13.521,12.09,11.663,11.728,11.652,13.013,12.468,14.712,11.254,12.359,14.931
1984,10,35.672,41.317,45.383,38.322,36.317,39.946,33.261,26.719,34.48,26.08,28.629,27.343,29.129,30.022,28.314,30.695,30.97,31.463,31.764,33.405,34.94,32.235,35.038,38.725,35.429,49.636,46.339,45.903,44.162,44.42,40.248,43.935,45.115,44.837,49.338,46.635,46.596,46.372,46.199,45.415,44.795,43.646,72.079,64.897,54.623,50.648,58.172,47.345,46.67,44.464,43.147,42.977,41.892,42.222,46.742,88.795,117.62,135.69,105.23,90.881,63.802,65.226,39.947,83.022,56.361,51.913,25.69,29.357,24.864,25.778,41.597,32.765,29.953,32.278,23.195,23.915,23.865,23.803,53.878,48.768,39.022,35.828,25.78,37.078,24.377,39.801,25.599,26.205,26.351,25.062,24.047,25.015,32.362,40.926,46.143,47.654,47.113,68.389,77.131,79.202,72.453,56.278,60.967,50.497,55.585,55.392,54.581,54.295,31.174,30.854,35,37.299,36.592,49.571,50.62,50.244,51.204,52.657,52.727,52.09,57.176,44.565,50.718,45.973,46.612,45.766,44.743,46.709,47.769,48.815,51.971,53.007,54.793,52.959,52.125,44.84,43.916,41.701,38.291,37.521,47.3,46.682,29.038,31.259,34.296,35.2,34.574,29.492,30.509,31.951,38.199,42.173,43.215,41.072,37.178,34.041,34.216,35.713,34.663,35.015,35.284,35.823,32.559,33.362,28.519,27.509,28.655,28.799,34.143,32.163,38.278,42.605,31.735,28.682,32.365,30.141,35.964,32.92,32.232,44.062,35.428,37.335,37.419,37.549,49.556,51.953,50.031,42.082,33.843,30.11,32.303,33.416,34.757,30.318,30.497,31.286,34.184,39.229,51.737,81.021,45.393,75.811,73.17,68.032,81.317,73.369,81.893,74.672,76.619,67.774,58.397,46.831,39.764,67.386,74.083,43.043,39.607,51.53,64.561,60.749,63.338,62.746,61.923,60.002,61.825,66.503,67.579,65.461,64.905,62.765,64.041,35.093,30.823,43.593,27.578,27.555,37.696,53.938,43.202,49.336,90.292,93.694,115.15,114.13,92.008,63.339,51.255,114.99,110.57,61.099,97.304,122.09,143.82,117.94,33.598,35.1,30.688,30.665,30.544,28.259,30.452,30.85,36.099,37.347,21.724,25.24,27.088,32.475,33.075,32.915,35.071,42.102,35.651,45.607,44.657,40.2,42.481,23.033,19.872,21.437,24.363,22.903,27.048,30.563,41.836,39.993,42.636,39.508,43.447,39.433,46.199,43.18,58.088,45.245,49.424,60.038
1984,11,26.379,24.481,28.055,19.53,17.883,21.403,16.252,14.213,19.792,14.544,16.107,15.235,16.093,16.316,15.411,15.844,14.319,14.534,14.89,16.263,19.41,17.166,16.515,17.784,18.931,21.747,22.657,22.182,20.187,19.162,17.63,18.606,19.447,18.568,22.469,19.875,19.827,18.972,19.104,18.703,18.589,18.132,27.484,27.563,25.158,23.726,26.113,20.973,21.382,19.843,18.656,18.232,17.863,17.902,21.885,30.995,35.871,44.484,34.269,30.637,23.894,24.502,16.846,32.411,23.435,21.866,12.777,13.979,12.527,12.79,17.689,14.617,13.965,14.579,12.013,12.243,12.231,12.217,25.815,23.838,20.13,18.901,14.131,18.395,12.64,18.42,13.008,12.976,13.181,13.027,12.978,13.091,14.725,16.259,17.286,17.527,17.312,20.958,22.161,22.436,21.552,19.037,19.745,18.001,18.888,18.868,18.711,18.661,13.982,13.974,15.161,15.683,15.373,17.809,18.026,18.055,18.192,18.387,18.455,18.38,19.514,17.185,18.553,17.68,17.839,17.586,17.364,17.856,18.12,18.378,19.171,19.416,19.875,19.547,19.392,18.042,17.837,17.273,16.574,16.378,18.955,19.497,14.751,15.629,16.317,16.223,15.768,13.612,14.124,14.533,16.427,17.803,18.529,17.741,16.325,15.161,15.317,15.847,15.512,15.591,15.694,15.89,14.75,15.016,13.236,12.872,15.437,14.744,15.22,15.006,16.03,16.913,14.395,13.321,14.686,13.863,15.951,14.865,14.523,17.579,15.696,16.332,16.361,16.375,28.807,30.556,29.302,22.292,17.678,15.368,15.805,15.74,15.507,24.757,23.636,19.896,20.813,22.111,24.151,26.439,26.91,26.898,27.009,24.241,26.09,25.524,26.602,25.716,25.743,24.682,28.104,23.592,17.107,23.961,26.522,18.252,16.961,20.296,25.586,22.99,25.753,25.05,22.782,23.931,22.661,26.785,26.971,25.389,25.025,23.127,26.179,15.579,14.6,17.99,15.391,16.004,18.106,20.97,18.581,20.479,32.097,33.977,43.714,42.812,37.782,28.555,26.416,42.136,38.841,27.894,32.499,38.318,44.502,35.306,14.785,15.029,14.098,13.766,13.747,13.513,13.883,14.33,15.367,16.282,13.75,14.392,15.127,16.449,16.178,16.074,16.036,16.919,16.062,17.331,16.829,15.817,16.439,14.143,12.518,13.12,14.579,13.276,14.467,15.076,16.62,16.323,16.346,15.6,16.464,15.571,17.064,16.416,19.286,16.76,17.63,19.619
1984,12,12.392,11.308,12.916,8.4985,7.5311,9.6205,6.6951,6.1224,9.1534,6.4711,7.27,6.8056,7.1979,7.2529,6.8019,6.8044,5.4113,5.5072,5.784,6.73,8.8017,7.5649,6.6347,7.1766,8.4681,9.2812,10.192,9.9194,8.7242,7.9659,7.1304,7.5692,8.1261,7.5025,9.8899,8.3616,8.339,7.7397,7.8366,7.5941,7.5608,7.3247,11.852,12.183,11.227,10.581,11.64,9.0729,9.3656,8.5006,7.7764,7.4726,7.3061,7.3096,9.7261,13.921,15.973,18.987,15.365,13.889,10.9,11.208,7.3775,14.68,10.802,10.048,5.3955,5.9858,5.2856,5.3986,7.8629,6.183,5.8974,6.151,5.0591,5.1601,5.157,5.1547,12.039,11.17,9.4681,8.8855,6.4128,8.517,5.4222,8.4048,5.5805,5.4942,5.6376,5.6513,5.7206,5.6724,6.1351,6.5708,6.889,6.9338,6.8203,8.3099,8.7978,8.9126,8.5567,7.447,7.7134,6.8887,7.292,7.2825,7.2098,7.1899,5.3363,5.3804,5.9052,6.0831,5.855,6.7662,6.8487,6.7805,6.877,7.0381,6.9932,6.9369,7.3565,6.3989,6.9093,6.5693,6.6286,6.5481,6.4529,6.6349,6.7335,6.8422,7.1337,7.2212,7.4045,7.2807,7.2383,6.704,6.6277,6.4184,6.1584,6.0857,7.2305,7.2447,20.864,10.813,6.6437,6.5395,6.2625,5.2098,5.4677,5.5846,6.1039,6.6153,6.885,6.592,6.0661,5.6336,5.6913,5.8885,5.7776,5.7931,5.8317,5.9042,5.4809,5.5796,4.9191,4.7829,6.829,6.3423,5.7969,6.1444,6.054,6.399,5.3489,4.9499,5.4568,5.154,5.9269,5.5233,5.3963,6.5807,5.8322,6.0685,6.0794,6.0848,13.261,13.981,13.466,10.119,11.457,16.888,6.6094,6.2437,5.7628,11.812,11.326,9.4141,9.7212,10.136,10.647,10.764,12.414,11.391,11.59,9.753,10.474,10.445,10.855,10.642,10.487,10.249,12.737,10.626,6.4257,9.6239,11.148,7.029,6.3025,7.798,10.958,9.3171,11.127,10.682,9.0411,10.033,8.9254,11.633,11.676,10.733,10.51,9.2132,11.388,5.7887,5.8003,6.8764,6.9682,7.4133,7.9078,8.4116,7.7302,8.7538,14.349,15.111,18.671,18.478,16.705,12.792,12.079,18.248,17.097,12.671,14.571,16.904,19.048,15.739,5.7279,5.7082,5.5306,5.2037,5.2072,5.3799,5.3536,5.7146,5.9889,6.6648,6.4699,6.5238,6.8521,7.2449,6.9713,6.9348,6.7439,6.8263,6.7309,6.9019,6.6103,6.1801,6.4708,6.6721,5.8487,6.1076,6.8514,6.0549,6.4653,6.5257,6.6734,6.5837,6.4099,6.0775,6.4532,6.0612,6.685,6.4115,7.6124,6.5696,6.9306,7.7549
1985,1,4.6047,4.2017,4.7994,3.1579,2.7984,3.5747,2.4877,2.2749,3.4012,2.4045,2.7014,2.5288,2.6746,2.695,2.5274,2.5283,2.0107,2.0463,2.1492,2.5007,3.2705,2.8109,2.4653,2.6666,3.4045,3.4487,3.7873,3.6858,3.2417,2.9599,2.6495,2.8125,3.0195,2.7878,3.6749,3.107,3.0986,2.8759,2.9119,2.8218,2.8094,2.7217,4.4038,4.527,4.1718,3.9317,4.325,3.3713,3.4801,3.1586,2.8895,2.7767,2.7148,2.7161,3.614,5.1728,5.935,7.055,5.7092,5.1609,4.0502,4.1648,2.7413,5.4548,4.0137,3.7337,2.0048,2.2242,1.964,2.006,2.9217,2.2975,2.1913,2.2856,1.8798,1.9174,1.9162,1.9154,4.4733,4.1505,3.5181,3.3016,2.3828,3.1647,2.0147,3.123,2.0736,2.0415,2.0948,2.0999,2.1256,2.1077,2.2797,2.4416,2.5598,2.5764,2.5343,3.0878,3.2691,3.3117,3.1795,2.7671,2.8661,2.5597,2.7096,2.706,2.679,2.6716,1.9828,1.9992,2.1942,2.2603,2.2284,2.5141,2.5448,2.5195,2.5553,2.6152,2.5985,2.5776,2.7335,2.3777,2.5673,2.441,2.463,2.455,2.3977,2.4654,2.502,2.5424,2.6507,2.6832,2.7513,2.7053,2.6896,2.4911,2.4627,2.3849,2.2883,2.2613,4.4119,2.692,71.514,37.016,3.9893,2.5432,4.0992,11.749,12.427,5.27,2.2681,2.4581,2.5583,2.4494,2.254,2.0933,2.1148,2.188,3.9114,2.1526,2.1669,2.1939,2.5823,2.0733,3.3724,1.7772,4.7868,4.0162,2.222,3.1287,2.2495,2.3777,1.9875,1.8393,2.0276,2.2839,2.2023,2.0523,2.0051,2.4452,2.1671,2.2549,2.259,2.261,4.9273,5.1952,5.0036,3.7601,28.763,56.141,12.93,2.32,2.1413,4.3892,4.2086,3.4981,3.6122,3.7661,3.9562,3.9995,4.6128,4.2325,4.3066,3.624,3.8919,3.881,4.0334,3.9544,3.8966,3.8084,4.7329,3.9484,2.3877,3.576,4.1424,2.6118,2.3418,2.8976,4.0716,3.462,4.1344,5.4326,3.3595,3.7282,3.3165,4.3225,4.3384,3.9881,3.9054,3.4234,4.2315,2.151,2.1552,2.5551,2.5892,2.7546,2.9384,3.1255,2.8724,3.2527,5.3316,5.6147,6.9376,6.8659,6.2071,4.7532,4.4882,6.7806,6.3527,4.7082,5.4144,6.2813,7.0777,5.8482,2.4191,2.1225,2.1059,1.9336,1.9349,1.9991,1.9893,2.1234,2.2253,2.4765,2.4041,2.4241,2.5461,2.692,2.5904,2.5768,2.5059,2.5365,2.501,2.5646,2.4562,2.2964,2.4044,2.4792,2.1732,2.2694,2.5458,2.2499,2.4024,2.4248,2.4797,2.4464,2.3818,2.2583,2.3978,2.2522,2.484,2.3824,2.8286,2.4411,2.5753,2.8815
1985,2,3.8388,1.5613,1.8209,5.2333,1.0398,1.3559,4.785,14.19,11.585,15.208,12.366,14.172,10.927,8.9379,12.301,17.302,5.8455,7.7598,14.783,9.6064,1.223,1.0445,1.457,1.1124,24.905,3.5302,3.7763,6.9768,4.7655,1.0999,0.98448,2.4975,1.122,1.0359,3.8722,2.1251,1.3415,1.0686,1.082,1.0485,1.0439,1.0113,1.6363,1.6821,1.5502,1.4609,1.6071,1.2527,1.2931,1.1737,1.0737,1.0317,1.0088,1.0092,1.3429,1.9221,2.2053,2.6215,2.1214,1.9177,1.505,1.5475,1.0186,2.0269,1.4914,1.3873,0.74495,0.82646,0.72978,0.74538,1.0856,0.85368,0.81424,0.84926,0.69851,0.71245,0.71202,0.7117,1.6622,1.5422,1.3072,1.2268,0.88541,1.1759,0.74863,1.1604,0.77049,0.75859,0.77839,0.78027,0.78983,0.78319,0.84707,0.90723,0.95116,0.95734,0.94168,1.1473,1.2147,1.2306,1.1814,1.0282,1.065,0.95112,1.0068,1.0055,0.99545,0.99271,0.73677,0.74287,0.81533,0.83989,0.86003,0.9342,0.94559,0.93618,0.9495,0.97174,0.96554,0.95777,1.0157,0.88349,0.95396,0.90702,0.91521,0.92548,0.89095,0.91607,0.92969,0.9447,0.98495,0.99703,1.0223,1.0052,0.99939,0.92562,0.91508,0.88618,0.85029,0.84025,2.5144,1.0003,21.049,14.694,2.2695,1.0131,2.4179,6.916,7.2042,3.3696,0.84276,0.91336,0.95061,0.91016,0.83755,0.77783,0.78579,0.81302,2.3449,0.79985,0.80518,0.81519,1.2723,0.77038,2.0508,0.66037,2.863,2.3396,0.86674,1.6319,0.83587,0.88351,0.73852,0.68343,0.75342,1.0642,0.81832,0.7626,0.74506,0.90859,0.80525,0.83787,0.83938,0.84012,1.8309,1.9304,1.8592,1.3972,12.776,18.657,7.3918,0.86206,0.79567,1.6309,1.5638,1.2998,1.3422,1.3994,1.47,1.4861,1.714,1.5727,1.6002,1.3466,1.4461,1.4421,1.4987,1.4694,1.4479,1.4151,1.7587,1.4671,0.8872,1.3288,1.5392,0.9705,0.87018,1.0767,1.5129,1.2864,1.5363,2.7805,1.2483,1.3853,1.2323,1.6062,1.612,1.4819,1.4512,1.2721,1.5723,0.79925,0.80084,0.94941,0.96209,1.0235,1.0918,1.1614,1.0673,1.2086,1.9811,2.0863,2.5778,2.5512,2.3064,1.7662,1.6677,2.5195,2.3605,1.7494,2.0119,2.334,2.6299,2.1731,1.0703,0.78953,0.81335,0.71848,0.71896,0.7428,0.73917,0.78901,0.82689,0.9202,0.8933,0.90074,0.94607,1.0003,0.96252,0.95748,0.93113,0.9425,0.92932,0.95294,0.91268,0.85328,0.89343,0.92121,0.80752,0.84327,0.94596,0.836,0.89266,0.901,0.92139,0.90901,0.88501,0.83912,0.89098,0.83686,0.92299,0.88523,1.051,0.90706,0.95691,1.0707
1985,3,67.422,28.707,46.452,46.748,19.881,35.366,29.233,23.742,19.575,21.506,19.708,21.288,19.904,19.59,22.314,38.551,30.139,37.277,51.04,46.652,50.037,28.459,32.919,35.578,90.449,68.272,80.644,88.793,75.105,56.602,22.233,76.215,52.745,54.948,84.389,88.972,82.464,62.86,68.406,61.14,51.802,21.633,33.803,67.735,22.236,21.171,64.62,37.331,23.425,16.129,22.284,16.665,4.7784,4.7379,7.2408,1.0115,0.81944,2.23,0.78827,0.71256,0.55921,0.57503,0.37849,1.9347,0.55416,0.5155,0.27681,0.30709,0.27117,0.27697,0.40339,0.31721,0.30255,0.31556,0.25955,0.26473,0.26457,0.26445,12.376,13.413,9.6436,12.207,3.6377,2.025,0.27817,0.43119,0.2863,0.28187,0.28923,0.28993,0.34504,2.0255,0.33271,0.3371,0.35343,0.35573,0.34991,12.684,18.956,20.602,14.177,8.5907,5.3791,20.326,20.775,25.615,16.276,10.697,17.109,14.993,17.379,24.794,31.869,23.827,18.409,31.621,30.808,15.07,10.892,22.891,4.0651,27.071,9.5699,2.4772,0.34007,25.563,23.023,1.946,0.34545,20.726,6.5874,0.37047,3.2679,0.37352,0.79387,0.34394,0.34002,0.32928,0.31595,0.31222,27.168,1.9477,7.8213,5.46,0.88508,4.3622,11.602,26.425,22.571,15.289,2.0308,2.6853,0.35322,0.33819,6.2535,7.7769,2.4542,31.786,47.723,36.455,29.069,24.978,48.164,36.168,31.55,15.6,43.061,39.068,33.385,36.72,18.665,28.578,14.493,14.355,0.27999,15.494,0.30407,1.5457,12.731,11.255,0.29921,0.31133,0.31189,0.31217,12.052,13.793,2.578,0.63537,4.7474,6.9327,8.1388,17.063,22.692,10.816,14.966,15.022,40.367,56.52,57.512,47.801,25.965,45.206,41.694,36.238,27.211,42.071,29.274,16.301,44.436,20.979,26.52,3.6988,4.7637,19.76,48.448,7.9294,7.2494,6.8896,34.833,10.155,18.82,46.38,21.985,9.7581,19.811,15.6,16.093,13.452,15.141,18.926,23.629,19.579,18.805,9.7891,21.642,8.3436,7.8662,17.879,9.5195,14.139,28.894,42.642,11.999,29.365,5.8621,29.461,9.8978,8.3757,1.1004,6.3901,0.74786,1.3549,18.59,0.80746,32.321,26.023,27.316,10.226,14.804,21.671,3.7953,14.669,3.1626,11.199,12.931,15.021,8.3566,10.661,25.986,19.97,9.6428,0.98971,7.5618,1.4358,0.43652,0.31706,0.33198,16.334,8.0189,12.015,19.672,20.972,13.765,7.9718,0.44739,0.81712,0.32885,0.3118,0.33107,0.31096,0.66898,0.32893,4.1289,0.33704,0.35556,4.0027
1985,4,48.035,30.727,25.822,20.577,13.882,24.812,33.856,36.244,37.457,36.818,35.618,36.251,35.905,36.905,37.792,51.503,45.027,53.723,61.505,61.759,43.097,38.742,44.441,43.351,79.924,67.404,91.278,92.285,78.291,66.341,43.193,68.477,65.454,69.285,86.849,86.453,86.178,82.654,81.321,72.099,60.091,33.698,36.853,53.266,24.187,21.034,57.133,39.925,21.009,15.523,25.248,22.445,5.5675,4.7691,7.1829,0.55099,0.30449,6.2053,0.2929,1.1444,6.0762,5.5793,11.184,12.283,5.8542,3.3021,5.0336,8.2707,5.6875,5.5749,8.322,3.1151,1.8577,2.154,0.32496,0.098368,0.11683,0.37282,15.746,17.395,14.009,16.28,8.8706,7.7074,1.8734,4.6743,0.10638,0.51638,0.10747,0.10773,2.3007,5.546,1.3771,0.43595,2.0415,2.4624,1.4982,21.33,24.025,24.545,21.341,17.712,12.183,24.22,26.192,29.159,22.628,17.622,11.301,10.632,12.688,16.509,18.896,25.893,20.85,21.902,24.423,20.011,12.135,18.195,3.7792,16.937,7.4989,1.963,0.12636,15.989,14.546,1.5472,0.12836,13.786,5.2963,0.13766,2.6819,0.13879,0.5405,0.1278,0.12634,0.12235,0.1174,0.11601,17.841,1.5351,2.9062,2.0288,0.35423,3.3967,8.3042,16.019,14.44,10.633,1.6265,2.1185,0.13125,0.12566,4.544,5.9702,1.9631,29.593,38.089,29.832,25.113,21.855,33.522,25.289,21.202,12.417,22.469,21.25,20.969,21.083,15.275,19.114,12.702,11.968,0.10406,11.602,0.11298,1.2451,9.8404,9.4447,0.11118,0.11568,0.11589,0.11599,17.49,17.694,3.9086,0.30599,1.764,2.576,12.505,28.873,27.397,22.71,26.855,28.333,40.795,42.136,35.984,23.845,27.499,25.696,25.536,22.646,16.673,23.362,18.951,13.872,26.037,19.283,23.647,6.8786,10.838,21.139,38.954,19.187,14.354,15.681,46.457,19.845,38.471,52.37,28.306,25.702,25.957,32.428,29.903,25.3,26.048,24.819,27.654,16.432,12.301,8.3053,12.652,5.536,5.2974,16.149,7.2893,12.013,24.362,28.814,13.145,22.142,5.5884,33.211,10.326,8.0179,0.54159,5.6642,0.27807,0.78479,14.873,0.30003,18.542,15.874,16.592,7.9352,10.849,13.806,3.0263,11.683,5.068,16.171,7.8607,10.04,6.1196,8.6707,20.951,17.293,14.201,4.6378,12.352,7.6447,5.3717,1.9405,2.7568,12.886,7.1441,10.023,15.576,16.701,12.721,10.348,2.9273,4.6308,0.48596,0.97179,0.17407,1.2413,7.1507,4.5379,13.491,0.12524,0.74711,12.557
1985,5,110.21,82.738,81.025,98.565,84.241,82.985,84.628,51.616,63.746,45.461,50.799,48.506,51.226,51.521,49.564,65.659,105.31,113.27,111.64,102.7,114.19,106.2,110.28,111.04,130.14,129.77,146.8,144.64,112.5,96.339,70.218,91.208,99.253,90.78,124.41,109.59,109.54,99.018,99.485,86.479,72.896,44.389,66.157,60.566,27.733,21.284,71.438,46.585,18.023,12.504,25.65,25.707,4.2816,2.6538,5.2057,0.20474,0.11314,42.634,9.3615,24.576,73.37,43.497,53.269,41.806,27.623,22.257,17.908,28.964,15.007,18.195,43.729,54.521,47.159,78.771,2.3076,1.6576,2.4164,2.9633,54.799,50.859,52.221,53.954,46.399,36.858,20.887,24.339,12.172,12.438,11.872,17.042,34.138,23.649,16.537,9.7859,21.42,21.231,15.254,86.107,110.46,116.55,97.232,58.236,65.256,58.062,67.306,69.138,63.823,59.994,21.977,28.146,38.087,41.924,32.801,58.876,56.534,52.889,57.553,58.974,49.764,51.429,25.414,25.562,15.851,2.868,0.046953,16.031,16.381,2.1627,0.047696,15.45,8.7172,0.051151,6.7224,0.051572,1.1652,0.047487,0.046947,0.045464,0.043623,0.043108,26.992,0.57039,1.0799,0.75385,0.82361,13.407,20.712,28.93,25.298,21.421,3.1771,1.4303,0.048769,0.046694,2.2522,5.2211,0.72942,27.231,28.758,26.069,23.343,21.987,21.495,19.159,10.439,6.2557,34.002,29.686,23.365,25.629,12.28,15.197,6.9491,6.0855,0.038665,6.9365,0.041983,0.46266,4.8157,8.0051,0.041312,0.042985,0.043063,0.043101,22.591,20.375,6.2288,0.56278,0.65548,0.95719,8.8978,24.135,25.771,116.03,116.34,106.61,113.54,114.54,109.79,95.173,105.38,83.576,77.306,94.222,85.785,95.673,84.058,56.936,81.024,54.673,45.357,11.265,20.974,58.421,70.079,26.14,20.476,23.223,44.098,27.166,41.253,43.359,29.987,31.534,28.819,45.955,45.297,38.076,37.314,30.891,35.514,22.059,23.041,16.962,26.031,16.551,17.254,25.626,23.682,36.928,60.712,44.843,68.798,35.552,10.119,40.529,10.887,17.474,0.24707,3.2585,0.10332,0.29161,24.354,0.11149,22.81,21.025,27.54,23.822,27.408,29.866,16.655,30.509,21.65,35.144,18.802,26.09,21.606,30.188,44.675,41.987,35.433,22.254,33.981,26.857,17.413,5.2032,11.175,67.065,58.376,59.983,65.997,59.867,48.682,37.491,19.922,20.337,4.6889,2.3715,3.6672,2.703,20.898,12.325,53.246,3.0957,14.939,57.599
1985,6,69.711,55.61,52.413,63.775,62.762,57.981,60.704,53.646,63.705,51.698,55.534,53.735,54.527,53.054,52.234,59.126,67.627,76.224,78.889,80.947,70.449,68.669,71.707,71.447,89.806,92.339,116.66,113.58,80.773,59.955,43.097,52.534,62.954,45.78,90.87,63.748,62.717,46.638,50.336,48.106,51.855,48.776,63.705,70.08,59.14,55.881,81.576,66.847,52.53,47.83,51.737,48.927,37.788,34.947,42.064,23.352,11.388,113.52,68.887,72.287,70.427,83.001,70.776,146.87,135.8,127.02,135.27,121.87,140.79,132.52,89.354,78.863,107.73,95.655,144.94,134.94,138.29,140.2,133.68,137.5,128.08,127.2,121.83,139.69,136.53,141.62,122.96,131.08,120.66,120.93,122.09,136.94,145.37,164.71,163.81,167.29,173.6,150.6,135.12,130.82,141.43,157.84,148.36,144.36,148.28,148.01,145.91,143.96,75.438,86.824,98.115,96.498,79.779,139.85,126.03,85.155,103.99,134.82,97.574,82.839,72.011,66.963,63.657,48.123,25.807,51.513,56.917,46.595,29.098,59.244,64.554,22.975,70.484,16.657,49.944,0.017646,0.020592,6.8905,0.016209,0.016018,47.369,7.2213,0.40126,0.28011,19.374,42.872,48.003,54.034,50.09,49.384,32.142,23.187,0.069618,2.9123,26.269,34.907,17.94,59.08,54.754,60.898,60.343,61.061,49.268,54.789,26.247,23.938,85.499,73.214,60.878,60.743,35.723,36.022,30.487,26.099,2.3577,29.566,0.0156,5.4414,19.009,41.122,0.01535,0.015972,0.016001,0.016015,86.335,84.998,63.117,31.115,0.24356,0.35567,20.411,47.237,55.627,75.312,75.327,72.392,72.281,69.627,62.732,49.893,68.684,57.232,60.087,51.884,47.482,51.532,49.946,53.58,52.945,56.661,74.155,50.42,50.628,54.336,60.497,61.892,62.468,77.257,84.773,94.11,77.335,83.098,98.113,71.965,95.386,71.559,73.144,77.69,79.486,90.781,79.323,68.839,86.928,104.81,98.707,104.35,130.67,121.01,121.72,113.97,122.12,115.43,129.48,99.461,71.499,66.206,51.184,87.313,55.014,42.541,16.619,49.347,100.91,19.99,59.701,61.557,76.227,84.893,86.614,88.192,79.629,86.252,113.66,113.9,84.159,81.528,85.219,91.125,73.05,84.148,109.5,145.05,119.42,165.3,184.43,185.6,177.85,96.167,91.369,94.185,100.17,99.799,103.17,108.78,156.13,154.85,176.58,185.56,174.8,187.78,189.41,191.94,170.65,170.91,175,165.56
1985,7,88.802,96.191,93.861,102.79,102.53,99.371,105.33,87.993,71.822,81.884,79.16,81.129,77.636,73.875,77.633,78.621,116.18,112.54,108.07,95.399,90.228,99.05,103.58,101.13,104.03,89.477,80.261,79.604,65.322,53.551,49.354,49.841,54.399,42.072,65.755,51.196,50.062,38.72,42.262,40.175,41.413,37.347,48.41,41.098,36.016,35.867,47.679,42.457,35.17,33.422,35.77,35.127,29.443,28.315,33.079,27.323,22.528,52.41,41.786,42.865,43.279,43.428,40.123,48.058,43.691,42.338,38.239,39.827,37.822,38.3,41.326,39.092,39.828,40.315,34.82,34.47,34.852,35.081,39.87,39.442,37.357,36.881,35.138,38.495,36.566,40.139,35.333,37.161,35.69,34.741,34.412,31.552,30.116,30.209,30.982,30.894,30.21,35.074,35.41,35.407,35.183,34.625,34.679,36.26,35.986,36.197,35.821,35.466,38.129,37.699,38.181,38.82,38.505,36.534,36.493,37.48,37.34,36.021,36.183,36.852,32.478,35.194,31.712,28.549,21.92,31.841,32.79,27.771,22.328,30.755,28.24,16.502,26.678,14.28,25.121,3.9554,4.8297,19.332,0.006023,0.0059518,102.75,42.303,36.9,48.864,87.305,93.034,96.653,104.08,102.39,96.637,72.107,64.618,17.007,30.315,56.125,66.655,49.051,61.615,61.608,59.547,59.818,60.561,58.588,56.844,58.7,47.392,45.442,39.805,46.78,36.981,35.238,31.142,45.579,47.211,24.761,67.362,0.97954,28.529,37.49,31.399,0.0057039,0.005935,0.0059456,0.0059509,114.9,116.37,110.87,96.259,52.231,29.717,68.133,61.49,61.137,84.424,84.15,81.386,82.987,84.482,85.66,87.118,88.182,92.383,94.027,89.487,84.375,87.295,82.62,87.128,82.809,82.187,103.73,91.732,60.856,67.638,58.574,52.69,55.09,45.882,38.787,39.343,37.989,40.332,39.753,38.953,39.667,38.294,36.524,37.465,37.826,39.106,39.84,57.796,46.599,43.05,39.687,35.955,33.419,37.624,34.138,36.078,45.823,50.625,49.184,50.862,43.729,37.809,37.621,47.339,38.682,34.789,24.363,36.428,49.19,26.514,37.053,36.612,38.417,37.511,38.075,38.862,35.012,34.995,32.8,31.764,38.876,36.024,34.088,31.116,29.735,30.343,30.947,30.73,31.192,31.602,30.657,28.406,29.614,30.856,29.307,29.936,31.738,31.008,30.846,30.645,30.491,30.554,28.306,27.639,28.032,27.733,31.179,29.909,33.788,27.797,30.169,33.903
1985,8,74.416,59.661,53.928,61.742,63.075,58.855,61.246,58.916,55.614,57.379,57.007,57.355,55.637,53.144,54.748,53.052,63.126,62.531,61.808,58.21,85.359,73.366,71.196,73.267,61.207,63.21,52.918,52.343,44.714,38.324,36.876,35.419,38.539,35.087,47.234,40.479,40.395,36.866,37.414,34.817,33.183,28.888,47.826,35.513,29.29,28.52,37.406,32.033,26.847,24.873,26.761,26.29,21.554,20.527,26.776,33.379,35.445,51.443,38.402,34.72,28.683,29.808,23.348,41.616,32.897,30.979,25.209,25.389,25.21,25.005,25.558,23.559,25.829,26.529,25.062,24.792,24.883,24.827,42.983,41.218,38.496,37.769,33.14,34.394,27.425,30.907,26.449,25.298,25.983,27.753,30.51,31.884,29.303,23.732,25.474,25.462,23.932,23.821,23.316,23.207,23.785,27.228,26.586,33.292,30.183,30.461,30.814,30.867,50.227,49.92,45.255,44.381,48.559,35.133,36.585,44.743,40.69,33.615,39.803,43.221,40.32,49.892,45.832,48.396,44.838,50.081,51.056,47.525,44.155,47.265,43.406,36.36,39.92,36.293,43.396,42.952,45.52,56.552,29.227,19.72,141,144.42,75.34,93.68,127.09,140.11,146.69,168.86,161.64,156.86,160.52,156.71,145,145.76,145.53,137.71,118.34,78.046,83.673,75.189,71.823,68.901,78.702,69.606,80.953,75.096,46.771,44.814,52.512,47.289,53.932,51.066,65.736,73.307,78.639,105.95,60.177,74.435,66.714,52.711,35.148,20.663,9.6122,21.231,112.25,108.57,104.72,107.15,83.122,66.897,88.691,98.561,87.477,87.296,87.567,88.282,88.928,89.549,90.595,92.511,90.631,95.023,96.271,89.393,89.708,91.532,87.804,99.054,93.226,98.537,101.57,98.969,89.183,83.396,62.657,73.201,74.292,50.711,32.668,36.139,32.135,34.387,35.187,33.989,35.112,33.953,32.447,33.37,33.658,34.917,35.385,64.051,49.792,50.593,42.348,43.734,49.865,40.935,44.614,42.032,48.98,47.702,57.185,50.353,43.494,33.129,32.777,48.772,43.999,33.016,34.141,44.413,53.81,38.092,50.287,51.018,48.76,50.667,50.473,47.514,51.134,51.706,44.067,45.377,39.925,45.407,47.417,54.76,58.059,55.306,45.172,33.21,42.003,28.096,23.973,22.928,24.868,38.015,36.582,38.268,38.535,39.567,42.636,42.961,28.859,30.451,23.048,21.951,22.455,21.772,23.017,22.483,23.605,21.742,22.571,23.695
1985,9,76.186,54.19,49.34,52.156,55.818,53.323,48.109,45.977,40.128,44.285,43.224,44.056,41.265,37.619,40.186,39.145,44.401,46.913,49.077,50.54,77.393,63.415,57.568,59.639,53.613,60.972,65.132,62.153,37.083,23.165,18.971,18.622,24.211,17.655,43.355,26.384,26.142,19.306,20.328,17.719,16.895,13.94,29.725,20.39,14.319,13.599,25.031,17.197,12.693,11.812,12.759,12.529,10.39,9.9315,12.685,20.534,29.76,39.571,32.902,31.532,28.007,30.143,25.099,40.006,35.067,33.824,30.141,29.209,30.736,29.973,27.777,24.651,27.156,25.721,31.797,31.119,31.24,31.347,41.593,41.101,39.531,39.254,36.376,37.06,32.103,34.431,30.95,29.833,30.226,31.985,34.551,37.743,37.57,36.373,38.043,38.149,37.079,40.846,42.203,42.525,41.605,40.038,40.458,40.168,40.587,40.58,40.527,40.426,35.422,34.448,34.231,35.254,38.825,40.759,42.057,46.332,44.687,41.359,44.987,46.765,53.874,50.4,56.638,55.926,55.538,55.507,54.611,56.603,56.834,58.587,61.777,61.014,63.939,58.882,59.317,45.038,44.148,47.612,30.471,23.492,153.82,123.62,95.318,112.56,141.17,154.38,158.91,173.05,166.97,161.51,150.28,143.04,120.16,121,122.76,122.66,97.679,61.471,70.805,56.486,51.996,48.006,63.811,50.38,69.64,58.064,27.254,28.986,35.197,34.893,48.133,51.857,50.098,55.558,58.626,95.459,49.66,51.432,49.715,54.392,35.205,25.305,18.559,25.074,130.03,125.3,122.25,124.54,102.18,85.319,91.124,94.422,75.037,89.778,89.506,88.353,86.406,83.328,77.318,67.067,84.115,75.756,79.676,65.859,63.621,68.03,62.83,80.145,69.979,81.613,101.44,103.32,76.05,61.389,40.97,57.847,57.438,31.857,17.105,18.876,17.099,18.244,17.912,18.504,17.982,18.987,18.492,18.496,18.476,18.355,18.306,42.562,29.073,29.399,23.681,25.26,31.377,22.277,28.745,28.404,31.7,24.397,42.689,28.503,23.204,17.348,15.24,28.51,26.922,16.206,22.428,30.077,36.636,29.617,38.529,40.801,33.954,34.862,34.548,30.674,35.379,36.95,39.911,43.465,21.912,28.074,30.312,39.633,44.974,44.147,43.298,40.711,42.215,38.996,36.424,34.995,36.624,38.758,38.265,38.576,39.313,39.736,40.302,41.395,38.869,39.127,35.696,34.293,35.548,34.135,36.056,35.176,38.708,35.541,36.685,39.185
1985,10,48.027,53.057,43.231,54.518,63.11,57.59,71.612,65.453,70.294,63.378,65.483,64.342,63.887,61.54,61.703,60.119,84.783,83.654,79.23,68.918,61.682,67.072,76.843,76.034,76.443,68.509,58.808,58.484,52.263,45.788,43.033,41.132,46.119,44.525,57.421,51.71,52.007,50.957,49.932,43.883,37.687,27.206,58.48,40.46,19.743,15.694,38.75,26.11,13.335,12.135,17.552,18.881,11.668,10.69,11.899,32.226,63.17,102.08,79.645,79.044,79.468,78.555,68.223,91.928,75.661,73.469,55.01,58.372,54.682,55.627,68.463,59.376,54.867,53.45,52.236,52.517,52.654,52.958,77.01,73.796,67.56,65.528,57.236,64.066,53.145,64.625,53.267,53.686,53.365,53.063,54.171,56.037,58.892,61.542,64.831,65.235,64.087,75.498,80.071,81.204,77.815,71.249,74.107,71.724,73.32,73.368,73.27,73.251,59.088,59.544,60.694,62,63.521,72.98,73.906,76.085,75.225,73.605,75.775,76.143,75.49,71.899,73.424,72.239,71.834,70.869,71.815,72.082,71.769,71.452,72.044,71.387,71.889,68.194,67.716,54.292,52.89,52.622,39.049,33.752,61.654,50.031,32.065,39.734,56,66.615,66.53,64.895,62.855,64.631,62.422,57.134,50.95,53.02,55.935,58.211,52.95,59.177,58.002,58.519,56.999,56.221,52.971,52.583,43.152,43.974,42.134,45.648,49.055,54.202,59.592,65.934,48.628,44.95,44.314,50.325,42.238,43.697,47.213,61.367,38.921,34.275,30.613,34.905,82.363,83.858,77.545,63.576,41.259,32.223,43.953,60.014,61.659,50.359,51.111,54.937,56.18,57.998,62.833,73.359,60.169,76.194,77.017,73.144,73.249,71.524,74.024,78.796,75.936,78.194,78.294,67.461,64.606,74.962,70.705,70.786,68.061,71.912,65.173,74.342,64.436,74.736,75.556,72.237,73.994,58.105,53.999,60.081,60.963,68.849,49,54.508,46.432,68.821,43.312,49.509,77.583,79.992,77.806,76.239,95.632,75.044,105.31,65.09,42.573,33.158,14.846,60.788,51.919,18.259,35.4,56.08,80.809,54.934,59.528,62.483,56.507,61.604,61.173,53.347,60.473,60.042,64.552,64.778,32.726,43.444,49.91,66.149,63.937,65.427,62.981,64.106,63.376,64.389,62.26,59.404,61.52,59.83,56.946,58.295,60.283,58.636,61.464,61.731,63.281,62.298,61.151,58.7,61.504,58.542,62.683,60.793,69.61,62.422,64.834,70.823
1985,11,19.956,20.536,18.098,20.77,22.474,21.38,23.355,22.326,22.618,21.901,22.155,22.036,21.786,21.173,21.377,21.063,24.816,24.99,24.532,23.144,23.061,23.487,24.623,24.627,24.466,23.596,22.094,21.939,20.013,18.32,17.352,16.915,18.408,19.369,21.441,21.139,21.443,23.305,21.955,19.838,17.067,13.214,20.381,16.074,9.9999,8.4209,15.985,12.34,7.4003,6.8624,9.2621,9.8292,6.6977,6.2264,6.6951,14.327,24.272,34.046,35.667,41.936,60.751,56.09,67.533,47.789,56.664,58.306,64.163,64.998,63.793,64.544,65.225,68.494,65.953,66.398,62.224,62.639,62.643,62.682,34.869,35.987,35.665,35.3,39.018,44.626,55.481,55.264,57.02,63.776,59.178,51.748,42.25,29.818,27.632,34.776,31.931,30.595,29.226,52.138,64.128,67.34,57.933,39.243,45.099,36.153,40.383,40.343,39.765,39.68,23.547,24.898,27.653,28.397,25.925,36.03,36.709,35.222,36.325,38.259,37.652,36.227,33.932,27.071,27.882,25.695,25.577,25.032,25.443,25.659,25.609,25.487,26.046,26.014,26.444,25.678,25.691,22.981,22.716,23.166,19.588,17.609,24.514,21.025,13.873,17.384,23.506,26.743,26.757,26.691,26.04,26.484,24.748,23.16,21.216,21.824,22.912,24.498,23.028,28.324,29.061,28.304,27.132,26.129,27.524,25.819,22.634,24.494,19.935,19.993,21.29,21.64,23.308,23.797,23.956,24.613,21.969,23.58,20.005,22.076,23.099,24.418,19.821,17.72,16.286,18.117,27.667,27.769,26.765,24.371,18,14.212,21.461,31.021,30.269,20.797,20.99,21.898,22.15,22.483,23.288,24.656,22.95,25.399,25.653,24.566,24.481,24.422,24.546,26.089,25.226,26.77,26.464,25.096,29.742,27.362,24.921,33.748,31.494,28.897,26.409,27.515,28.71,36.202,26.358,36.549,25.374,22.204,19.199,21.258,21.486,22.881,18.442,24.716,21.283,24.872,19.792,21.913,28.669,26.035,26.973,26.446,27.833,22.633,31.02,22.152,17.346,14.219,7.9952,21.431,19.549,9.4471,15.283,20.49,25.169,21.12,22.833,23.62,22.95,25.013,24.909,22.891,24.982,25.081,26.445,27.126,16.395,20.316,22.47,27.403,27.101,27.307,26.419,27.866,26.689,28.953,26.732,23.578,25.639,26.532,25.952,26.205,27.428,26.75,26.292,25.89,27.855,26.478,25.468,23.007,25.991,22.881,27.486,25.184,39.075,27.317,30.705,41.52
1985,12,7.4153,7.6306,6.7247,7.7176,8.3508,7.9444,8.6781,8.296,8.4044,8.1379,8.2323,8.188,8.0952,7.8673,7.9432,7.832,9.2768,9.4127,9.1953,8.631,8.5688,8.7271,9.1492,9.1508,9.1867,8.7994,8.2877,8.2312,7.7094,7.359,6.9999,6.8146,7.3559,8.5077,8.3206,9.019,9.229,10.657,9.8579,8.8629,7.3254,5.4015,7.7591,9.0775,3.7157,3.129,6.0395,4.6777,2.7498,2.5499,3.4886,3.743,2.4887,2.3136,2.4877,5.4557,10.522,15.052,15.914,18.029,22.289,21.43,23.067,19.858,21.557,21.805,22.218,22.451,22.157,22.297,22.769,22.93,22.443,22.434,21.831,21.899,21.907,21.926,15.588,16.037,15.919,15.783,16.967,18.641,20.705,21.021,20.976,22.106,21.349,19.976,17.826,13.618,12.524,15.587,14.453,13.857,13.232,20.654,23.074,23.63,21.902,17.167,18.923,16.1,17.548,17.536,17.351,17.323,10.075,10.971,12.512,12.856,11.383,16.054,16.306,15.726,16.162,16.855,16.652,16.122,15.173,11.622,12.025,10.558,10.516,10.114,10.396,10.532,10.526,10.399,10.765,10.828,11.055,10.776,10.767,9.8076,9.7153,9.9771,8.7106,7.8648,9.196,7.8125,5.1548,6.4676,9.1213,10.64,10.626,10.64,10.338,10.557,9.345,8.6057,7.8835,8.1092,8.6634,9.7836,9.3161,12.666,13.044,12.708,12.152,11.646,12.43,11.592,10.097,11.188,8.7791,8.5158,9.0761,8.9821,9.6027,9.4919,10.683,11.217,9.6284,10.014,8.5114,9.7936,10.233,10.232,8.8241,7.8739,7.2763,8.1001,10.28,10.318,9.9453,9.0756,6.6897,5.2813,9.1682,13.903,13.547,7.7278,7.7993,8.137,8.2303,8.3542,8.6533,9.1615,8.5276,9.4375,9.532,9.1282,9.0964,9.0745,9.1207,9.8022,9.4319,10.447,9.8335,9.5428,13.184,11.446,10.315,15.103,14.105,12.958,12.358,12.435,13.271,18.258,11.802,16.233,11.254,9.6977,7.6548,8.9454,9.0754,9.7593,7.4403,10.935,9.3816,10.713,8.6847,9.716,12.729,11.35,11.788,11.511,11.772,9.138,13.317,8.9033,6.8439,5.356,2.9708,8.5765,7.7082,3.5265,5.8257,8.0424,10.243,8.6775,9.4484,9.8119,9.8299,10.953,10.91,10.035,10.969,11.02,11.655,12.006,7.127,8.9302,9.9426,12.164,11.989,12.073,11.649,12.489,11.815,13.072,11.97,10.135,11.35,11.883,11.654,11.748,12.357,12.029,11.667,11.401,12.527,11.78,11.276,9.7851,11.58,9.706,12.379,11.124,17.096,12.302,13.922,17.864
1986,1,19.273,11.609,33.225,64.996,41.978,37.806,22.28,7.1049,9.1982,4.39,5.2803,5.2754,4.9359,3.97,4.7114,7.9547,12.904,11.618,15.129,7.443,11.344,8.0684,9.104,8.2552,25.091,7.6077,3.8335,5.8753,6.4547,4.0393,2.601,8.9774,3.3061,3.6018,6.4511,7.6587,6.1062,4.0527,4.4399,4.0722,3.4497,2.0071,2.8831,7.044,1.3807,1.1627,4.1665,1.881,1.0418,0.94749,1.2963,1.3908,0.92474,0.85967,0.92438,2.0272,3.9099,7.7554,5.9132,6.6993,8.282,7.963,8.5713,8.1581,8.0102,8.1024,8.2558,8.3424,8.2329,8.285,8.4605,8.5201,8.3393,8.3358,8.1119,8.1373,8.1401,8.147,6.2768,6.7117,5.9986,6.1795,6.3046,6.9266,7.6935,7.811,7.7943,8.2141,7.9327,7.4227,6.6236,5.0602,4.6537,5.7916,5.3704,5.1489,4.9169,7.6747,8.5737,8.7804,8.1381,6.3787,7.0313,6.8679,7.1775,8.0306,6.5738,6.4369,5.1019,4.7814,5.7463,7.554,8.9542,7.215,6.2331,7.0573,7.5487,6.2803,6.1877,6.0981,5.6378,8.94,5.9747,3.9456,3.9077,11.926,10.089,3.9393,3.9111,15.045,11.047,4.0236,12.784,4.0041,7.0196,3.6443,3.61,3.7186,3.2366,2.9224,19.793,2.9639,1.9154,2.4032,3.4557,6.5122,12.808,34.432,28.679,19.398,5.3879,4.6506,2.9293,3.0132,6.6201,7.9642,3.7153,14.771,20.084,17.889,15.321,14.665,21.063,18.459,13.741,5.9476,27.648,19.397,18.685,12.944,5.3413,8.9755,5.2915,5.7207,3.5777,10.837,3.1626,3.6391,5.1797,8.6273,3.2788,2.9258,2.7037,3.0098,3.8199,3.8341,3.6954,3.3723,2.4857,1.9624,3.4067,5.2174,7.8147,2.8715,2.898,3.0235,6.7442,10.613,8.8746,4.4214,3.1687,4.8989,4.6463,4.0413,3.38,4.089,3.3891,3.6423,4.1891,3.8817,3.9665,3.5459,4.8988,4.2532,3.9247,5.6119,5.2411,4.8149,4.7757,4.624,4.9894,7.8386,4.3867,6.0527,4.1818,3.6034,2.8443,3.3239,3.3722,3.6263,2.7647,12.711,12.12,3.9872,11.34,4.5713,4.7299,4.2176,4.3801,4.2773,6.2606,9.4971,6.198,11.282,2.543,1.9902,1.1039,4.1413,2.8642,1.3104,2.1647,3.3143,17.26,3.2244,9.4355,7.5171,8.6537,4.0822,4.5432,7.5425,4.0759,4.5392,4.3307,4.4828,9.5527,6.9128,4.1127,4.5198,5.4352,4.7368,4.3286,4.6406,4.39,4.8573,4.4477,3.766,4.2174,4.4154,4.3302,4.3651,4.7578,4.7626,4.3351,4.2363,4.6547,4.3774,4.1899,3.6359,4.3029,3.6065,4.5997,4.1333,6.3524,4.571,5.1731,6.6379
1986,2,9.7557,6.7794,13.374,20.749,16.125,14.376,10.723,4.2944,5.5229,2.3495,3.0358,3.0384,2.7927,2.0439,2.6403,4.9418,7.3193,6.7155,8.2645,4.4739,6.6183,4.8496,5.4192,4.9257,13.219,4.5611,1.847,3.471,3.9296,2.1913,0.96647,5.5042,1.5559,1.5938,3.8594,4.5848,3.5087,1.5618,2.0842,1.9485,1.6908,0.74578,1.0713,3.7214,0.51303,0.43202,2.4803,0.78464,0.39926,0.35207,0.48167,0.51679,0.34361,0.31944,0.34348,0.75326,1.4528,3.933,2.1972,2.4893,3.0774,2.9589,3.1849,3.4671,2.9764,3.0106,3.0677,3.0999,3.0592,3.0785,3.1437,3.1659,3.0987,3.0974,3.0142,3.0236,3.0247,3.0272,2.6119,2.9159,2.2794,2.4813,2.3426,2.5738,2.8587,2.9024,2.8962,3.0522,2.9476,2.7581,2.4612,1.8802,1.7292,2.152,1.9955,1.9132,1.827,2.8517,3.1858,3.2626,3.0239,2.3702,2.6127,3.0414,3.0391,3.7685,2.5187,2.3918,2.6104,2.1737,2.7283,4.0813,5.1554,3.3458,2.4201,3.2706,3.6021,2.3441,2.2992,2.3307,2.0949,5.1257,3.001,1.4797,1.452,6.835,5.8802,1.4794,1.4533,8.2145,6.3662,1.4951,7.2067,1.4878,3.9633,1.3541,1.3414,1.3887,1.2027,1.0859,11.11,1.1643,0.71173,0.89297,1.3243,3.6178,7.2935,22.109,17.841,12.592,3.2715,2.8729,1.0885,1.1196,6.7642,8.2775,2.1238,8.0558,10.109,9.3133,8.3008,8.0327,12.581,9.838,14.338,9.3167,12.459,9.8139,9.5814,7.3454,2.8798,5.321,2.7354,6.2017,1.3294,9.8854,1.1752,1.3522,2.6987,5.0573,1.2183,1.0871,1.0046,1.1184,1.4194,1.4247,1.3731,1.2531,0.92364,0.72918,1.2658,1.9698,4.1794,1.067,1.0768,1.1235,4.0649,6.268,5.3252,2.1973,1.1774,2.5504,2.323,1.8698,1.2559,1.9229,1.2593,1.3534,1.9431,1.4423,1.6577,1.3176,1.8203,1.5804,1.5137,2.0853,1.9475,1.7891,1.7745,1.7182,1.854,2.9127,1.63,2.2491,1.5539,1.339,1.0569,1.2351,1.253,1.3475,1.0273,7.1768,6.956,1.4856,6.6112,2.2256,1.7575,1.5672,1.6276,1.5894,3.2681,5.621,2.9679,6.5741,0.94493,0.7395,0.41018,2.0625,1.0643,0.4869,0.80435,1.4229,9.08,1.1981,5.5838,4.4042,5.1067,1.5244,1.9703,4.3976,1.5145,1.9442,1.6092,1.6788,5.7899,4.1011,1.7713,1.6795,2.5561,1.9085,1.6084,1.7243,1.6312,1.8049,1.6527,1.3994,1.5671,1.6406,1.609,1.622,1.8672,1.9423,1.6108,1.5741,1.7296,1.6265,1.5569,1.351,1.5989,1.3401,1.7091,1.5358,2.3604,1.6985,1.9222,2.4665
1986,3,59.578,71.354,113.11,149.15,134.24,132.68,101.56,20.754,9.9095,6.2724,7.211,8.45,5.8405,2.3437,5.394,14.625,92.137,79.16,79.737,35.445,32.352,42.3,52.842,46.12,98.925,34.695,10.404,17.5,8.412,1.4375,0.35912,5.8685,0.67626,0.92898,16.373,10.732,8.1436,2.3556,3.7651,3.7082,3.8264,0.39391,1.0066,13.398,1.0768,2.0022,12.81,5.812,5.0447,3.4795,3.6569,1.1882,0.30542,0.66013,0.2891,0.27989,0.53984,1.4614,0.81644,0.92496,1.1435,1.0995,1.1834,1.2883,1.106,1.1187,1.1399,1.1518,1.1367,1.1439,1.1681,1.1764,1.1514,1.1509,1.12,1.1235,1.1239,1.1249,0.97052,1.0835,0.84698,0.92198,0.87047,0.95635,1.0622,1.0785,1.0762,1.1341,1.0953,1.0249,0.91451,0.69866,0.64253,0.79965,0.74148,0.7109,0.67887,1.0596,1.1838,1.2123,1.1236,0.8807,0.9708,1.1301,1.1293,1.4003,0.93588,0.88873,0.96996,0.80771,1.0138,1.5165,1.9712,1.2432,0.89924,1.2153,1.3384,0.87102,0.85433,0.86604,0.7784,2.5342,1.1151,0.54982,0.53953,6.4143,4.6204,0.54971,0.54001,9.537,5.4126,0.55553,6.9759,0.55285,1.8832,0.50316,0.49843,0.516,0.44688,0.40349,11.443,4.6045,0.26446,0.33181,0.49206,1.6936,4.9234,13.813,11.166,8.2579,3.3236,4.2951,1.3602,0.73473,7.4003,7.724,1.9704,3.5626,9.1531,4.1403,3.0927,2.9848,9.9145,4.4371,9.8364,8.0973,9.359,6.5215,4.613,4.2737,1.0701,3.2673,1.0593,5.0099,0.49397,6.5885,0.43666,0.50245,1.0334,2.6312,0.45271,0.40396,0.3733,0.41556,3.8005,9.0194,2.4417,0.48192,0.3432,0.27095,0.47036,0.73192,1.553,0.39646,0.54521,0.57181,11.25,22.728,24.002,18.124,4.5828,19.777,18.264,16.674,5.7167,15.296,5.7818,1.7779,13.563,2.2639,13.463,0.48966,0.67638,0.59112,6.4588,0.77484,0.72363,0.66479,0.74056,0.63843,0.68889,2.2952,0.60567,0.8357,0.57738,0.49752,0.39272,0.45893,0.4656,0.50069,0.39933,2.6667,2.5854,0.55201,2.927,0.82696,0.65306,0.68606,0.60476,0.59057,2.1018,12.148,1.1028,9.5249,0.35111,0.71752,0.15241,0.82946,0.39546,0.19524,0.29888,0.52872,8.8478,0.44519,2.6877,1.7684,1.9909,0.56644,0.73213,1.634,0.56275,0.72243,0.59794,0.62381,2.1514,1.5239,0.65819,0.62405,0.94977,0.70916,0.59764,0.64072,0.60613,0.67065,0.61409,0.51997,0.5823,0.60963,0.59787,0.60269,0.69383,0.72171,0.59855,0.5849,0.64267,0.60438,0.5785,0.50201,0.5941,0.49795,0.63508,0.57068,0.87707,0.63111,0.71424,0.9165
1986,4,144.52,167.94,221.31,261.1,279.66,252.54,200.12,185.5,145.34,160.56,156.73,163.84,153.59,138.03,155.11,169.62,142.07,147.87,162.25,170.95,103.97,118.77,127.72,126.74,172.38,162.25,174.02,182.58,169.91,141.48,102.99,157.13,134.54,133.07,170.02,170.66,165.71,142.41,149.22,140.01,129.42,88.377,63.396,113.36,75.665,81.936,121.29,110.34,90.439,81.031,91.997,81.913,55.475,54.971,65.255,16.764,0.20059,2.3748,0.30337,0.34369,0.82494,0.55528,0.85433,14.859,14.961,8.5831,27.525,21.936,30.606,25.118,3.385,5.9771,24.9,37.94,27.317,20.1,22.222,23.139,4.3314,9.1199,6.8513,9.4244,12.378,20.769,28.488,24.827,14.684,21.586,13.855,14.043,11.613,0.26108,0.23875,0.29713,0.27552,0.26415,0.25225,0.39374,0.43986,0.45046,0.41751,0.32725,0.36073,0.41992,0.41961,0.60045,0.34775,0.33023,0.36042,0.30013,0.3767,0.5635,0.76617,0.46196,0.33413,0.45157,0.49733,0.32365,0.31745,0.3218,0.28924,1.2992,0.41434,0.2043,0.20048,3.9954,2.8705,0.20426,0.20065,5.7186,3.3754,0.20642,4.3162,0.20543,0.93859,0.18696,0.1852,0.19173,0.16605,0.14993,24.14,18.39,0.098267,0.12329,0.87449,10.54,16.787,20.676,18.042,16.783,15.256,17.611,11.488,7.3808,14.604,12.762,4.0951,18.923,29.19,17.376,12.085,12.338,18.99,9.0965,6.4975,4.6732,7.0954,3.7307,3.4045,2.3856,0.39762,1.8977,0.3936,2.9398,0.18355,5.5328,0.16225,0.1867,0.384,1.3993,0.16822,0.1501,0.13871,0.15441,38.042,56.718,38.839,12.658,0.12753,0.10068,2.8457,7.3783,10.478,51.173,56.88,45.708,79.765,97.282,105.31,111.85,82.518,106.6,101.74,104.03,92.024,105.43,91.016,63.778,95.669,58.633,78.116,20.127,0.8441,42.723,78.708,1.487,0.70269,2.3264,40.3,6.4264,23.283,53.394,19.759,12.137,19.313,23.191,28.099,20.644,22.491,21.968,42.477,7.0204,0.96107,0.23235,1.3595,0.30728,0.24266,4.9081,0.22471,0.35583,8.6804,51.716,0.40978,49.881,30.845,67.071,69.719,23.314,6.8846,56.19,9.8696,5.8232,26.027,0.35973,1.3475,0.7363,0.79607,0.21048,0.27204,0.60717,0.20911,0.26844,0.22218,0.23179,0.79941,0.56624,0.24457,0.23188,1.3814,0.29014,0.22207,0.23808,0.22522,0.2492,0.22818,0.19321,0.21637,0.22652,0.22215,0.22395,0.25781,0.30973,0.22241,0.21734,0.2388,0.22457,0.21496,0.18653,0.22075,0.18503,0.23598,0.21205,0.3259,0.23451,0.2654,0.34055
1986,5,133.21,158.74,199.48,225.35,242.33,222.23,181.77,184.1,153.76,174.81,169.54,174.47,170.68,167.33,174.16,173.03,133.76,134.28,141.95,154.51,100.64,116.26,118.83,118.26,138.85,138.72,145.22,148.11,160.9,161.92,162.14,172.68,160.97,140.28,146.45,139.85,134.82,112.48,123.81,125.02,129.09,119.84,147.31,163.07,137.39,131.27,152.75,124.98,125.15,119.64,115.79,115.64,110.03,111.63,110.66,45.716,0.074535,3.6708,0.11272,0.12771,0.85054,0.36595,0.74965,18.967,19.825,14.272,32.844,26.596,34.716,30.654,5.6086,11.842,33.257,42.597,37.552,33.15,34.118,33.925,29.436,36.614,37.93,42.891,46.582,42.818,43.869,33.771,33.625,32.232,31.083,38.117,42.937,20.12,0.70369,0.11041,0.10238,0.098154,0.093731,0.54076,0.92063,1.0169,0.36136,0.39407,0.13404,5.4287,5.3501,8.8605,2.4785,0.29095,11.696,4.8942,3.8967,9.8392,24.64,7.1161,3.3909,13.416,12.839,1.7789,0.28401,7.0547,0.35248,30.928,14.893,6.9727,0.080594,48.764,40.314,6.7421,0.52368,48.388,27.866,0.49892,29.609,0.83184,20.377,0.069471,0.19262,6.4986,0.061701,0.05571,117.8,67.103,0.036514,2.4879,50.86,101.75,102.69,78.936,74.973,85.149,78.221,73.695,50.709,51,65.646,74.972,59.852,151.53,158.52,149.06,137.46,133.47,133.99,118.53,66.03,70.601,62.239,47.625,79.789,43.795,34.758,50.214,61.301,72.699,22.386,58.93,0.32177,18.857,36.799,35.339,0.062505,0.055774,0.051541,0.057376,87.351,100.65,95.624,77.452,13.231,0.5717,73.088,155.7,155.34,92.887,90.943,69.895,84.234,95.239,105,119.81,105.61,116.16,116.99,114.04,117.29,115.63,118.97,134.18,133.81,145.85,114.8,103.61,129.39,147.3,149.71,133.35,124.02,106.61,137.03,92.504,133.69,142.03,106.02,123.89,107.9,137.48,142.57,130.04,128.94,115.38,124.71,115.68,46.955,50.742,21.877,3.3446,4.2577,62.366,20.803,39.313,47.377,72.232,4.7793,53.94,57.751,142.47,111.7,40.282,26.577,88.843,33.431,18.042,25.458,3.937,37.117,29.442,23.783,1.7914,4.9998,13.407,0.077699,5.4813,0.082556,10.003,11.481,8.8052,3.2174,8.1346,31.837,23.719,10.595,0.088463,7.1127,0.092596,0.084787,0.071792,0.080398,22.123,11.495,16.497,31.369,33.555,17.376,9.1638,0.088733,0.083446,0.079873,0.069312,0.082026,0.068752,0.087685,0.078794,0.1211,0.087137,0.098615,0.12654
1986,6,56.433,77.172,98.346,117.41,138.19,122.23,100.6,121.47,88.635,118.33,109.71,115.39,107.86,101.65,110.2,101.45,65.386,67.312,74.991,86.926,41.319,53.998,55.505,52.495,70.402,64.18,78.246,78.191,75.712,67.29,69.948,66.169,66.859,57.083,73.524,62.295,60.756,50.576,54.396,52.557,52.499,46.877,61.937,73.895,59.324,53.004,71.681,51.952,47.313,43.907,43.579,43.658,40.052,40.176,41.767,33.75,0.061647,19.249,5.1288,8.171,18.972,19.435,23.264,51.838,58.604,54.387,75.263,66.531,78.213,73.483,37.713,44.05,64.658,63.428,84.21,80.108,80.833,81.074,48.931,54.607,53.8,55.543,61.052,66.076,75.69,69.868,70.279,74.545,69.548,68.256,63.611,49.288,24.02,24.716,12.415,9.2516,5.7565,45.308,53.746,55.718,46.625,35.369,23.822,44.776,48.357,52.837,41.622,31.919,35.221,32.697,35.277,42.222,44.651,45.704,38.171,43.231,46.502,36.67,24.034,37.26,18.393,41.508,33.235,22.362,6.68,40.39,39.873,21.94,9.9645,42.123,37.383,11.722,39.922,15.02,36.982,16.493,19.884,35.07,12.137,4.7972,60.173,54.411,0.013568,4.3478,37.381,54.223,57.945,64.468,59.848,61.687,62.672,59.485,53.439,55.975,63.338,65.796,62.872,83.668,89.618,83.058,76.915,72.606,81.725,72.788,57.232,66.467,60.945,51.626,55.695,44.639,36.769,37.353,56.271,66.651,52.52,55.893,27.52,51.815,52.114,42.019,11.278,5.2153,0.29743,6.3499,34.277,34.44,32.136,32.149,11.205,0.9977,55.019,102.03,94.357,36.662,36.97,35.108,37.159,37.117,35.183,31.991,35.085,32.582,33.532,33.61,31.705,32.371,32.692,41.507,39.728,51.535,37.069,46.071,85.504,55.812,53.669,85.917,85.116,72.552,70.489,63.398,66.412,66.299,68.739,60.316,70.066,69.798,80.119,75.944,75.547,74.046,68.521,71.61,55.13,55.49,47.989,28.735,23.438,57.949,40.136,47.559,51.445,54.67,21.474,40.505,37.442,68.673,45.12,34.69,28.774,40.373,30.517,25.589,30.7,15.383,42.183,39.718,42.588,24.05,30.431,41.357,11.621,36.233,17.715,46.747,45.818,43.429,33.029,38.712,61.194,53.664,45.473,20.06,40.278,21.279,13.237,5.8094,9.0271,32.758,25.992,30.784,39.707,43.579,37.965,36.612,13.186,17.98,2.4827,3.1154,1.1056,3.6016,15.32,10.398,27.469,0.089214,3.1028,26.24
1986,7,24.899,30.635,35.542,39.411,40.478,38.12,35.204,38.233,35.035,37.956,37.258,37.788,37.034,36.262,37.223,35.96,28.27,28.761,30.55,32.851,19.46,24.282,25.148,24.322,29.42,28.687,30.663,30.838,31.078,29.568,30.351,29.732,29.399,26.631,32.383,27.831,27.274,23.982,25.382,24.672,24.419,21.95,43.38,48.105,34.076,27.898,39.808,24.595,22.865,20.527,20.011,20.215,18.456,18.576,19.459,21.38,3.2509,22.388,10.687,12.115,15.44,16.333,15.715,30.791,28.318,26.637,29.321,27.54,29.983,28.899,20.608,21.343,26.899,26.747,31.081,30.102,30.305,30.384,41.778,42.277,42.495,43.461,41.311,37.762,33.292,31.947,31.106,29.032,29.902,33.524,38.675,42.495,34.467,27.999,24.705,22.983,19.729,31.393,31.093,30.978,30.739,33.592,28.411,41.098,39.021,40.437,37.745,34.962,49.773,49.472,46.805,47.72,50.224,42.765,40.373,44.806,43.977,37.984,35.447,41.22,35.104,51.225,47.993,47.146,37.107,52.137,53.249,46.863,40.105,54.426,54.666,43.103,56.851,43.387,52.198,35.834,36.697,41.568,26.812,18.087,25.721,23.81,0.0050414,3.692,19.066,23.901,24.87,25.841,24.992,25.797,25.808,24.68,23.496,24.979,28.457,30.07,32.102,57.237,63.995,54.137,49.224,45.431,55.81,47.025,38.757,41.727,48.598,48.705,43.262,48.238,41.225,45.507,40.8,42.746,35.83,31.541,27.795,38.142,41.41,47.264,22.894,17.651,7.4837,20.133,16.775,16.117,15.05,16.466,8.5725,4.9078,50.88,81.02,68.939,17.214,17.347,16.591,17.432,17.455,16.54,14.211,16.434,14.582,15.606,15.93,15.191,14.819,16.26,27.267,23.905,36.698,18.799,32.993,65.768,40.603,36.352,60.474,58.162,42.214,39.131,32.169,39.145,36.267,32.804,36.371,34.174,45.677,54.063,47.522,46.057,39.071,39.253,46.618,41.818,32.345,41.85,32.995,23.387,29.574,29.561,35.191,37.476,28.569,31.046,26.149,22.149,43.882,21.86,24.104,21.674,20.031,21.384,22.583,27.264,18.403,49.577,50.178,50.962,47.288,49.647,51.311,40.259,50.134,39.172,48.015,46.966,48.031,41.924,42.392,56.53,52.236,48.209,33.463,44.851,31.477,26.486,21.708,24.455,46.555,44.457,45.655,48.144,49.601,46.531,45.716,28.514,32.453,16.54,18.251,13.337,18.938,26.934,24.62,29.012,8.7946,15.505,28.103
1986,8,21.945,30.205,28.382,32.416,31.675,30.527,38.582,32.003,19.635,29.324,26.072,27.926,26.408,26.207,28.131,31.801,49.439,49.506,47.233,41.659,21.676,32.586,37.551,34.196,45.727,36.019,37.94,37.778,32.681,29.448,28.638,28.499,29.618,27.051,39.712,29.444,29.142,26.402,27.258,26.602,26.745,25.811,53.661,64.794,59.185,53.52,56.455,37.474,42.854,35.541,29.133,27.158,26.318,26.37,42.684,72.607,82.613,123.51,93.121,88.917,97.934,90.54,78.29,128.97,116.08,110.77,110.54,104.71,110.68,107.81,90.491,100.77,122.19,135.89,119.61,119.55,118.63,116.49,152.85,150.59,150.88,151,149.46,141.66,130.17,125.04,128.42,117.88,126.03,136.13,145.13,146.66,143.8,135.56,149.77,149.43,136.92,197.01,219.78,225.75,209.49,183.4,193.77,206.48,200.71,202.14,201.79,201.36,303.27,294.34,285.41,286.96,295.17,210.82,224.19,274.35,252,213.16,252.77,273.88,291.05,302.37,310.02,313.25,310.93,317.96,313.5,314.99,314.55,322.66,326.43,323.87,330.2,324.18,325.9,313.42,311.78,292.03,292.91,296.22,43.338,66.962,18.194,32.392,37.204,34.016,38.425,55.508,53.511,52.038,59.622,61.074,73.036,78.402,83.553,83.966,107.32,127.51,126.18,129.56,127.9,126.73,124.96,138.67,107.71,129.21,275.68,312.3,240.05,315.61,264.27,305.21,162.65,136.88,157.16,98.47,202.79,195.61,205.35,289,240.27,281.71,273.07,291.36,20.234,16.224,15.495,23.082,33.375,46.915,94.412,125.13,130.44,17.058,17.388,18.232,17.645,16.346,13.962,9.6099,14.243,10.385,12.255,13.434,11.569,10.93,13.482,30.435,25.367,45.238,19.692,52.134,115.57,57.114,48.632,114.17,123.41,96.253,74.066,77.766,74.973,76.652,73.559,78.956,73.597,71.29,75.342,75.789,75.693,74.842,75.397,162.01,236.78,132,282.02,264.42,162.89,95.852,130.15,123.04,126.28,98.104,153.58,105.96,88.955,72.744,60.042,103.08,94.827,61.29,78.478,97.065,116.46,91.037,311.85,309.06,306.45,288.96,290.28,304.22,288.12,286.35,227.45,226.78,342.32,322.45,296.23,251.04,285.07,258.02,221.86,178.25,205.4,158.4,129.56,111.59,129.78,161.26,161.66,166.79,164.22,177.03,188.02,198.29,155.72,158.23,119.09,103.76,117.29,102.41,127.27,116.08,164.28,116.5,133.44,170.84
1986,9,45.627,42.167,40.149,44.879,48.424,45.357,44.556,46.371,47.332,46.257,46.899,46.646,47.48,48.289,47.641,49.173,41.132,43.222,44.686,48.186,47.026,45.868,44.857,44.443,46.764,47.972,55.733,55.622,55.605,55.347,53.187,56.148,55.917,50.551,52.724,51.585,50.65,45.524,47.63,45.046,42.515,36.133,44.538,44.881,40.214,38.418,45.185,37.939,34.811,31.57,31.724,31.769,26.762,25.978,34.671,40.33,42.507,57.413,48.426,48.549,50.985,52.981,50.216,69.123,67.322,65.839,68.139,64.107,69.685,67.464,55.672,54.229,61.384,58.656,73.91,72.367,72.467,72.501,69.122,69.965,68.452,68.337,67.898,70.24,69.715,69.739,68.035,68.329,67.331,67.805,68.289,75.609,80.919,87.388,89.373,90.719,91.056,91.639,90.704,90.414,90.947,90.994,90.109,88.679,90.133,90.215,89.618,89.16,75.003,76.265,78.191,78.533,76.72,88.259,86.379,80.248,83.35,87.835,82.114,80.097,76.654,75.396,74.374,72.585,71.337,72.922,73.501,72.42,71.518,73.073,73.009,71.604,73.396,72.012,73.344,71.539,71.577,68.547,68.442,69.157,26.994,29.099,16.803,23.612,27.79,28.324,29.295,32.102,31.586,31.713,31.974,30.338,31.024,32.494,33.971,35.191,38.122,46.196,46.192,45.467,44.758,44.431,43.484,45,37.342,39.619,67.717,72.371,60.929,73.729,64.059,70.287,46.656,41.469,45.286,37.387,53.715,52.103,53.384,67.665,59.381,66.865,65.076,68.353,23.77,20.184,18.448,22.723,24.798,26.99,40.269,47.504,47.502,47.254,48.234,52.825,50.454,46.622,40.4,28.743,38.972,27.742,28.359,33.741,30.283,31.584,31.405,35.563,37.361,40.423,27.577,34.39,47.962,46.119,44.963,49.747,48.024,46.413,47.541,45.963,49.803,51.459,44.377,53.554,44.281,47.678,46.233,46.425,46.215,44.396,45.674,50.586,62.194,50.637,68.863,68.076,61.699,48.612,55.805,54.979,56.65,49.779,63.88,52.261,48.135,45.501,41.758,50.762,47.21,40.401,41.078,45.823,51.636,43.563,73.898,74.088,75.303,76.398,76.734,75.938,75.067,76.71,82.127,83.321,71.84,73.35,72.231,72.339,76.773,75.711,81.097,87.794,81.354,90.52,92.249,91.766,91.334,63.174,62.803,63.606,64.648,67.227,69.996,75.513,87.831,87.418,90.878,91.558,90.575,91.762,92.927,92.705,92.505,89.946,91.052,92.098
1986,10,58.84,44.753,41.449,34.796,35.597,39.06,33.876,31.773,41.522,32.192,34.909,33.395,34.492,34.269,32.987,30.54,29.225,27.327,27.177,27.019,51.485,44.01,34.605,34.081,27.118,28.053,24.636,24.784,26.811,28.28,29.555,29.47,28.105,27.66,30.592,26.201,25.909,25.329,26.057,27.876,30.622,35.385,78.82,82.739,71.613,63.641,63.061,43.343,54.803,50.954,41.808,40.63,46.846,49.123,52.716,78.745,97.218,116.22,92.593,84.415,78.646,76.058,61.949,100.69,88.271,84.161,76.861,74.323,76.858,75.392,69.247,72.351,84.128,92.234,81.841,82.016,81.425,80.158,91.485,89.327,84.643,82.798,78.366,86.7,81.926,86.127,82.175,81.244,82.439,82.311,77.798,68.631,64.022,62.956,59.218,57.982,57.774,57.041,56.352,56.23,56.764,58.588,58.345,60.179,60.012,60.25,60.28,60.321,56.279,56.127,55.28,55.783,57.539,61.527,61.441,61.386,61.388,60.893,60.754,61.011,59.627,61.494,61.2,61.908,61.561,63.171,62.615,62.079,61.955,63.527,63.772,63.075,64.778,62.149,62.617,51.222,50.457,51.923,41.411,38.49,57.976,35.457,13.138,24.54,46.739,61.188,62.377,64.239,60.646,62.618,57.413,45.968,38.532,43.857,51.259,56.959,52.231,79.562,75.716,80.995,79.741,79.424,69.237,71.491,47.659,53.434,56.963,55.218,64.53,58.254,65.426,65.028,61.768,55.8,48.843,50.355,44.191,48.161,54.871,62.037,44.139,39.372,38.759,39.641,46.421,40.683,36.051,38.029,23.998,19.569,43.671,72.78,78.294,65.851,64.825,61.3,58.542,54.194,46.11,31.764,52.536,34.046,35.793,33.688,32.989,33.919,35.745,41.743,40.759,49.255,41.399,44.666,72.837,56.223,62.314,83.67,87.081,103.99,105.38,115.02,94.45,91.242,121.13,76.532,119.08,95.567,104.29,105.05,106.01,116.6,97.911,74.148,60.598,97.811,56.369,56.001,77.402,116.57,95.919,100.17,122.33,121.02,117.16,101.18,82.814,84.224,57.81,98.23,93.956,61.03,83.57,100.62,116.86,97.572,58.211,58.772,56.99,58.443,58.703,54.902,56.056,56.279,58.9,59.053,43.094,47.769,51.499,60.71,58.025,60.317,59.521,58.446,60.337,58.387,58.211,58.126,58.233,71.733,69.066,68.8,72.202,67.56,65.62,62.722,59.112,59.327,57.773,57.92,57.518,57.942,58.136,58.13,57.589,57.075,57.338,57.42
1986,11,166.77,159.12,134.51,115.62,132.76,143.46,165.81,215.97,206.72,227.2,219.6,222.11,216.73,214.59,218.06,202.15,160.26,158,162.98,170.78,178.22,169,168.85,171.32,175.1,159.91,141.36,141.49,155.41,158.05,173.11,158.01,155.14,165.73,154.95,160.08,161.26,171.11,167.76,169.69,168.79,170.55,169.23,155.97,152.82,152.91,156.44,161.2,156.88,160.47,165.95,168.28,167.01,166.98,153.05,137.29,120.4,123.5,105.63,95.324,83.154,83.168,68.033,110.31,98.053,93.957,90.196,85.712,90.764,88.349,76.722,80.472,95.049,102.02,97.792,97.404,96.822,95.502,125.9,123.44,121.83,121.3,114,113.91,103.08,102.36,101.72,95.082,99.993,106.69,109.69,103.92,94.1,85.807,78.513,75.788,76.947,68.705,65.311,64.538,67.077,74.292,73.085,78.842,76.579,76.912,77.325,77.615,92.043,86.746,83.904,85.559,90.387,80.395,81.199,85.038,83.067,79.422,82.349,84.702,83.211,91.002,88.145,91.006,90.687,96.204,93.591,91.235,90.822,93.799,90.653,88.652,89.56,88.489,90.307,80.721,80.732,90.189,71.09,64.374,176.73,132.73,96.425,127.77,172.58,193.55,197.77,214.25,206.89,204.77,190.65,164.04,146.03,158.5,175.32,184.07,165,196.44,192.09,197.96,196.37,195.79,183.33,181.75,155.85,157.37,121.07,106.57,142.92,103.65,125.29,109.42,155.92,157.59,135.36,164.76,107.57,119.34,128.69,106.61,94.295,70.677,70.702,68.278,154.95,150.46,145.28,148.88,117.39,101.01,148.83,187.44,193.47,175.28,175.8,180.47,181.63,183.24,190.08,202.42,185.25,196.34,193.46,194.51,200.39,198.1,199.99,200.52,203.72,199.66,170.59,158.07,193.11,199,182.79,184.56,189,170.84,153.29,155.42,150.13,147.9,150.1,137.09,147.17,153.5,148.49,146.58,146.38,145.46,147.32,179.38,138.88,169.18,114.35,118.15,153.55,159.75,151.54,146.36,143.69,147.76,140.76,142.79,140.94,148.06,143.83,140.55,137.23,141.32,133.72,133.66,136.14,125.27,98.549,96.212,95.555,90.397,91.349,91.326,83.867,79.999,78.788,71.697,85.516,80.31,88.608,93.351,66.694,77.262,74.751,74.038,79.75,75.695,78.598,80.879,78.73,129.72,127.65,126.38,125.59,115.42,108.1,92.242,79.177,79.613,79.261,81.588,79.025,81.806,78.652,80.155,73.19,78.285,76.584,72.193
1986,12,31.042,29.785,28.214,26.461,27.653,28.564,29.139,30.705,31.606,31.083,31.202,31.087,31.069,30.99,30.924,30.109,28.337,27.963,28.154,28.439,31.115,30.214,29.348,29.393,28.636,28.14,26.594,26.631,27.696,28.062,28.907,28.234,27.897,28.337,28.246,27.847,27.86,28.23,28.191,28.56,28.885,29.445,32.153,31.686,30.974,30.575,30.865,29.739,30.233,30.113,29.747,29.758,30.055,30.178,29.919,30.382,29.862,30.922,28.667,27.449,25.971,25.914,23.343,29.684,28.15,27.577,26.958,26.312,27.037,26.691,24.906,25.488,27.645,28.548,27.995,27.945,27.867,27.687,30.675,30.438,30.139,30.033,29.294,29.605,28.477,28.543,28.334,27.637,28.166,28.801,28.916,28.109,26.982,26.063,25.01,24.596,24.73,23.576,23.015,22.883,23.312,24.452,24.266,25.138,24.839,24.897,24.947,24.981,26.38,25.813,25.451,25.673,26.293,25.402,25.489,25.924,25.707,25.242,25.572,25.862,25.59,26.565,26.242,26.572,26.526,27.266,26.879,26.644,26.661,27.323,27.472,27.414,28.232,27.728,27.986,25.012,24.914,26.085,22.871,21.689,31.341,31.938,25.207,28.662,31.771,32.469,33.305,39.747,38.541,36.583,37.645,35.043,37.62,38.111,38.048,36.16,34.041,33.403,33.083,33.495,33.365,33.321,32.395,32.459,30.459,30.522,28.834,27.647,30.574,27.593,29.745,28.765,30.972,30.633,29.511,32.362,27.248,28.108,29.153,28.801,25.67,22.645,22.594,22.344,29.405,28.736,28.105,28.512,25.94,24.856,29.712,32.813,33.28,31.767,31.755,31.83,31.696,31.457,31.107,30.203,31.332,30.213,30.279,30.165,30.271,30.293,30.531,31.135,31.173,31.753,29.847,29.651,33.037,32.287,31.987,33.188,33.451,33.14,32.306,32.619,31.875,31.683,32.422,30.566,32.21,32.046,31.994,31.907,31.914,32.065,31.73,32.62,30.135,33.005,28.306,28.548,31.72,32.963,32.162,31.984,32.421,32.441,32.271,31.72,30.93,31.337,29.859,31.466,31.052,29.861,30.35,30.985,31.698,30.271,27.127,26.936,26.778,26.337,26.456,26.231,25.466,25.036,25.034,24.099,24.745,24.53,25.701,26.725,23.28,24.888,24.536,24.392,25.223,24.617,24.973,25.233,24.985,30.113,29.844,29.761,29.877,28.957,28.302,26.726,25.089,25.158,25.01,25.298,24.961,25.326,24.978,25.155,24.243,24.836,24.653,24.095
1987,1,25.059,11.144,11.825,11.235,10.275,10.614,10.827,11.409,12.163,11.55,11.609,11.555,11.558,11.533,11.495,11.188,10.529,10.394,11.155,10.567,25.319,13.029,11.995,12.137,17.904,11.647,9.9178,10.71,10.293,10.427,10.741,10.491,10.366,10.529,11.145,10.605,10.385,10.49,10.475,10.612,10.733,10.941,11.947,12.235,11.509,11.361,11.602,11.05,11.234,11.189,11.053,11.057,11.168,11.213,11.117,11.289,11.096,11.49,10.652,10.2,9.6504,9.6292,8.6739,11.03,10.46,10.247,10.017,9.777,10.046,9.9178,9.2543,9.4707,10.272,10.608,10.402,10.384,10.355,10.288,11.398,11.31,11.199,11.16,10.885,11,10.582,10.606,10.528,10.269,10.466,10.702,10.744,10.445,10.026,9.6843,9.2932,9.1394,9.189,8.7601,8.5517,8.5029,8.6623,9.0856,9.0168,9.3407,9.2296,9.2513,9.2696,9.2824,9.8022,9.5915,9.4572,9.5396,9.77,9.4388,9.471,9.6329,9.5521,9.3793,9.5019,9.6096,9.5085,9.8708,9.7578,9.8811,9.8802,10.193,9.9883,9.9328,9.9879,10.374,10.677,10.763,11.342,11.052,11.156,9.4247,9.3587,9.8197,8.4983,8.0593,11.788,13.624,10.648,11.847,12.566,12.358,12.974,17.039,16.422,15.256,16.059,14.935,16.473,16.603,16.421,15.234,14.151,12.412,12.395,12.446,12.398,12.381,12.127,12.061,11.688,11.475,12.621,10.368,11.36,10.253,11.165,10.891,11.578,11.468,11.298,12.995,10.4,10.544,10.903,11.149,9.5487,8.4143,8.3953,8.3024,10.926,10.678,10.443,10.594,9.9545,9.9036,11.324,12.193,12.366,11.827,12.012,16.65,27.798,30.728,22.503,11.741,11.893,12.517,12.226,11.471,11.248,11.763,11.345,11.569,11.605,11.799,11.313,11.018,12.276,11.997,11.885,12.332,12.43,12.314,12.004,12.121,11.844,11.773,12.047,11.357,11.969,11.907,11.888,11.856,11.859,11.915,11.79,12.121,11.197,12.264,10.518,10.608,11.787,12.248,11.951,11.884,12.047,12.054,11.991,11.797,11.493,11.644,11.095,11.692,11.538,11.096,11.277,11.513,12.432,11.248,10.08,10.009,9.9502,9.7861,9.8305,9.7468,9.4627,9.3028,9.3019,8.9545,9.1946,9.1146,9.55,9.9304,8.6504,9.2478,9.1169,9.0636,9.3724,9.147,9.2794,9.3761,9.2838,11.189,11.09,11.058,11.102,10.76,10.516,9.9307,9.3223,9.348,9.2932,9.4,9.275,9.4104,9.2813,9.3471,9.0082,9.2283,9.1606,8.953
1987,2,11.978,4.1871,5.1011,4.9094,3.818,3.9438,4.0232,4.2394,4.6941,4.2919,4.3136,4.2936,4.2946,4.2856,4.2714,4.1572,3.9124,3.8646,4.5364,3.9266,12.074,5.7488,5.0468,5.1586,8.9446,4.9652,3.7072,4.4329,3.826,3.8745,3.9911,3.8982,3.8518,3.9124,4.5095,4.0927,3.8787,3.8977,3.8923,3.9433,3.9881,4.0655,4.4394,6.7006,4.2766,4.2215,4.3905,4.106,4.1742,4.1576,4.1072,4.1086,4.1497,4.1666,4.131,4.1949,4.123,4.4921,3.958,4.2049,5.5172,4.5521,5.8331,4.8202,4.0193,3.8076,3.7442,4.2997,3.7493,3.7351,4.6909,4.1172,3.9868,5.1808,3.8652,3.8583,3.8475,3.8228,4.2353,4.2025,4.1612,4.1466,4.0446,4.0888,3.9319,3.9674,3.9121,3.8158,3.8888,3.9765,3.9924,3.881,3.7254,3.5985,3.4531,3.396,3.4144,3.2551,3.1776,3.1595,3.2187,3.4044,3.3504,5.6942,5.4347,6.9772,4.2841,3.4799,3.9347,3.5721,3.6673,4.983,7.4274,6.5873,4.3913,5.9458,6.6429,3.904,3.5307,4.0247,3.5332,7.1921,3.6837,3.6716,3.6712,8.4725,7.2356,3.6908,3.7113,8.0635,4.3002,3.9993,4.2532,4.1068,4.1452,3.502,3.4775,3.6488,3.1578,2.9946,6.093,5.0623,64.012,29.885,7.3672,4.592,7.2797,34.648,33.731,17.281,5.9671,5.5495,6.1211,6.1695,9.5242,10.07,6.2561,8.2955,17.61,9.2771,7.8834,7.1087,26.074,15.168,50.783,17.808,14.361,10.39,9.9654,9.3549,6.1157,9.0643,9.5556,13.818,4.198,29.81,3.8644,4.2044,9.4923,5.9512,3.5481,3.1266,3.1195,3.085,4.06,3.9676,3.8805,3.9366,14.794,38.706,24.581,4.5485,4.8685,4.409,4.5902,8.0377,12.944,13.863,10.976,4.6607,4.5681,5.335,5.0767,4.4178,4.1795,4.6624,4.2154,4.2987,4.3254,4.3841,4.3355,4.0938,4.5614,4.4578,4.4164,4.5822,4.6185,4.5756,6.3891,4.5037,4.4009,10.403,5.7149,4.2202,5.0903,4.4245,4.4174,4.4054,4.4064,4.5343,4.3809,5.0011,5.2179,4.6458,5.5469,3.9416,4.4377,6.3618,4.4406,4.416,5.324,6.3993,4.4557,4.9646,4.2704,4.3266,4.1227,4.3445,4.2873,4.1229,4.1904,4.278,10.651,4.1796,7.8493,6.1633,6.0988,3.6363,3.6849,4.5262,3.5161,3.4567,3.4564,3.3273,3.4165,3.3868,3.5485,3.6899,3.2143,3.4363,3.3876,3.3678,3.4825,3.3988,3.448,3.4839,3.4496,4.1577,4.1206,4.109,4.1252,3.9981,3.9077,3.69,3.464,3.4735,3.4532,3.4928,3.4464,3.4967,3.4487,3.4732,3.3472,3.429,3.4039,3.3267
1987,3,92.955,79.862,123.64,134.28,114.85,130.37,94.935,45.977,70.124,34.384,43.264,40.742,38.238,29.024,32.845,40.421,71.548,66.824,76.419,51.183,54.642,54.13,53.9,47.871,105.73,52.964,47.599,56.578,31.513,10.545,1.7362,15.871,8.7453,5.2743,39.696,26.592,22.211,7.2306,10.662,7.8005,6.2987,1.5106,1.6496,7.1993,1.5891,1.5686,10.373,3.6831,1.551,1.5449,1.5432,1.5267,1.5419,1.5482,1.535,1.6519,1.532,3.1572,1.6276,3.334,5.3115,3.5585,6.6072,2.7091,1.5732,1.4148,1.4047,1.9749,1.4031,1.4182,3.1807,1.962,1.5829,2.5851,1.4362,1.4337,1.4297,1.4205,1.5737,1.5615,1.5462,1.5408,1.5029,1.5201,1.461,1.4902,1.4536,1.4179,1.445,1.4776,1.4835,1.4421,1.3843,1.3371,1.2831,1.2619,1.2687,1.4303,2.1275,2.3161,1.4188,1.2823,1.2449,5.7054,5.5846,8.5873,3.1366,1.3609,4.0352,1.5763,2.4632,7.3702,14.226,7.1881,3.5866,10.281,10.459,2.3973,1.3507,5.0816,1.3128,13.368,3.164,1.3643,1.3641,17.401,13.382,1.3714,1.379,15.118,3.7804,1.486,2.3023,1.526,1.5402,1.3013,1.2922,1.3558,1.1734,1.1127,16.26,1.922,107.81,71.517,20.213,3.6095,10.856,34.045,36.48,21.268,2.3074,2.2114,2.2744,2.2924,5.4627,6.1435,2.8696,7.815,19.873,6.36,4.8097,4.0145,17.229,9.18,23.692,9.2834,25.897,24.869,15.891,22.729,9.3083,17.815,5.4988,7.6665,1.5599,19.112,1.4359,1.7311,5.6288,6.1078,1.3184,1.1618,1.1591,1.1463,4.3798,5.766,2.249,3.1712,54.097,89.653,54.463,3.7445,2.5658,11.223,15.329,16.795,39.631,48.647,35.818,9.6462,13.763,11.512,10.483,11.024,2.1877,10.168,2.249,1.5973,5.9965,1.629,9.1829,1.9782,1.6949,1.6564,2.9659,1.7026,1.7161,1.7002,3.333,1.6735,1.6353,6.6288,2.7832,1.5681,2.2562,1.6441,1.6414,1.6369,1.6373,1.7493,1.6278,2.72,5.0066,1.7799,7.3851,1.4646,1.6841,3.2747,1.65,1.6409,2.4486,5.5948,1.6556,8.7839,1.5868,1.6077,1.5319,2.1092,1.593,1.532,1.8191,3.2506,23.217,2.3293,17.585,11.977,11.127,1.3512,1.8315,5.6461,1.3065,1.2844,1.2843,1.2363,4.0785,1.2972,1.3186,1.3711,1.1944,1.2768,1.2588,1.2514,1.294,1.2629,1.2812,1.2946,1.2818,1.5449,1.5311,1.5268,1.5328,1.4856,1.452,1.3711,1.2871,1.2907,1.2831,1.2979,1.2806,1.2993,1.2815,1.2905,1.2438,1.2741,1.2648,1.2361
1987,4,110.08,89.26,112.85,134.72,107.82,98.277,77.551,53.962,69.13,46.367,52.918,50.433,51.698,48.818,48.944,55.763,67.917,62.256,63.7,55.024,85.671,74.504,69.099,70.278,74.601,67.071,54.576,58.13,60.09,50.898,26.018,64.828,47.12,43.105,51.661,64.173,59.147,42.231,48.81,37.94,24.993,0.64885,0.61294,4.9965,0.59047,0.58286,6.7467,2.4178,0.57633,0.57404,0.58377,0.56727,0.57295,0.57528,0.57036,0.67002,0.56925,1.8868,0.69867,2.0302,3.0777,2.0258,3.8754,1.3013,0.58455,0.52571,0.52194,0.73384,0.52136,0.52695,1.6135,0.78411,0.58819,0.96056,0.53367,0.53272,0.53123,0.52781,0.58476,0.58023,0.57454,0.57252,0.55844,0.56482,0.54287,0.55374,0.54014,0.52685,0.53693,0.54903,0.55122,0.53585,0.51436,0.49684,0.47677,0.46888,0.47143,0.66268,1.3104,1.4751,0.65957,0.47647,0.46259,3.3024,3.2793,4.96,1.7495,0.53547,2.6403,0.73036,1.4656,4.5768,7.8408,4.1352,2.0985,6.0661,6.0814,1.287,0.5254,3.3396,0.48782,7.4698,2.0654,0.50693,0.50688,9.1248,7.4748,0.50958,0.51241,8.2058,2.3872,0.55218,1.2492,0.56702,0.57232,0.48352,0.48013,0.50378,0.43599,0.41347,63.677,28.994,142.55,118.44,69.312,31.751,47.945,85.074,87.042,65.986,28.476,32.183,9.3037,8.4624,27.084,25.917,7.2893,10.126,24.302,5.1401,3.1915,2.1424,18.308,5.7719,33.589,3.5142,12.563,11.701,9.3482,11.004,5.6195,9.2819,2.1083,2.8487,0.57962,39.159,0.53356,0.64325,2.2166,3.614,0.48988,0.43168,0.43071,0.42594,76.016,77.231,56.099,48.257,106.31,125.06,78.784,12.302,3.9244,71.457,72.6,53.675,75.62,87.919,90.548,80.918,79.727,80.635,77.659,73.378,52.267,77.595,47.848,27.812,58.019,22.509,74.362,37.133,0.62979,4.67,10.491,0.63266,0.63768,0.63175,1.2385,0.62182,0.60763,2.8403,1.0342,0.58268,0.83835,0.61089,0.60991,0.60825,0.60838,0.65,0.60487,1.3564,3.0353,0.66136,4.5151,0.54422,0.62576,1.2168,0.61311,0.60971,0.90984,3.1679,0.61519,5.459,0.58961,0.59737,0.56921,1.069,0.59194,0.56924,0.83096,2.0557,11.492,1.2996,9.1996,6.8925,6.4858,0.50206,0.93728,3.5923,0.48547,0.47727,0.47722,0.4594,2.8007,0.5055,0.48994,0.50946,0.4438,0.47444,0.46773,0.46499,0.48083,0.46927,0.47606,0.48103,0.47629,0.57404,0.56893,0.56733,0.56956,0.55202,0.53953,0.50948,0.47827,0.47958,0.47677,0.48225,0.47584,0.48278,0.47616,0.47954,0.46215,0.47344,0.46997,0.45932
1987,5,74.418,50.442,51.014,67.294,64.61,55.148,49.572,36.729,30.566,30.883,30.932,31.53,31.141,30.283,31.703,37.097,47.574,45.157,44.725,40.303,76.767,62.713,55.6,56.019,49.192,45.955,39.252,40.414,43.595,43.283,33.896,48.484,41.698,44.259,38.611,49.452,48.13,45.752,46.688,38.804,26.615,0.30788,0.22776,2.2717,0.2194,0.21658,2.7565,0.89841,0.21415,0.2133,0.21692,0.21078,0.21289,0.21376,0.21193,0.24896,0.21152,0.70108,0.25961,0.75438,1.1436,0.75275,1.44,0.48354,0.21721,0.19534,0.19394,0.27268,0.19373,0.1958,0.59954,0.29136,0.21856,0.35692,0.1983,0.19795,0.19739,0.19612,0.21728,0.2156,0.21349,0.21274,0.2075,0.20987,0.20172,0.20576,0.2007,0.19576,0.19951,0.20401,0.20482,0.19911,0.19112,0.18461,0.17716,0.17423,0.17517,0.24624,0.48693,0.5481,0.24508,0.17705,0.17189,1.2271,1.2185,1.843,0.65009,0.19897,0.98107,0.27138,0.54456,1.7007,2.9135,1.5366,0.77975,2.254,2.2597,0.47823,0.19522,1.2409,0.18126,2.7756,0.76744,0.18836,0.18835,3.3906,2.7775,0.18935,0.1904,3.3131,0.9261,0.20518,1.4837,0.21069,0.21266,0.17966,0.17841,0.18719,0.162,0.15363,69.58,82.029,52.039,51.407,46.323,36.933,44.711,58.022,56.979,51.743,53.251,66.519,63.606,51.376,51.635,39.316,21.459,9.8326,21.044,4.3271,2.0989,1.1034,14.884,3.3836,21.839,1.345,4.9182,4.3477,3.956,4.0889,2.1233,3.45,0.82183,1.0585,0.21537,29.332,0.19826,0.23902,0.85672,1.5515,0.18203,0.1604,0.16004,0.15827,90.422,92.35,77.042,53.801,52.928,51.128,45.092,23.501,7.8748,82.926,82.914,75.705,80.548,80.138,73.387,57.765,76.443,64.175,65.796,57.253,47.407,58.839,45.067,43.531,49.872,39.082,78.201,55.061,0.23402,11.458,11.204,0.23508,0.23695,0.23474,0.46018,0.23106,0.22578,1.0554,0.38427,0.21651,0.31151,0.22699,0.22663,0.22601,0.22606,0.24152,0.22475,0.51444,1.1278,0.24575,1.6777,0.20222,0.23252,0.45213,0.22782,0.22656,0.33808,1.1771,0.22859,2.0284,0.21909,0.22197,0.21151,0.39722,0.21995,0.21152,0.30876,0.76384,4.4503,0.48288,3.4183,2.5611,2.41,0.18655,0.34827,1.3348,0.18039,0.17734,0.17732,0.1707,1.0407,0.18783,0.18205,0.1893,0.1649,0.17629,0.1738,0.17278,0.17867,0.17437,0.17689,0.17874,0.17698,0.2133,0.2114,0.21081,0.21163,0.20512,0.20048,0.18931,0.17771,0.1782,0.17716,0.17919,0.17681,0.17939,0.17693,0.17818,0.17172,0.17592,0.17463,0.17067
1987,6,35.918,28.338,30.439,34.108,31.212,29.258,24.876,17.525,13.987,14.782,14.675,15.015,14.66,14.121,14.847,16.806,23.884,22.095,21.599,19.081,31.758,29.239,25.719,25.461,23.406,21.285,18.5,18.683,18.365,17.808,14.739,19.355,17.321,17.771,16.956,19.672,19.233,18.109,18.54,16.383,12.535,0.1229,0.084629,0.8441,0.081525,0.080475,1.0242,0.33383,0.079573,0.079257,0.080601,0.078323,0.079106,0.079429,0.078749,0.092509,0.078597,0.26051,0.096464,0.28031,0.42493,0.27971,0.53508,0.17967,0.080709,0.072584,0.072064,0.10132,0.071984,0.072756,0.22278,0.10826,0.08121,0.13262,0.073683,0.073552,0.073346,0.072874,0.080737,0.080112,0.079326,0.079047,0.077103,0.077984,0.074953,0.076455,0.074577,0.072742,0.074133,0.075804,0.076107,0.073984,0.071017,0.068598,0.065828,0.064738,0.065089,0.091495,0.18093,0.20366,0.091066,0.065786,0.06387,0.45597,0.45277,0.68482,0.24156,0.073931,0.36454,0.10084,0.20235,0.63192,1.0826,0.57095,0.28974,0.83755,0.83965,0.1777,0.072541,0.46109,0.067353,1.0313,0.28516,0.069992,0.069985,1.2599,1.032,0.070358,0.070748,1.3873,0.36783,0.076239,1.1069,0.078288,0.07902,0.066759,0.066292,0.069557,0.060197,0.057087,26.786,31.197,21.675,21.212,20.392,18.58,21.005,24.109,23.729,22.838,24.764,27.211,29.558,26.111,25.897,21.054,14.56,5.303,10.336,2.3227,0.95439,0.41,7.5793,1.4423,11.263,0.49976,1.8275,1.6155,1.47,1.5193,0.78898,1.2819,0.30537,0.39332,0.080028,15.222,0.073668,0.088813,0.31834,0.70065,0.067637,0.059602,0.059468,0.058809,35.263,33.893,28.829,22.875,21.569,21.242,19.037,11.39,4.8588,35.702,35.058,30.239,31.852,31.958,29.657,24.101,31.785,25.791,26.189,24.193,20.591,24.589,19.664,19.196,21.214,17.587,29.513,21.893,0.086955,6.6671,6.0197,0.087351,0.088044,0.087225,0.17099,0.085855,0.083895,0.39215,0.14279,0.08045,0.11575,0.084345,0.08421,0.08398,0.083999,0.089745,0.083514,0.19115,0.41908,0.091314,0.6234,0.07514,0.086398,0.168,0.084652,0.084183,0.12562,0.43738,0.084939,0.75372,0.081408,0.082479,0.078591,0.1476,0.081729,0.078595,0.11473,0.28383,1.6536,0.17943,1.2702,0.95164,0.89548,0.069319,0.12941,0.49599,0.067028,0.065896,0.065889,0.063429,0.38669,0.069795,0.067646,0.070341,0.061275,0.065506,0.064579,0.064201,0.066388,0.064792,0.06573,0.066415,0.065761,0.079258,0.078552,0.078331,0.078638,0.076217,0.074492,0.070343,0.066034,0.066215,0.065828,0.066584,0.065699,0.066658,0.065743,0.066209,0.063809,0.065368,0.064888,0.063418
1987,7,112.72,83.904,96.666,106.8,106.71,96.448,66.654,68.865,54.055,64.915,62.171,64.419,58.997,52.079,57.774,48.719,38.943,35.349,39.012,42.962,93.087,75.778,54.314,53.901,39.132,42.055,36.771,35.56,27.539,18.808,17.701,16.395,18.616,14.464,33.83,20.382,20.021,15.29,16.305,14.415,13.022,1.6073,23.045,50.232,4.1231,1.8845,23.521,1.3878,0.65172,0.02945,0.02995,0.029103,0.029394,0.029514,0.029261,0.16519,0.029205,10.64,0.035844,0.10416,0.15789,0.10393,0.19882,7.2647,0.029989,0.026971,0.026777,0.037649,0.026748,0.027034,0.082778,0.040228,0.030176,0.04928,0.027379,0.02733,0.027254,0.027078,5.6503,7.6849,3.3299,5.2261,0.57239,1.2238,0.027851,0.028409,0.027711,0.027029,0.027546,0.028167,0.028279,0.027491,0.026388,0.025489,0.02446,0.024055,0.024186,0.033998,0.06723,0.075676,0.033838,0.024444,0.023733,4.8948,3.5681,6.9891,1.2064,0.027471,6.781,4.1424,3.9797,9.3483,20.696,7.3753,2.8404,13.327,12.379,0.88093,0.026955,5.5097,0.025027,21.922,6.768,1.0331,0.026005,27.973,23.743,1.302,0.026288,28.216,20.443,0.028329,21.08,0.02909,14.808,0.025252,0.25741,5.1838,0.022368,0.021212,80.876,91.576,11.825,23.589,53.047,71.217,73.799,75.094,70.253,75.276,88.963,87.81,97.532,94.277,91.119,84.2,79.673,75.13,64.084,78.703,79.471,80.246,65.724,73.012,52.112,48.97,44.21,30.105,46.519,27.386,36.239,31.036,49.758,47.338,30.866,61.879,10.677,25.901,37.006,33.462,0.025133,0.022147,0.022097,0.021852,109.91,101,82.37,62.266,25.839,11.625,23.596,42.145,61.397,121.44,119.96,112.91,108.29,100.21,83.068,51.713,96.154,60.15,63.182,54.374,48.707,56.266,50.704,50.382,50.589,51.822,80.547,58.598,31.548,45.593,49.24,11.151,19.194,2.5964,29.425,3.4354,14.335,49.739,12.758,8.1109,10.969,7.312,9.7274,6.8702,8.2865,10.646,12.644,63.893,28.213,12.469,13.793,3.2671,8.7379,11.665,3.7685,4.3906,22.729,33.513,8.8623,35.47,1.4173,18.304,0.029202,9.7004,0.32039,0.029204,0.47265,6.3159,47.69,0.91336,24.785,19.014,16.057,0.79863,3.3496,9.1652,0.024906,7.3649,0.024483,9.0409,3.3558,7.4101,3.2765,10.942,31.402,22.188,6.7733,0.023856,3.5732,0.024075,0.024424,0.024678,0.024435,0.39926,0.029188,0.029106,2.7103,5.6971,3.8329,2.0503,0.024537,0.024604,0.02446,0.024741,0.024412,0.024768,0.024429,0.024602,0.02371,0.024289,0.024111,0.023565
1987,8,95.87,61.589,51.116,46.261,48.504,51.425,46.65,38.635,37.553,36.576,37.03,36.965,36.995,36.488,36.805,36.623,42.376,38.199,37.388,35.619,96.542,74.294,58.916,60.888,38.425,44.86,30.878,30.76,33.778,35.161,36.59,35.486,34.521,37.856,41.198,37.497,37.555,40.291,39.071,35.15,28.572,11.54,76.179,75.462,28.826,16.844,48.627,10.284,6.8851,0.07512,0.011129,0.010814,0.010922,0.010967,0.010873,8.7721,1.4117,31.346,8.8542,11.841,7.8966,7.265,6.611,23.836,6.2167,1.6317,0.0099499,0.28066,0.074202,0.010045,1.7126,0.014948,0.011213,0.018311,0.010173,0.010155,0.010127,0.010062,11.302,13.052,7.2078,8.8409,2.2362,5.5625,0.010349,2.9296,0.010297,0.010043,0.010235,0.010466,0.010508,0.010215,0.0098053,0.0094712,0.0090888,0.0089384,0.0089869,0.012633,0.024981,0.02812,0.012573,0.022541,0.0088185,10.088,6.7684,10.011,3.869,0.56586,32.061,28.615,25.965,30.274,35.839,12.602,8.2644,20.539,17.98,4.0743,2.1678,13.377,1.2474,29.903,18.338,12.096,1.1279,31.329,30.893,12.504,3.2574,31.711,28.935,3.2757,29.096,4.8276,25.994,9.0865,11.777,25.808,8.2777,3.9655,186.36,169.81,28.524,62.925,120.81,152.11,156.9,160.65,151.84,155.77,162.48,169.2,156.37,151.24,146.41,142.6,125.2,84.52,77.069,90.56,92.054,93.416,82.962,90.762,82.932,90.903,70.015,52.29,67.025,41.242,43.554,32.002,76.317,87.181,81.407,106.55,58.99,67.226,62.778,39.501,17.311,5.8695,0.88986,4.7846,156.26,148.14,132.38,118.24,60.448,22.942,42.467,65.515,79.037,119.56,117.17,106.34,105.84,104.42,98.595,85.448,110.52,94.66,98.279,82.04,83.111,86.476,84.734,90.027,83.803,88.546,118.82,95.264,71.226,76.902,79.22,58.654,68.206,46.322,66.179,42.21,57.346,69.805,55.32,49.151,55.464,59.08,68.29,60.227,60.709,59.668,55.077,89.191,69.04,54.801,53.949,38.633,35.731,47.807,27.151,24.809,41.291,48.99,21.417,41.04,14.938,58.393,5.0281,27.232,12.619,5.1639,12.115,25.144,45.947,16.688,38.775,35.289,39.023,20.486,26.455,38.35,10.504,27.278,3.8336,14.21,47.301,39.97,30.204,25.366,28.511,24.36,11.399,0.0088642,7.7727,0.0089458,0.0090753,0.0091698,0.0090796,0.64147,0.010846,0.011921,3.8321,7.237,7.1517,5.3712,0.0091172,0.0091423,0.0090888,0.0091932,0.0090709,0.0092034,0.0090771,0.0091414,0.0088101,0.0090253,0.008959,0.008756
1987,9,90.723,80.127,99.403,83.957,79.095,85.448,54.258,41.112,47.938,38.817,41.846,40.568,39.739,36.109,36.86,31.025,35.142,29.007,29.061,28.037,59.477,56.638,39.773,38.842,29.124,29.597,22.612,22.032,21.498,20.238,21.177,19.198,19.883,21.866,26.154,23.331,23.6,25.569,24.365,22.795,20.196,12.523,31.921,31.692,18.273,13.606,26.068,11.698,8.3406,0.87391,0.18364,0.0040781,0.0040584,0.004075,0.0056548,11.244,5.8607,27.751,15.199,17.301,15.053,13.939,12.819,23.129,12.589,6.8849,1.6972,3.4006,2.3799,1.8408,6.9812,1.2632,0.0044909,0.0084028,0.0037802,0.0037735,0.0037629,0.0037387,11.493,12.282,8.044,8.6729,4.0323,8.5413,0.776,7.8231,0.003826,0.0037319,0.0038033,0.003889,0.55549,0.091245,0.0036434,0.0035193,0.0033772,0.0033213,0.0033393,0.004694,0.0092824,0.010449,0.004672,0.04946,0.0032767,8.3121,5.7571,7.56,4.0364,0.95198,23.239,21.423,19.507,21.037,24.455,9.6864,7.9193,16.639,14.15,4.6902,4.3157,13.187,3.8213,22.302,16.843,14.251,4.0356,23.75,23.153,14.38,6.9114,22.79,20.409,5.6984,19.376,6.7322,18.076,9.4589,11.03,17.503,7.7247,4.2215,60.435,49.175,44.321,55.184,64.778,68.077,67.864,67.337,66.663,65.742,60.51,55.472,50.61,51.124,52.079,52.83,45.861,46.741,43.625,46.003,47.059,48.622,41.505,43.764,39.43,35.105,37.036,31.609,39.659,28.353,29.874,25.314,36.106,35.13,32.631,46.698,26.756,29.181,30.28,24.824,13.241,5.8985,1.0475,4.9706,61.85,58.484,56.845,60.018,52.325,37.684,39.083,38.976,43.737,86.873,82.295,62.459,61.802,60.5,53.381,39.468,67.022,41.658,42.822,39.997,37.53,41.422,37.488,38.643,37.606,38.681,51.181,47.545,39.037,35.595,34.749,33.545,38.027,26.977,29.707,22.456,28.153,32.819,25.141,27.681,25.089,27.387,28.327,26.567,26.645,25.972,25.706,47.287,37.561,29.227,29.743,25.276,22.776,23.244,17.586,16.322,24.884,26.862,20.592,27.327,14.921,26.667,6.109,21.99,14.836,6.8888,13.446,21.205,31.185,17.796,27.346,25.584,25.818,17.697,19.958,24.638,13.598,22.439,6.95,14.709,28.977,28.311,24.997,23.58,26.969,23.018,12.938,0.030901,9.5819,0.003324,0.0033722,0.0034073,0.0033738,0.62846,0.00403,0.033672,3.2595,6.0285,7.4527,7.2965,0.0033878,0.0033971,0.0033772,0.003416,0.0033706,0.0034198,0.0033728,0.0033967,0.0032736,0.0033536,0.003329,0.0032535
1987,10,30.932,26.4,27.532,24.819,24.396,25.379,20.433,17.421,18.734,16.849,17.505,17.234,16.92,15.854,16.141,14.183,15.589,13.441,13.463,13.076,25.256,22.788,17.369,17.114,13.485,13.636,10.843,10.57,10.195,9.494,9.9685,8.8861,9.3229,10.33,12.228,11.036,11.168,12.05,11.52,10.878,9.8773,7.8004,15.176,15.475,12.458,11.523,13.131,8.6577,10.091,4.8159,1.3396,0.34,0.001508,0.0015142,2.2043,10.196,7.4004,21.873,15.918,18.215,20.459,17.89,18.398,19.861,14.247,10.786,4.7039,7.6874,5.3784,5.0178,13.107,6.6685,1.5496,1.9973,0.32583,0.0014021,0.077003,0.35047,14.004,14.069,11.723,12.038,9.0784,11.285,3.3843,10.593,0.097489,0.49895,0.0066786,0.44409,4.5296,3.2674,0.0013538,0.0013077,0.0012549,0.0012341,0.0012408,0.0017442,0.0034491,0.0038824,0.001736,1.0599,0.0012176,10.371,6.8808,8.0463,6.1853,3.5759,35.988,36.873,31.011,29.496,32.207,12.151,11.932,21.349,17.451,8.1172,10.88,18.446,9.8217,27.71,21.517,23.064,15.086,28.068,28.385,22.739,17.147,26.037,23.213,13.66,21.375,14.588,22.119,19.924,21.618,27.934,21.178,17.506,31.375,32.894,32.196,33.832,33.751,32.962,33.15,34.474,34.667,34.836,35.464,33.426,35.863,37.797,40.603,41.423,44.553,36.625,34.361,40.405,42.225,43.26,41.547,45.907,49.849,55.355,44.061,40.822,42.575,37.551,37.457,31.321,49.831,53.349,46.947,45.486,37.874,43.784,45.618,31.344,29.961,19.949,13.603,18.752,31.706,30.243,30.233,31.543,31.807,28.94,28.382,25.461,30.851,31.874,31.33,28.355,27.648,26.547,23.638,17.849,27.428,19.229,19.951,18.043,17.027,18.683,17.142,18.275,17.512,18.761,25.087,26.371,24.757,17.594,16.625,21.976,27.322,18.614,15.757,14.535,15.133,17.617,13.913,15.475,13.603,13.942,13.877,13.454,13.549,13.696,14.433,41.163,44.125,31.682,41.658,43.597,42.863,20.269,24.916,17.359,18.704,18.885,20.831,20.329,13.983,14.37,7.6986,17.33,12.813,8.5844,10.714,14.797,20.26,13.06,36.137,34.637,37.587,34.865,35.998,38.868,34.355,40.448,20.871,28.472,42.149,44.603,45.173,48.831,51.358,45.743,27.817,4.0544,22.355,0.69332,0.001253,0.0012661,0.0012536,6.9801,1.4909,7.0722,10.135,15.108,20.54,21.372,0.021065,1.2529,0.0012549,0.0012693,0.0012524,0.0012707,0.0012533,0.0012622,0.0012164,0.0012461,0.001237,0.0012089
1987,11,13.866,10.794,10.711,9.2261,9.0649,9.4895,8.6097,13.167,10.649,15.786,13.379,14.032,12.331,11.482,12.52,12.445,8.407,7.6391,10.975,6.4721,14.004,10.274,7.8287,8.5149,16.497,6.5698,4.0291,3.9276,4.1833,3.5278,3.7041,5.2396,3.4642,3.8385,4.9204,4.7988,4.2743,4.4777,4.2806,4.1998,5.2579,11.896,8.8627,18.157,13.546,16.903,12.445,12.91,24.016,27.964,16.212,12.92,17.602,25.766,15.939,7.3886,4.3917,12.64,10.149,12.02,15.64,13.181,14.534,11.999,10.003,8.3965,4.3905,6.8448,4.65,4.6668,11.15,7.7831,2.4738,3.393,0.33888,0.000521,0.074298,0.38136,7.5795,7.5839,6.6396,6.7708,5.5462,6.627,2.8327,7.2774,0.094139,0.66724,0.0056893,0.42165,3.3312,2.621,0.00050304,0.00048591,0.00046628,0.00045857,0.00046106,0.0006481,0.0012816,0.0014426,0.00064506,0.95033,0.00045242,5.9704,4.1806,4.7113,3.9425,2.6698,15.703,15.623,13.826,13.448,14.553,6.814,6.7846,10.616,9.0675,5.0116,6.4402,9.4913,5.9261,13.335,10.982,11.878,8.7193,13.951,13.92,11.79,9.6035,13.225,12.138,8.2686,11.561,9.8713,13.721,23.313,25.887,26.086,39.93,46.202,20.578,16.331,45.277,39.208,29.479,24.463,24.269,25.77,26.967,25.031,20.853,18.344,17.197,18.452,20.035,21.571,21.625,16.177,15.638,17.297,17.825,18.145,17.817,18.621,23.023,21.508,17.895,17.261,17.652,16.703,16.969,15.513,19.758,21.036,23.585,25.32,30.675,27.472,22.868,17.408,33.489,44.292,39.989,43.896,16.501,15.412,16.879,22.219,32.57,35.784,22.084,12.443,14.118,15.29,15.194,14.582,15.187,16.419,19.807,28.732,17.829,24.176,22.268,23.658,27.803,26.296,25.889,19.713,22.132,15.883,16.042,15.315,11.696,13.732,12.413,10.4,12.753,9.0009,6.9372,7.0172,6.6667,8.4966,6.2831,6.9555,6.051,5.9176,5.6739,5.6238,5.698,5.9712,7.043,17.536,17.901,14.275,17.018,17.17,16.867,10.058,11.859,8.9727,9.2218,10.38,10.936,12.105,9.4537,7.6974,8.9479,10.228,7.4136,9.1483,6.0044,7.4457,10.186,6.5787,16.187,15.683,16.332,15.133,15.567,16.376,14.52,16.309,10.343,12.885,17.029,17.499,17.406,17.993,18.692,17.376,12.634,3.1597,10.881,0.6481,0.00046559,0.00047044,0.00046581,4.789,1.3274,4.8885,6.191,8.2614,10.232,10.509,0.019873,1.1314,0.00046629,0.00047164,0.00046537,0.00047216,0.00046569,0.00046899,0.00045198,0.00046303,0.00045963,0.00044921
1987,12,6.8101,4.1933,3.9798,3.5186,3.3683,3.5261,3.7509,7.1113,5.5099,8.3961,7.1906,7.5367,6.667,6.2716,6.8197,6.9028,4.3422,4.2181,7.7002,3.2701,9.863,4.4921,3.8334,5.1345,16.578,6.651,1.4981,2.0214,1.7847,1.3108,1.3763,2.9095,1.2872,1.4263,3.1872,2.1767,1.663,1.6638,1.5906,1.6551,2.7509,7.1438,18.431,38.031,16.846,20.307,22.087,11.721,23.828,25.022,14.141,10.677,17.044,22.24,21.793,14.008,5.7536,9.0814,7.2945,7.4279,7.9339,6.8964,7.3279,6.0809,4.987,4.2526,2.2853,3.5667,2.3607,2.4331,5.7557,4.3371,1.5131,2.1108,0.14247,0.00019359,0.027608,0.16997,3.2794,3.8995,2.7272,3.2162,2.0617,2.6603,1.2519,3.3943,0.03498,0.36423,0.002114,0.15667,1.2378,0.97391,0.00018692,0.00018055,0.00017326,0.00017039,0.00017132,0.00024082,0.00047622,0.00053605,0.00023969,0.35312,0.00016811,2.2185,1.5534,1.7506,1.4649,0.99202,6.4747,6.0326,5.1858,5.4968,7.7112,2.5319,2.521,3.956,3.3693,1.8622,2.393,3.5273,2.202,6.8206,4.2695,4.7952,3.5051,9.3494,8.0794,4.7795,3.8982,9.4232,5.6805,3.575,5.3478,5.9275,8.6777,21.194,23.832,32.567,40.936,39.629,19.157,6.8472,42.489,41.003,35.71,29.548,32.813,60.611,55.538,47.239,27.503,13.857,7.6523,15.204,37.791,57.725,64.078,53.696,70.658,67.913,62.123,57.106,96.562,81.535,116.3,131.36,33.464,20.008,33.584,13.649,19.191,11.891,80.756,118.47,88.553,89.838,57.622,83.026,79.321,20.464,60.269,42.695,40.55,41.781,11.46,11.766,14.934,20.94,31.235,39.472,44.603,36.731,37.319,7.4908,7.5078,7.4636,9.4976,13.848,25.841,56.051,18.334,45.388,41.704,41.514,55.317,48.436,53.153,50.967,53.422,46.53,22.509,24.14,30.634,46.356,35.3,23.188,22.839,16.578,30.271,13.829,15.83,44.7,26.456,11.246,23.735,9.2188,6.1797,7.5911,9.3866,18.345,14.667,37.227,20.032,12.918,13.931,6.863,6.3367,14.436,4.9574,5.5977,13.754,31.884,5.4388,24.642,13.68,13.268,16.364,12.559,10.799,17.211,10.903,9.6245,25.997,8.0639,10.482,8.3502,9.2849,5.8839,6.0772,8.1375,5.499,6.2056,3.8432,4.7879,10.194,9.0222,6.6544,6.6858,9.3214,7.046,4.6946,1.1741,4.0431,0.24082,0.000173,0.00017481,0.00017308,1.7795,0.49325,1.8164,2.413,3.2866,3.802,3.9048,0.0073845,0.4204,0.00017326,0.00017525,0.00017292,0.00017544,0.00017304,0.00017426,0.00016795,0.00017205,0.00017079,0.00016692
1988,1,123.31,77.861,124.37,129.24,109.64,120.41,89.076,148.5,163.79,157.92,155.95,158.11,150.93,143.16,151.36,150.16,35.002,43.632,74.229,94.296,94.667,58.973,53.13,57.528,106.09,94.1,108.38,121.26,121.28,92.474,67.217,110.39,86.159,72.624,106.72,110.19,101.5,66.882,78.281,66.144,54.018,18.484,43.725,60.583,16.097,17.029,62.28,30.075,18.199,17.44,15.787,13.318,11.794,13.761,15.722,7.9687,3.791,4.8441,3.9176,3.6235,3.0381,2.7756,2.7356,2.5849,1.924,1.6082,0.84918,1.3253,0.8772,0.9041,2.1451,1.6116,0.56224,0.78432,0.052938,7.1934e-05,0.010258,0.063159,1.487,2.3031,1.1946,1.8612,0.77665,1.0288,0.46516,1.2613,0.012998,0.13534,0.00078552,0.058217,0.45993,0.36188,6.9455e-05,6.7089e-05,6.4379e-05,6.3314e-05,6.3658e-05,8.9482e-05,0.00017695,0.00019918,8.9063e-05,0.24051,6.2465e-05,2.8869,2.276,3.642,1.2712,0.39975,5.7426,2.8107,2.3384,4.7981,15.687,3.7422,2.513,10.578,8.6239,1.3743,1.3477,6.9633,4.1987,27.943,19.203,11.821,7.7418,50.464,39.172,12.133,9.7633,49.999,31.269,13.832,28.606,22.431,28.32,37.219,39.409,48.345,40.286,37.645,106.22,18.496,24.981,46.944,102.39,132.79,144.12,192.04,175.5,164.88,121.65,72.155,23.84,52.997,93.665,119.5,91.355,118.82,128.41,121.23,111.47,104.43,113.61,99.103,78.679,79.981,36.749,30.153,58.316,33.145,58.114,59.907,81.092,80.925,67.11,99.041,53.722,63.811,73.054,52.313,53.73,40.943,40.077,40.017,91.229,91.326,83.815,73.053,34.102,24.988,70.095,126.73,118.39,82.499,84.018,92.284,97.548,110.45,116.57,129.49,105.61,125.48,124.17,114.52,124.42,125.13,120.62,133.66,129.6,133.22,107.19,89.326,113.22,114.91,76.237,89.99,90.947,50.76,38.432,27.372,26.44,48,31.708,17.703,29.395,20.338,12.744,14.42,16.484,25.069,19.305,76.065,25.142,29.263,12.445,3.6998,7.654,23.85,6.7239,6.4155,12.417,28.468,2.5841,15.99,8.3493,19.595,15.016,7.1003,6.3527,12.196,6.4787,5.7913,13.314,5.0056,27.68,21.776,12.936,2.1925,2.6683,5.6832,2.0433,3.857,1.4386,6.1651,5.5478,5.8024,3.1473,6.4232,16.581,11.203,4.9653,0.45717,3.5871,0.15629,0.0035176,6.4954e-05,6.4314e-05,0.66121,0.18328,0.67495,0.98814,2.1747,2.2272,2.2654,0.0027439,0.15927,6.438e-05,6.5119e-05,6.4253e-05,6.5191e-05,0.027768,0.0059253,6.2405e-05,6.393e-05,6.3461e-05,6.2023e-05
1988,2,24.008,19.35,22.741,22.902,21.723,22.396,20.281,24.266,24.714,24.83,24.597,24.73,24.314,23.911,24.352,24.309,13.591,15.155,19.57,20.645,21.799,17.344,16.557,17.348,23.686,21.429,21.428,22.371,22.243,20.284,17.999,21.718,19.776,18.562,21.698,21.621,20.984,17.991,19.119,17.91,17.169,12.24,16.688,21.848,8.2795,9.0513,20.032,15.789,14.516,17.494,15.809,14.63,24.514,30.254,10.235,3.07,1.4087,1.8,1.4557,1.3464,1.1289,1.0313,1.0165,0.96047,0.71491,0.59758,0.31554,0.49245,0.32595,0.33594,0.79707,0.59882,0.20891,0.29143,0.019671,2.6729e-05,0.0038118,0.023468,0.55502,1.0178,0.46055,0.85194,0.29502,0.39722,0.17284,0.46865,0.0048296,0.050288,0.00029188,0.021632,0.1709,0.13447,2.5808e-05,2.4929e-05,2.3922e-05,2.3526e-05,2.3654e-05,3.325e-05,6.5751e-05,7.4012e-05,3.3094e-05,0.15516,2.321e-05,2.085,1.7096,2.6994,0.8809,0.16745,3.5209,1.3457,1.1039,2.9558,8.4731,2.6731,1.7452,6.4267,5.5109,0.89602,0.76612,4.6137,3.029,12.281,9.6738,6.9577,5.0441,17.051,14.855,7.0927,6.0472,17.021,12.951,7.7981,12.307,10.744,12.737,22.266,24.624,28.023,35.702,39.485,24.877,9.4904,11.579,18.619,26.006,27.657,29.861,45.031,41.711,37.502,29.396,20.856,11.173,18.141,28.293,34.897,32.155,27.371,28.723,28.647,27.717,26.784,29.833,28.159,30.348,35.511,16.811,13.933,20.174,14.167,20.418,19.409,30.27,34.267,32.673,35.468,32.52,35.982,34.195,21.093,38.253,39.955,39.399,39.487,21.777,21.879,21.651,21.215,15.05,11.709,22.515,26.888,26.402,20.483,20.571,21.123,21.94,23.654,25.533,28.611,23.965,27.696,27.348,26.697,28.227,27.887,27.827,28.422,28.356,28.052,24.512,23.197,25.562,26.786,22.634,23.117,23.191,17.812,16.04,12.573,12.347,18.609,14.159,9.1977,13.416,10.211,7.2022,7.8935,8.7282,11.943,9.7986,22.716,11.988,13.047,6.5014,1.8707,4.7993,11.482,4.289,3.8112,6.4417,15.227,0.9602,9.4621,3.5324,9.934,7.7251,2.672,2.3617,5.9281,2.4073,2.1519,9.8991,1.86,12.46,10.629,7.2111,0.81849,1.2278,2.9926,0.75925,2.2054,0.54096,4.0371,2.1543,2.8293,1.4933,4.0163,8.811,6.5752,3.2646,0.18259,2.3539,0.098485,0.0034112,2.4135e-05,2.3898e-05,0.24569,0.068102,0.25079,0.38164,1.2667,1.2811,1.2953,0.0010196,0.061048,2.3922e-05,2.4197e-05,2.3875e-05,2.4224e-05,0.027151,0.0057717,2.3188e-05,2.3755e-05,2.358e-05,2.3046e-05
1988,3,10.833,7.1899,8.4907,8.5097,8.0716,8.322,7.5359,9.0165,9.1831,9.2264,9.1395,9.1892,9.0346,8.8846,9.0488,9.0327,5.0501,5.6312,7.2718,7.6713,10.498,6.4446,6.152,6.446,8.8013,7.9627,7.9621,8.3125,8.2649,7.5372,6.6878,8.1972,7.3484,6.8971,8.6565,8.9154,8.1352,6.6849,7.121,7.1463,8.6075,13.915,18.453,61.963,33.021,34.755,39.976,24.214,46.26,52.277,36.577,32.084,61.062,70.416,40.906,16.409,10.669,64.072,64.213,95.414,146.85,143.4,182.22,137.36,155.27,150.14,180.01,185.32,183.51,181.81,173.89,161.93,157.57,153.16,158.18,147.3,152.7,158.36,79.428,94.652,89.122,95.429,105.89,125.01,149.59,154.75,129.41,155.99,131.01,118.52,110.48,89.493,75.526,93.005,84.346,86.71,89.648,97.761,88.573,85.864,88.765,98.218,75.239,96.834,104.59,111.99,93.301,80.198,23.288,21.704,30.65,41.463,50.559,95.813,75.651,61.225,76.976,79.592,42.128,51.149,25.053,53.195,34.699,15.745,6.844,55.626,50.136,15.041,8.8536,53.739,33.811,13.03,29.467,22.236,28.45,31.219,32.203,31.14,24.609,24.882,9.7146,3.5264,4.3025,6.9182,9.9858,10.681,12.083,19.399,18.106,16.266,12.388,8.0764,4.1518,6.8339,12.06,15.235,14.119,12.072,15.303,13.072,11.711,11.295,14.01,13.031,13.129,15.737,39.946,45.014,29.14,49.526,34.335,50.581,16.495,15.259,14.65,15.575,15.157,17.361,22.239,35.402,21.561,23.943,23.589,25.174,8.092,8.1298,8.0452,7.8829,5.5921,4.3507,8.366,9.991,9.8104,10.465,10.519,11.16,11.634,16.056,15.564,14.795,11.779,12.447,11.601,11.001,14.684,13.774,14.476,11.257,12.644,10.709,9.1083,8.6195,9.4982,10.699,17.819,8.5897,8.6171,6.7806,21.816,6.8103,9.238,26.237,14.01,3.6659,12.764,8.8733,12.651,9.2253,10.676,13.892,23.95,10.891,16.478,11.42,24.929,14.843,24.402,21.016,20.245,22.246,37.68,56.692,33.237,57.906,20.421,34.884,20.914,27.714,12.153,21.993,13.816,18.918,60.922,18.282,46.408,40.423,35.629,14.17,19.377,26.168,8.1253,32.258,44.064,81.703,13.296,24.081,19.018,37.671,68.887,63.306,75.281,80.103,75.623,99.172,112.25,112.68,103.51,37.438,24.689,32.175,50.974,59.091,51.717,58.004,81.838,86.789,95.106,111.79,90.219,114.85,118.27,119.38,103.6,81.441,84.942,96.313
1988,4,4.7724,2.6716,3.1549,3.162,2.9992,3.0923,2.8002,3.3503,3.4122,3.4283,3.396,3.4145,3.3571,3.3013,3.3623,3.3563,1.8765,2.0924,2.702,2.8505,5.0407,2.3947,2.2859,2.3952,3.2769,2.9587,2.9585,3.0887,3.0711,2.8006,2.485,3.1224,2.7305,2.5628,3.5553,3.8001,3.2211,2.484,2.6561,2.9388,4.1358,7.5669,9.5122,21.528,14.555,15.458,16.029,11.593,19.973,23.03,16.471,14.551,27.523,31.729,18.205,8.7369,6.5364,17.694,17.677,20.511,23.459,23.29,24.837,22.993,23.776,23.541,24.673,24.876,24.794,24.738,24.515,24.034,23.809,23.635,23.811,23.343,23.58,23.819,19.116,20.418,19.929,20.457,21.128,22.288,23.465,23.723,22.477,23.724,22.56,21.879,21.41,19.923,18.698,20.181,19.487,19.684,19.921,20.534,19.835,19.614,19.85,20.584,18.67,20.705,21.202,21.795,20.301,19.144,11.025,10.377,12.559,14.983,17.355,20.765,18.907,18.105,19.628,19.166,14.623,16.366,11.286,18.095,13.934,8.5165,4.4272,19.337,18.055,8.2472,5.4843,19.045,14.294,7.4131,13.152,10.775,12.73,13.909,14.284,14.074,11.619,11.647,3.7666,1.3103,4.6357,2.5706,3.7105,3.969,4.4899,17.301,15.151,7.4879,4.6032,3.001,1.5427,2.5393,4.4811,5.6609,5.2462,8.4443,16.794,7.8572,5.7559,5.424,11.071,6.2599,5.6444,5.8477,18.056,18.038,15.26,18.596,15.637,18.948,7.5748,5.7196,5.4434,5.7875,5.8778,7.1508,10.513,15.299,9.8598,11.149,10.991,11.779,3.0068,3.0208,2.9894,2.9291,2.0779,1.7725,5.1723,3.7124,3.6649,5.1434,5.1813,5.5893,5.8165,8.2532,7.8883,7.1868,5.6703,5.6737,5.0618,4.6731,7.1543,6.5962,7.0614,4.5751,5.7281,4.1474,3.3844,3.2028,3.5293,4.3937,9.1418,3.1917,3.2019,2.6165,10.727,3.5725,5.2433,12.486,7.6695,1.5092,7.1011,5.2054,7.262,5.5707,6.2817,7.6861,11.244,5.5904,9.1939,6.4324,11.692,8.1774,11.192,10.393,9.9955,10.565,14.249,18.235,13.023,17.875,10.028,14.445,10.31,11.921,7.1436,10.56,7.7984,9.5374,18.5,9.3329,17.426,15.883,14.797,7.9301,9.7918,11.99,5.3855,12.905,14.918,19.685,7.6005,11.026,9.5523,14.082,18.907,18.061,19.009,19.138,18.949,20.646,21.501,21.527,20.935,13.775,11.063,12.763,15.927,17.06,16.108,16.93,19.272,19.697,20.339,21.472,19.966,21.659,21.865,21.927,20.941,19.237,19.537,20.428
1988,5,1.7733,0.99271,1.1723,1.1749,1.1144,1.149,1.0405,1.2449,1.2679,1.2739,1.2619,1.2688,1.2474,1.2267,1.2494,1.2471,0.69726,0.7775,1.004,1.0592,1.873,0.8898,0.8494,0.88999,1.2216,1.0994,1.0993,1.1477,1.1411,1.0407,0.92339,1.1602,1.0146,0.95227,1.3211,1.412,1.1969,0.92298,0.98695,1.092,1.5368,2.8117,3.5345,9.0234,6.0183,6.5554,6.2103,4.3265,8.8384,10.435,6.8943,5.8028,12.555,14.359,8.0714,3.2464,2.4288,6.5746,6.5682,7.6214,8.7169,8.654,9.2288,8.5437,8.8345,8.7474,9.1679,9.2434,9.213,9.1919,9.1092,8.9306,8.847,8.7821,8.8477,8.6736,8.7617,8.8507,7.103,7.5867,7.405,7.6015,7.8507,8.2818,8.7192,8.8151,8.3519,8.8154,8.3827,8.1296,7.9554,7.4029,6.9476,7.4989,7.2408,7.314,7.402,7.6298,7.3702,7.2881,7.3759,7.6485,6.9375,7.6983,7.8781,8.0985,7.5432,7.1136,4.2062,3.8851,4.7053,5.7465,6.8951,7.7626,7.0368,6.9075,7.4279,7.1218,5.4337,6.112,4.1936,7.1878,5.2214,3.1645,1.6451,7.8785,7.2757,3.0645,2.0378,7.7621,5.5629,2.7545,5.088,4.011,4.8143,5.1682,5.3076,5.2295,4.3173,4.3278,1.4935,0.48689,6.7213,0.95519,1.3787,1.4748,1.6683,8.9976,8.0608,3.5355,1.7104,1.1151,0.57323,0.94355,1.6651,2.1034,1.9494,4.4928,8.7534,3.8946,2.5879,2.3641,5.962,2.6092,2.5262,2.1729,7.9166,7.6463,6.7388,7.7829,6.4381,7.7782,2.8177,2.1253,2.0227,2.1505,2.184,2.6571,3.9062,5.9543,3.6637,4.1426,4.084,4.377,1.1173,1.1225,1.1108,1.0884,0.7721,0.99428,2.9564,1.3794,1.3737,1.9112,1.9252,2.0768,2.1613,3.0667,2.9311,2.6705,2.1069,2.1082,1.8808,1.7364,2.6584,2.451,2.6239,1.7,2.1284,1.5411,1.2576,1.1901,1.3114,1.6326,3.3969,1.186,1.1898,0.97224,3.9859,1.3275,1.9483,4.823,2.8498,0.5608,2.6386,1.9342,2.6984,2.0699,2.3341,2.856,4.1782,2.3014,3.6604,2.3901,4.5189,3.0385,4.1599,3.8616,3.7141,3.9256,5.2945,6.7756,4.8389,6.6417,3.7263,5.6717,3.8467,4.4295,2.6544,3.9237,2.8977,3.5439,6.8741,3.4679,7.1164,6.3652,5.9932,2.9467,3.7211,4.7022,2.0011,4.7986,5.5432,7.3144,2.8242,4.0971,3.5494,5.2324,7.0253,6.7111,7.0632,7.1111,7.0408,7.6714,7.9892,7.9991,7.7791,5.1186,4.1107,4.7423,5.9183,6.3392,5.9854,6.2907,7.1609,7.3188,7.5576,7.9786,7.4188,8.048,8.1245,8.1474,7.7813,7.1479,7.2595,7.5907
1988,6,0.65892,0.36887,0.4356,0.43657,0.4141,0.42695,0.38662,0.46258,0.47112,0.47335,0.46889,0.47144,0.46351,0.45581,0.46423,0.46341,0.25908,0.2889,0.37307,0.39356,0.69597,0.33063,0.31562,0.3307,0.45391,0.40851,0.40848,0.42646,0.42402,0.38668,0.34311,0.43111,0.377,0.35384,0.49088,0.52468,0.44473,0.34296,0.36673,0.40576,0.57103,1.0447,1.3133,3.3529,2.2362,2.4358,2.3076,1.6076,3.2841,3.8772,2.5617,2.1562,4.6651,5.3356,2.9991,1.2063,0.90248,2.443,2.4406,2.8319,3.239,3.2156,3.4292,3.1746,3.2827,3.2503,3.4066,3.4346,3.4233,3.4155,3.3847,3.3184,3.2873,3.2632,3.2876,3.2229,3.2556,3.2887,2.6393,2.8191,2.7515,2.8245,2.9172,3.0773,3.2399,3.2755,3.1034,3.2756,3.1148,3.0208,2.956,2.7507,2.5816,2.7864,2.6905,2.7177,2.7504,2.8351,2.7386,2.7081,2.7407,2.842,2.5778,2.8605,2.9273,3.0092,2.8029,2.6433,1.5629,1.4436,1.7484,2.1353,2.562,2.8844,2.6147,2.5667,2.76,2.6463,2.019,2.2711,1.5582,2.6708,1.9402,1.1759,0.61126,2.9275,2.7035,1.1387,0.75721,2.8842,2.067,1.0235,1.8906,1.4904,1.7889,1.9204,1.9722,1.9432,1.6042,1.6081,0.55494,0.18092,47.104,15.028,0.5123,0.54799,0.61992,5.9694,6.4757,1.3137,0.63556,0.41435,0.213,0.3506,0.6187,0.78159,0.72434,1.6694,3.2526,1.4472,0.96161,0.87845,2.2153,0.96953,3.63,0.80738,2.9416,2.8412,2.504,2.892,2.3922,2.8902,1.047,0.78971,0.75157,0.79907,0.81154,0.98731,1.4515,2.2125,1.3613,1.5393,1.5175,1.6264,0.41515,0.41709,0.41274,0.40442,7.6512,32.768,14.199,0.51257,0.51044,0.71014,0.71538,0.77171,0.80308,1.1395,1.0891,0.99228,0.78289,0.78336,0.69887,0.64522,0.98779,0.91073,0.97496,0.63168,0.79087,0.57262,0.46728,0.44221,0.48729,0.60663,1.2622,0.44068,0.44208,0.36126,1.4811,0.49326,0.72394,1.7921,1.0589,0.20838,0.98044,0.7187,1.0027,0.76914,0.86731,1.0612,1.5525,0.85516,1.3601,0.88811,1.6791,1.129,1.5457,1.4349,1.3801,1.4587,1.9673,2.5177,1.798,2.4679,1.3846,2.1075,1.4294,1.6459,0.98631,1.458,1.0767,1.3168,2.5542,1.2886,2.6443,2.3652,2.2269,1.0949,1.3827,1.7472,0.74357,1.7831,2.0597,2.7179,1.0494,1.5224,1.3189,1.9442,2.6105,2.4937,2.6245,2.6423,2.6162,2.8505,2.9686,2.9723,2.8905,1.9019,1.5274,1.7621,2.1991,2.3555,2.224,2.3375,2.6608,2.7195,2.8082,2.9647,2.7566,2.9904,3.0189,3.0274,2.8913,2.656,2.6974,2.8205
1988,7,0.33563,0.13706,0.16186,0.16222,0.15387,0.15864,0.14366,0.17188,0.17506,0.17588,0.17423,0.17518,0.17223,0.16937,0.1725,0.17219,0.09627,0.10735,0.13862,0.14624,0.31576,0.12285,0.11728,0.12288,2.8587,0.15179,0.15178,0.15846,0.15756,0.14368,0.12749,0.16019,0.14008,0.13148,0.1824,0.19496,0.16525,0.12743,0.13627,0.15077,0.21218,0.3882,8.7695,31.029,3.0045,2.0933,5.8677,0.59735,1.9599,2.2244,0.95188,0.80119,2.6572,3.9026,1.1866,0.44823,0.33534,0.90775,0.90687,1.0523,1.2035,1.1948,1.2742,1.1796,1.2198,1.2077,1.2658,1.2762,1.272,1.2691,1.2577,1.233,1.2215,1.2125,1.2216,1.1976,1.2097,1.222,0.98071,1.0475,1.0224,1.0495,1.0839,1.1435,1.2039,1.2171,1.1531,1.2171,1.1574,1.1224,1.0984,1.0221,0.95925,1.0354,0.99973,1.0098,1.022,1.0534,1.0176,1.0063,1.0184,1.056,0.95785,1.0629,1.0877,1.1182,1.0415,0.98217,5.4518,2.9374,1.9302,2.8811,5.1019,1.0718,0.97157,0.96952,1.0256,0.9833,0.75022,0.84388,0.70022,8.0579,9.1926,8.7832,4.8578,16.135,14.269,9.5706,7.7591,22.979,28.169,22.818,36.399,32.398,33.998,26.144,25.428,25.937,18.806,16.317,52.702,46.426,170.78,142.94,74.839,37.339,60.624,114.41,115.62,89.824,46.898,54.741,41.523,36.785,56.214,44.284,24.378,37.529,53.476,27.808,25.009,24.135,47.495,25.684,69.323,19.283,31.122,19.375,22.427,12.267,16.035,13.766,22.272,19.904,18.793,66.44,20.711,20.761,21.375,26.463,20.54,18.142,18.285,17.694,6.3218,11.913,13.507,36.833,120.5,151.75,111.6,34.308,27.114,0.26387,0.26582,0.28675,0.29841,0.4236,0.4047,0.36871,0.2909,0.29357,0.32188,0.23975,0.36704,0.33841,0.45056,1.3533,0.59617,2.0318,2.2558,17.435,9.6747,2.8402,11.689,6.1206,7.0505,1.4978,22.496,0.35841,11.5,46.509,4.98,9.1923,3.9477,7.5671,5.9461,2.5318,2.4276,3.1971,2.5723,20.497,16.1,0.91651,9.8868,2.3087,0.57435,0.55306,0.5128,0.542,0.73101,1.8975,0.6681,0.91702,0.51448,5.3935,0.53112,0.61158,0.36649,0.54174,0.40008,0.4893,0.9491,0.47881,8.7217,8.1624,8.6239,2.5148,4.0826,7.369,0.27629,0.67514,0.76534,1.0099,8.0622,2.3896,0.50579,0.72243,0.96998,0.92659,0.97521,0.98182,0.97212,1.0592,1.1031,1.1044,1.074,0.70672,0.56756,0.65476,0.81713,0.87525,0.82639,0.86855,0.98869,1.0105,1.0435,1.1016,1.0243,1.1112,1.1217,1.1249,1.0744,0.98691,1.0023,1.048
1988,8,2.8357,0.050929,0.060143,0.060277,0.057174,0.058948,0.76217,0.063868,0.065048,0.065355,0.064739,0.065091,0.063996,0.062933,0.064096,0.063982,11.135,9.8577,12.858,0.61337,6.5015,1.0672,5.933,6.0833,26.594,5.3785,0.056399,1.2626,0.76817,0.053389,0.047373,1.7355,0.052052,0.048855,1.3525,1.4316,0.31019,0.047352,0.050634,0.056023,0.078841,0.14425,20.419,25.441,4.7969,3.4501,14.669,0.32279,3.4509,4.2518,1.253,0.76509,5.9398,7.7924,1.2604,0.16655,0.1246,0.3373,0.33697,0.391,0.44721,0.44398,0.47347,0.43832,0.45324,0.44877,0.47034,0.47422,0.47266,0.47157,0.46733,0.45817,0.45388,0.45055,0.45392,0.44498,0.4495,0.45407,0.36441,0.38922,0.3799,0.38998,0.40277,0.42488,0.44732,0.45224,0.42848,0.45226,0.43006,0.41707,0.40814,0.37979,0.35643,0.38472,0.37148,0.37523,0.37975,0.39144,0.37811,0.3739,0.37841,0.39239,0.35592,0.57241,0.40939,0.6174,0.38796,0.36495,6.6144,4.2602,4.0498,5.7228,7.3562,0.81052,0.84597,3.3386,2.2223,0.4603,0.7595,2.314,2.0686,8.551,8.3856,7.1231,4.366,11.277,10.538,7.4265,6.1289,12.819,13.296,11.343,14.524,13.611,14.135,12.078,11.942,13.587,9.8268,8.7175,61.48,67.609,43.515,49.097,59.258,62.623,70.014,83.73,80.336,77.98,76.961,73.403,76.314,73.53,76.828,69.571,55.305,31.904,36.301,31.927,30.413,29.057,39.953,32.602,50.438,41.406,19.802,14.485,19.686,11.174,17.111,12.262,33.024,38.477,34.138,56.714,23.36,25.169,25.956,16.262,15.364,9.8534,9.9589,9.3347,28.149,33.501,33.556,43.204,42.069,38.044,38.536,29.752,27.853,0.098048,0.098771,0.10655,0.44022,5.9184,9.0632,21.167,1.0746,21.004,21.173,8.8097,21.938,15.009,23.692,27.78,24.366,26.326,22.388,28.834,20.952,24.904,31.341,17.258,17.259,9.2123,25.346,5.0462,19.582,35.129,12.713,19.49,11.415,14.964,10.615,7.4305,7.3052,9.5562,5.7755,22.309,13.676,1.8926,8.1634,1.8215,0.21342,0.67832,0.19055,0.2014,0.27163,2.1369,0.24825,0.34074,0.19117,7.3176,0.19735,0.22725,0.13618,0.2013,0.14866,0.18181,0.35266,0.17791,9.0575,8.4842,8.8999,3.8563,5.4932,7.8494,0.16302,0.52332,0.28438,0.37525,7.2837,2.6076,0.1975,0.26844,0.36042,0.3443,0.36237,0.36482,0.36122,0.39357,0.40987,0.41038,0.39909,0.2626,0.21089,0.2433,0.30363,0.32522,0.30707,0.32273,0.36738,0.37548,0.38773,0.40933,0.38061,0.41289,0.41681,0.41799,0.39921,0.36671,0.37243,0.38943
1988,9,63.59,26.329,28.536,53.589,37.99,44.078,54.751,12.624,10.411,4.0794,3.6719,4.8065,3.2969,2.3113,3.7121,18.011,65.905,67.22,69.798,44.462,64.561,50.751,60.434,59.903,86.325,66.087,55.182,65.898,44.653,22.636,1.8483,34.192,19.872,15.286,52.131,46.086,40.891,18.621,24.665,18.854,14.001,7.1154,34.321,30.746,11.155,9.6104,36.437,15.932,11.751,14.428,16.255,16.066,20.285,20.613,6.1876,0.061887,0.0463,0.12533,0.12521,0.14529,0.16617,0.16497,0.17593,0.16287,0.16841,0.16675,0.17477,0.17621,0.17563,0.17523,0.17365,0.17024,0.16865,0.16741,0.16867,0.16535,0.16702,0.16872,0.13541,0.14463,0.14116,0.14491,0.14966,0.15788,0.16622,0.16804,0.15921,0.16805,0.1598,0.15497,0.15165,0.14112,0.13244,0.14295,0.13803,0.13943,0.14111,0.14545,0.1405,0.13893,0.14061,0.1458,0.13225,0.31869,0.1553,0.34968,0.14475,0.13561,5.6094,3.4387,3.4733,4.8574,6.1738,0.541,0.5942,3.3801,1.9035,0.22827,0.55977,2.3147,2.7339,7.3775,7.3108,6.4557,4.581,9.4665,8.7455,6.6614,5.7635,10.122,10.017,8.6037,10.496,9.9325,10.496,8.5885,8.6062,11.926,7.2023,5.4997,52.368,62.291,29.339,35.714,44.339,46.538,51.406,65.357,62.291,59.422,61.941,63.715,64.963,62.609,61.57,56.593,49.119,34.412,35.728,35.211,34.398,33.706,36.807,33.527,38.823,35.631,15.463,10.94,19.387,9.0951,17.047,11.821,30.717,34.377,33.452,45.108,26.374,26.209,24.908,15.291,16.676,8.0871,8.3179,6.5837,64.471,61.162,49.844,42.043,31.58,25.586,30.463,31.252,31.353,36.202,34.474,27.579,46.986,62.082,60.929,59.791,51.962,58.03,57.291,51.401,58.071,57.5,56.871,52.998,54.112,48.623,54.929,40.761,29.718,43.488,44.055,26.223,25.895,18.458,26.836,12.297,24.708,30.911,16.393,24.608,15.813,23.055,18.032,15.057,14.612,15.063,10.883,26.203,12.457,4.3328,5.4408,0.68946,0.0793,1.6736,0.070802,0.074834,0.10093,2.354,0.092244,0.12661,0.071034,12.226,0.14066,0.084441,0.050601,0.074798,0.055239,0.067557,0.13104,0.066108,7.6408,7.2353,7.041,3.5219,4.6507,5.8484,0.097106,0.35104,0.10567,0.13943,4.6468,1.4277,0.073388,0.099745,0.13392,0.12793,0.13465,0.13556,0.13422,0.14624,0.1523,0.15249,0.14829,0.097576,0.078362,0.090403,0.11282,0.12085,0.1141,0.11992,0.13651,0.13952,0.14407,0.1521,0.14142,0.15342,0.15488,0.15531,0.14834,0.13626,0.13839,0.1447
1988,10,28.082,16.217,13.649,18.939,17.132,18.857,23.222,10.494,13.349,4.7913,5.0664,5.6826,4.3674,3.0985,4.2987,11.935,27.873,26.831,26.791,19.205,35.42,28.653,29.447,28.549,30.144,23.405,19.067,20.888,17.376,11.895,1.6127,15.185,10.837,10.385,19.764,19.562,18.545,13.662,15.08,12.505,9.5624,5.4613,16.327,15.076,7.1942,6.4723,16.708,9.8875,7.5601,8.6253,9.8476,9.6808,10.7,10.666,4.6375,0.022996,0.017204,0.046571,0.046525,0.053985,0.061745,0.0613,0.065371,1.703,0.7452,0.089877,1.2226,1.242,1.7823,1.1652,0.064524,0.063259,0.07517,0.16274,0.23422,0.061439,0.062522,0.12903,0.050314,0.12143,0.052453,0.067608,0.05561,0.60431,0.48826,1.1494,0.05916,0.064746,0.059378,0.057585,0.056351,0.052438,0.049213,0.053118,0.05129,0.051808,0.052431,0.054045,0.22937,0.31752,0.065879,0.054177,0.049141,0.20121,0.09786,0.32168,0.07623,0.051061,3.0463,1.7614,1.8442,2.7274,3.3789,0.36295,0.42629,2.3204,1.3666,0.16242,0.42887,1.677,2.312,4.2567,4.4752,3.8748,2.9587,5.3559,4.9353,4.0103,3.6059,5.7887,5.8931,5.2518,6.3469,6.0024,6.3396,4.8951,4.8889,6.5849,4.1368,3.1255,21.198,23.078,47.257,37.46,24.875,20.609,21.826,25.228,25.444,23.663,22.925,23.51,23.344,22.694,22.607,21.421,19.377,20.993,20.019,19.304,20.022,21.347,17.89,17.19,17.66,15.659,9.4256,6.0097,12.388,4.975,9.1346,6.5935,14.11,15.241,14.887,19.413,12.446,12.4,11.917,8.2919,8.6828,4.6776,4.8048,3.7952,24.66,24.292,23.583,24.195,34.103,40.453,26.783,16.026,17.318,24.728,25.995,34.087,37.031,35.965,30.305,23.727,25.223,24.171,23.9,23.337,23.337,24.131,23.13,20.543,21.655,19.285,23.209,21.407,15.293,18.256,18.974,13.277,14.297,10.524,13.176,7.1887,12.361,14.431,8.6183,12.093,8.3956,11.828,9.706,8.3378,8.1092,8.136,6.5977,17.911,8.1576,3.0983,2.7676,0.25619,0.029466,1.2425,0.026308,0.027807,0.037503,1.7996,0.034276,0.11164,0.026395,7.5946,0.092991,0.031376,0.018802,0.027793,0.020526,0.025103,0.47158,0.024564,4.1636,3.9778,3.7687,1.9345,2.5145,3.0333,0.036082,0.13044,0.039265,0.051811,2.2608,0.53714,0.027269,0.037063,0.049763,0.047537,0.050032,0.050371,0.049873,0.05434,0.056591,0.056661,0.055102,0.036257,0.029117,0.033592,0.041921,0.044903,0.042397,0.044559,0.050723,0.051842,0.053534,0.056516,0.05255,0.057007,0.057549,0.057711,0.055118,0.050632,0.051422,0.053768
1988,11,13.032,7.8613,6.0696,15,10.026,9.5936,11.052,5.2941,10.907,2.6083,2.9313,3.1208,2.4899,1.7651,2.3127,5.6917,12.787,12.274,12.221,8.8218,15.749,13.308,13.57,13.197,15.788,10.504,8.2997,9.0687,7.5458,5.1362,0.6035,6.539,4.6072,4.8722,8.829,8.942,8.572,6.7926,7.2562,6.0082,4.4159,2.3465,6.8951,6.4281,3.0401,2.7474,7.1068,4.3818,3.1916,3.5619,4.2862,4.1813,4.296,4.1857,1.9483,0.0085446,0.0063926,0.017305,0.017288,0.02006,0.022943,0.022778,0.02429,1.4728,0.66242,0.050358,1.0762,1.0922,1.5339,1.0274,0.023976,0.023506,0.035542,0.12105,0.18956,0.022829,0.023512,0.088077,0.018695,0.086063,0.01949,0.033498,0.020663,0.53733,0.42914,1.0153,0.021982,0.025462,0.022063,0.021397,0.020939,0.019485,0.018286,0.019737,0.019058,0.019251,0.019482,0.020082,0.19105,0.27521,0.032776,0.020131,0.01826,0.12476,0.060726,0.23387,0.041971,0.019383,1.1421,0.65965,0.76912,1.1823,1.364,0.23175,0.28075,1.2136,0.83201,0.10723,0.29063,0.93657,2.5233,3.9539,5.1041,3.9989,4.1415,12.997,8.4389,5.1022,6.3222,19.21,17.035,19.346,26.279,22.56,22.12,5.9144,5.007,6.0671,1.5371,1.1614,8.6808,9.2246,50.755,38.254,18.836,10.241,10.54,16.535,16.477,12.204,9.4284,9.7706,8.9856,8.8469,9.1699,9.2766,8.3726,9.8623,9.328,8.8017,9.3141,10.107,9.3065,7.5632,15.939,8.4685,5.4224,4.3523,6.5419,3.9491,7.9666,10.703,7.793,7.7347,6.5659,13.955,4.7626,5.2825,6.6291,14.077,3.3139,1.7381,1.7853,1.4102,11.027,10.74,11.694,14.788,30.296,39.028,19.394,6.8917,7.8411,11.813,12.323,14.819,15.983,15.903,13.902,10.528,11.857,10.863,10.723,10.778,10.333,10.946,10.221,8.505,9.3414,7.8445,10.36,9.9583,6.5981,7.4692,7.8451,5.4647,6.3371,4.4579,5.2123,2.7745,4.8963,5.545,3.2179,4.6678,3.1325,4.7442,3.8156,3.1942,3.0863,3.0422,2.6168,8.6585,3.8262,1.2388,1.0284,0.095193,0.010949,0.46167,0.0097756,0.010332,0.013935,0.87325,0.012736,0.080564,0.0098076,3.1994,0.034553,0.011659,0.0069864,0.010327,0.0076268,0.0093276,0.42094,0.0091275,2.3903,1.765,1.4348,0.72487,0.95279,1.1462,0.013407,0.048468,0.01459,0.019252,0.84006,0.19959,0.010133,0.013772,0.018491,0.017664,0.018591,0.018717,0.018532,0.020191,0.021028,0.021054,0.020475,0.013472,0.010819,0.012482,0.015577,0.016685,0.015754,0.016557,0.018848,0.019263,0.019892,0.021,0.019526,0.021182,0.021384,0.021444,0.020481,0.018814,0.019107,0.019979
1988,12,4.8617,2.9211,2.3413,7.786,4.8006,4.085,4.238,1.9672,5.618,0.96918,1.0897,1.1596,0.92521,0.65587,0.85934,2.1149,4.7513,4.5606,4.5755,3.278,5.8518,4.9449,5.0421,4.9036,6.9737,3.9029,3.084,3.3697,2.8038,1.9085,0.22425,2.4297,1.7119,1.8104,3.2807,3.3227,3.1852,2.524,2.6962,2.2325,1.6409,0.87191,2.562,2.5048,1.1296,1.0209,2.6407,1.6282,1.1859,1.3235,1.5927,1.5537,1.5963,1.5553,0.72396,0.003175,0.0023754,0.00643,0.0064237,0.0074537,0.0085251,0.0084636,0.0090258,0.54725,0.24614,0.018712,0.39987,0.40585,0.56996,0.38177,0.0089088,0.0087341,0.013207,0.044978,0.070438,0.0084828,0.0087365,0.032728,0.0069468,0.031979,0.0072421,0.012447,0.007678,0.19966,0.15946,0.37725,0.0081681,0.0094609,0.0081983,0.0079507,0.0077804,0.00724,0.0067947,0.0073339,0.0070815,0.0071531,0.0072392,0.007462,0.070989,0.10226,0.012179,0.0074802,0.0067849,0.046356,0.022564,0.0869,0.015595,0.0072023,0.42439,0.24511,0.28579,0.43932,0.51629,0.086113,0.10432,0.45094,0.30916,0.039844,0.10799,0.34801,1.6097,2.5446,3.3108,2.6608,2.8883,7.4418,5.3161,3.411,4.2196,9.7151,8.985,9.7522,11.784,10.752,10.636,3.8501,3.2526,3.7784,0.57116,0.43154,3.4348,3.5796,25.496,18.195,9.3153,4.7004,4.7776,8.2988,8.1939,5.7886,3.8964,4.0001,3.4083,3.4663,3.8224,4.1349,3.7399,3.6646,3.5557,3.2705,3.4609,3.7556,4.3369,2.8551,8.4029,4.3771,2.6618,2.5641,2.8296,2.4588,4.6965,6.3765,4.0705,3.8899,3.0025,7.3341,1.8525,2.3444,3.5292,7.8394,1.2842,0.64583,0.66339,0.524,4.2276,4.0786,4.9237,7.0256,13.942,18.829,9.4278,2.5608,2.9136,4.3898,4.5788,5.5063,5.9389,5.9092,5.1658,3.9119,4.4057,4.0364,3.9843,4.0048,3.8396,4.0674,3.7978,3.1603,3.4711,2.9148,3.8495,3.7993,2.4517,2.7754,2.9151,2.0306,2.3547,1.6564,1.9368,1.0309,1.8194,2.2787,1.1957,1.7344,1.164,1.7628,1.4178,1.1869,1.1468,1.1304,0.97233,3.2173,1.4217,0.46033,0.38212,0.035372,0.0040684,0.17155,0.0036324,0.0038392,0.005178,0.46549,0.0047324,0.17359,0.0036443,1.1888,0.012839,0.0043321,0.002596,0.0038374,0.0028339,0.0034659,0.24785,0.0033916,1.3414,0.8087,0.53312,0.26934,0.35404,0.4259,0.0049819,0.01801,0.0054212,0.0071535,0.31215,0.074163,0.003765,0.0051173,0.0068708,0.0065634,0.0069078,0.0069546,0.0068859,0.0075027,0.0078135,0.0078231,0.0076079,0.005006,0.0040202,0.004638,0.0057881,0.0061998,0.0058537,0.0061523,0.0070033,0.0071578,0.0073913,0.0078031,0.0072556,0.0078709,0.0079458,0.0079682,0.0076101,0.0069907,0.0070998,0.0074237
1989,1,1.8065,1.0854,0.86996,2.9059,1.7838,1.5179,1.5747,0.73095,2.0875,0.36012,0.40491,0.43089,0.34379,0.2437,0.31931,0.78584,1.7655,1.6946,1.7001,1.218,2.1744,1.8374,1.8735,1.8221,2.5913,1.4502,1.1459,1.2521,1.0418,0.70915,0.083325,0.90284,0.63611,0.6727,1.219,1.2346,1.1835,0.93784,1.0019,0.82954,0.60971,0.32398,0.95199,0.93073,0.41975,0.37933,0.98123,0.605,0.44066,0.49179,0.59179,0.57731,0.59314,0.57792,0.26901,0.0011798,0.00088263,0.0023892,0.0023869,0.0027696,0.0031677,0.0031449,0.0033538,0.20335,0.09146,0.0069529,0.14858,0.15081,0.21179,0.14186,0.0033103,0.0032454,0.0049073,0.016713,0.026173,0.003152,0.0032463,0.012161,0.0025813,0.011883,0.002691,0.004625,0.002853,0.074189,0.059251,0.14018,0.0030351,0.0035155,0.0030463,0.0029543,0.002891,0.0026902,0.0025248,0.0027251,0.0026313,0.0026579,0.0026899,0.0027727,0.026378,0.037998,0.0045254,0.0027795,0.0025211,0.017225,0.0083844,0.03229,0.0057949,0.0026762,0.15769,0.091078,0.10619,0.16324,0.19184,0.031998,0.038763,0.16756,0.11487,0.014805,0.040127,0.12931,0.59813,0.94551,1.2302,0.9887,1.0732,2.7652,1.9754,1.2674,1.5679,3.6099,3.3386,3.6237,4.3786,3.9952,3.9521,1.4306,1.2086,1.404,0.21223,0.16035,2.3514,1.3301,11.552,7.6692,3.4613,1.7466,1.8884,18.86,14.475,5.6002,1.4478,1.4863,1.2664,1.288,1.4203,1.5364,1.3897,1.3617,1.512,1.2152,1.286,1.3955,1.6115,1.0609,3.1223,1.6264,1.0237,0.95275,1.0514,0.91364,1.7451,2.3693,1.5125,1.4454,1.1156,2.7252,0.68834,0.87112,1.3114,2.9129,0.47719,0.23998,0.2465,0.19471,1.5709,1.5155,1.8295,2.6106,5.2071,8.0636,3.5031,0.95153,1.0826,1.6311,1.7014,2.046,2.2068,2.1957,1.9195,1.4536,1.637,1.4998,1.4805,1.4881,1.4267,1.5114,1.4112,1.1743,1.2898,1.0831,1.4304,1.4117,0.91099,1.0313,1.0832,0.75451,0.87495,0.6155,0.71965,0.38308,0.67603,0.97647,0.44429,0.64448,0.4325,0.65503,0.52682,0.44102,0.42613,0.42003,0.36129,1.1955,0.52827,0.17105,0.14199,0.013143,0.0015117,0.063743,0.0013497,0.0014266,0.001924,0.25754,0.0017585,0.15063,0.0013541,0.44174,0.0047708,0.0016097,0.00096461,0.0014259,0.001053,0.0012879,0.14725,0.0012602,0.49842,0.3005,0.1981,0.10008,0.13155,0.15826,0.0018511,0.006692,0.0020144,0.0026581,0.11599,0.027557,0.001399,0.0019015,0.002553,0.0024388,0.0025668,0.0025842,0.0025587,0.0027878,0.0029033,0.0029069,0.0028269,0.0018601,0.0014938,0.0017234,0.0021507,0.0023037,0.0021751,0.002286,0.0026023,0.0026597,0.0027465,0.0028994,0.002696,0.0029246,0.0029525,0.0029608,0.0028277,0.0025976,0.0026381,0.0027585
1989,2,0.67125,0.40331,0.32326,1.0876,0.66281,0.56401,0.58513,0.2716,0.77568,0.13381,0.15045,0.16011,0.12774,0.090555,0.11865,0.292,0.65601,0.62968,0.63173,0.45259,0.80795,0.68273,0.69616,0.67704,0.96285,0.53887,0.4258,0.46525,0.38712,0.2635,0.030962,0.33547,0.23636,0.24996,0.45296,0.45876,0.43977,0.34848,0.37227,0.30824,0.22655,0.12038,0.35374,0.34584,0.15597,0.14095,0.3646,0.2248,0.16374,0.18274,0.2199,0.21452,0.2204,0.21474,0.099957,0.00043837,0.00032796,0.00088778,0.00088692,0.0010291,0.0011771,0.0011686,0.0012462,0.075559,0.033985,0.0025835,0.05521,0.056036,0.078695,0.052711,0.00123,0.0012059,0.0018234,0.00621,0.0097253,0.0011712,0.0012062,0.0045187,0.00095914,0.0044153,0.00099991,0.0017185,0.0010601,0.027567,0.022016,0.052086,0.0011278,0.0013063,0.0011319,0.0010977,0.0010742,0.00099962,0.00093815,0.0010126,0.00097774,0.00098762,0.00099951,0.0010303,0.0098014,0.014119,0.0016815,0.0010328,0.00093678,0.0064004,0.0031154,0.011998,0.0021532,0.00099442,0.058596,0.033842,0.039458,0.060657,0.071284,0.01189,0.014403,0.062262,0.042685,0.0055013,0.01491,0.048049,0.22225,0.35133,0.45712,0.36738,0.39879,1.0275,0.734,0.47095,0.58259,1.3414,1.2406,1.3465,1.627,1.4845,1.4685,0.53158,0.44908,0.52168,0.07886,0.059582,1.4562,0.49423,4.3047,2.8497,1.2862,0.64899,0.76978,9.6317,8.0122,3.5704,0.53797,0.55229,0.47058,0.47859,0.52775,0.5709,0.51637,0.50597,0.67558,0.45155,0.47785,0.51854,0.59879,0.39421,1.1602,0.60434,0.38037,0.35402,0.39068,0.33949,0.64845,0.88039,0.562,0.53707,0.41455,1.0126,0.25577,0.32369,0.48727,1.0824,0.17731,0.08917,0.091594,0.072349,0.5837,0.56313,0.67981,0.97002,1.9348,2.9962,1.3017,0.35357,0.40227,0.60609,0.63219,0.76025,0.81999,0.81589,0.71324,0.54011,0.60829,0.55731,0.55011,0.55294,0.53013,0.56159,0.52435,0.43633,0.47925,0.40245,0.5315,0.52457,0.3385,0.3832,0.40248,0.28036,0.32511,0.2287,0.26741,0.14234,0.2512,0.36283,0.16509,0.23947,0.16071,0.24339,0.19575,0.16387,0.15834,0.15607,0.13425,0.44421,0.19629,0.063557,0.052759,0.0048837,0.00056172,0.023685,0.00050152,0.00053008,0.00071493,0.095696,0.0006534,0.055971,0.00050316,0.16414,0.0017727,0.00059813,0.00035843,0.00052983,0.00039128,0.00047854,1.0325,0.00046827,0.1852,0.11166,0.073608,0.037188,0.048881,0.058804,0.00068784,0.0024866,0.0007485,0.00098767,0.043098,0.01024,0.00051984,0.00070654,0.00094865,0.00090621,0.00095376,0.00096022,0.00095074,0.0010359,0.0010788,0.0010801,0.0010504,0.00069117,0.00055507,0.00064036,0.00079915,0.000856,0.00080821,0.00084944,0.00096694,0.00098827,0.0010205,0.0010774,0.0010018,0.0010867,0.0010971,0.0011002,0.0010507,0.0009652,0.00098026,0.001025
1989,3,0.62046,0.14986,4.9145,20.868,4.7171,4.9589,4.2671,0.10092,0.28822,0.049722,0.055905,0.059493,0.047466,0.033648,0.044087,0.20223,4.0831,3.3643,5.602,0.37303,0.30022,0.25369,0.31851,0.25157,13.349,0.20381,0.15822,0.17288,0.14385,0.097912,0.011505,0.12465,0.087828,0.092879,0.16831,0.17046,0.16341,0.12949,0.13833,0.11453,0.084182,0.044732,0.13144,1.0765,0.057954,0.052373,0.21299,0.083531,0.060842,0.067901,0.081709,0.079709,0.081894,0.079793,0.037142,0.00016289,0.00012186,0.00032988,0.00032956,0.0003824,0.00043737,0.00043421,0.00046305,0.80152,0.20799,0.00095998,0.8531,0.85897,1.2429,0.72505,0.00045705,0.00044809,0.26187,1.4735,0.038099,0.00043519,0.00044821,0.001679,0.00035639,0.31218,0.04802,0.42336,0.31867,1.0281,0.77215,0.94802,0.00041905,0.00048538,0.0004206,0.0004079,0.016187,0.00037144,0.00034859,0.00037625,0.00036331,0.00036698,0.00037139,0.00038283,0.003642,0.0052464,0.00062481,0.00038376,0.00034809,0.0023782,0.0011576,0.15823,0.00080009,0.0003695,0.021773,0.012575,0.014662,0.022539,0.076264,0.0068367,0.0053519,0.023135,0.015861,0.0020441,0.0055403,0.017854,0.082583,0.13855,0.16985,0.13651,0.14818,0.6754,0.29928,0.17499,0.21648,0.90836,0.46096,0.50032,0.60455,0.55161,0.54567,0.19752,0.16687,0.19384,0.029303,0.022139,0.54107,0.18365,4.8337,1.0589,0.4779,0.24115,0.28603,3.5789,2.9771,1.3267,0.1999,0.20522,0.17486,0.17783,0.1961,0.21213,0.19187,0.18801,0.25103,0.16779,0.17756,0.19268,0.2225,0.14648,0.4311,0.22456,3.1681,1.7803,0.35265,0.74089,0.24095,0.32713,0.20883,0.19956,0.15404,0.37627,0.095038,0.12027,0.18106,0.40219,0.065885,0.033133,0.034034,0.026883,0.21689,0.20924,0.2526,0.36044,0.71894,1.114,0.48368,0.13138,0.14947,0.22521,0.23491,0.28249,0.30469,0.30316,0.26502,0.20069,0.22603,0.20708,0.20441,0.20546,0.19698,0.20867,0.19484,0.16213,0.17808,0.14954,0.19749,0.19492,0.12578,0.14239,0.14955,0.10417,0.1208,0.084981,0.099362,0.052891,0.093339,0.13482,0.061342,0.088983,0.059715,0.090439,0.072737,0.060891,0.058835,0.057994,0.049884,0.16506,0.072938,0.023616,0.019604,0.0018147,0.00020872,0.0088009,0.00018635,0.00019697,0.00026565,0.77486,0.00024279,0.4112,0.00018696,0.060991,0.0006587,0.00022225,0.00013318,0.00019687,0.00014539,0.00017781,2.0906,0.000174,0.15598,0.041489,0.027351,0.013818,0.018163,0.02185,0.00025559,0.00092396,0.00027813,0.000367,0.016014,0.0038048,0.00019316,0.00026253,0.00035249,0.00033672,0.00035439,0.0003568,0.00035327,0.00038491,0.00040086,0.00040135,0.00039031,0.00025682,0.00020625,0.00023794,0.00029695,0.00031807,0.00030031,0.00031563,0.00035929,0.00036722,0.0003792,0.00040032,0.00037223,0.0004038,0.00040764,0.00040879,0.00039042,0.00035864,0.00036424,0.00038086
1989,4,20.21,2.5569,18.338,42.613,21.907,18.383,10.945,0.98587,9.7516,0.33926,1.3773,1.0161,1.5707,1.7734,1.6995,9.219,6.7753,5.9849,12.161,3.3418,16.928,4.6083,4.2744,3.2176,31.9,3.8145,2.0627,7.2105,18.308,17.963,4.9484,40.61,13.428,18.66,14.824,31.124,25.536,15.529,20.304,17.394,10.936,0.016621,0.04884,13.824,0.021534,0.019461,7.522,0.33904,0.022607,0.025231,0.030361,0.029618,0.03043,0.029649,0.013801,6.0525e-05,4.5282e-05,0.00012258,0.00012246,0.00014209,0.00016252,0.00016134,0.00017206,0.7304,0.19373,0.00035671,0.77972,0.78471,1.11,0.66686,0.00016983,0.0001665,0.25183,1.3983,0.035094,0.00016171,0.00016654,0.00062389,0.00013243,0.29871,0.046729,0.40293,0.30551,0.93674,0.71462,0.86316,0.00015571,0.00018035,0.00015628,0.00015157,0.015621,0.00013802,0.00012953,0.00013981,0.000135,0.00013636,0.000138,0.00015341,0.55023,0.79969,0.0048425,0.0001426,0.00012934,0.14741,0.43865,1.7647,0.0002973,0.0001373,0.0080903,0.0046726,0.005448,0.11491,0.37595,0.2725,0.0019886,0.0085964,0.25828,0.00075956,0.0020586,0.0066341,0.030686,0.42114,0.063114,0.050724,0.055061,1.9447,0.77112,0.065024,0.080438,5.3394,2.6645,0.18591,5.1113,0.20497,0.23979,0.073395,0.062005,0.072027,0.010888,0.0082265,0.20105,0.068238,31.701,2.4319,0.17758,0.089605,0.10628,1.4288,1.2389,0.49297,0.074277,0.076255,0.064973,0.066078,0.072866,0.078823,0.071295,5.6699,10.476,3.2702,2.2458,3.0843,2.75,1.0026,0.16019,0.083441,19.81,8.1585,6.4775,1.8816,0.089531,0.12156,0.077596,0.074153,0.057236,0.13981,0.035314,0.044691,0.067278,0.14944,0.024481,0.012312,0.012646,0.0099892,0.080591,0.07775,0.09386,0.13393,0.79484,14.181,3.0902,0.048817,0.18317,0.083682,0.087286,3.6839,16.492,18.695,6.9737,0.074572,0.083986,0.076947,0.075953,0.076344,0.073195,0.077538,0.072397,0.060244,0.066169,0.055566,0.073383,0.072427,0.046737,0.052907,0.06309,0.038709,0.044888,0.031577,2.4243,0.019653,0.034683,7.639,0.27307,0.033064,0.060979,0.033605,0.027028,0.022626,0.021862,0.021549,0.018536,4.3795,4.6807,0.0089864,4.275,0.00067429,7.7556e-05,0.22342,6.9245e-05,7.3188e-05,9.871e-05,3.1353,9.0215e-05,0.6349,6.9472e-05,0.11292,0.00024476,8.2583e-05,4.9488e-05,7.3153e-05,5.4024e-05,6.6071e-05,1.9061,6.4654e-05,0.18166,0.015416,0.037424,0.0051345,0.006749,0.008119,9.497e-05,0.00034332,0.00010335,0.00013637,1.1504,0.040899,7.1774e-05,9.7551e-05,0.00013098,0.00012512,0.00013168,0.00013258,0.00013127,0.00014302,0.00014895,0.00014913,0.00014503,9.5429e-05,7.6638e-05,8.8414e-05,0.00011034,0.00011819,0.00011159,0.00011728,0.00013351,0.00013645,0.0001409,0.00014875,0.00013831,0.00015004,0.00015147,0.0001519,0.00014507,0.00013326,0.00013534,0.00014152
1989,5,9.8993,2.1276,9.4679,16.566,10.631,9.4838,6.4158,0.88698,6.1619,0.31458,1.2257,0.92066,1.385,1.549,1.4888,5.9197,4.0678,3.6815,6.9161,2.617,8.8704,3.4903,3.2663,2.5845,13.789,2.9907,1.7555,4.9547,9.3023,9.1945,3.7171,14.533,7.6559,9.4083,8.1603,12.61,11.281,8.4035,9.8938,9.0164,6.6762,0.0061761,0.018148,7.8012,0.0080017,0.0072312,5.1047,0.30725,0.0084004,0.0093751,0.011281,0.011005,0.011307,0.011017,0.0051281,2.249e-05,1.6826e-05,4.5546e-05,4.5502e-05,5.2798e-05,6.0387e-05,5.9951e-05,6.3933e-05,0.2714,0.071986,0.00013254,0.28972,0.29158,0.41244,0.24779,6.3104e-05,6.1867e-05,0.093575,0.57118,0.01304,6.0087e-05,6.1884e-05,0.00023182,4.9207e-05,0.11099,0.017363,0.14972,0.11352,0.34807,0.26554,0.32073,5.7858e-05,6.7016e-05,5.8072e-05,5.6318e-05,0.0058044,5.1284e-05,4.813e-05,5.1949e-05,5.0161e-05,5.0668e-05,5.1278e-05,6.3811e-05,0.51898,0.74216,0.0046082,5.2986e-05,4.806e-05,0.1426,0.41718,1.4834,0.00011047,5.1017e-05,0.0030061,0.0017362,0.0020243,0.10685,0.32632,0.25997,0.00073894,0.0031942,0.24544,0.00028223,0.00076494,0.0024651,0.011402,0.36981,0.023452,0.018848,0.020459,1.5098,0.65166,0.024161,0.029889,3.8302,2.1647,0.069079,3.7647,0.07616,0.11158,0.027272,0.023039,0.026764,0.0040458,0.0030568,0.074706,0.025356,37.771,7.0236,0.065984,0.033295,0.039492,0.5905,0.53999,0.18318,0.0276,0.028334,0.024142,0.024553,0.027075,0.029289,0.026492,4.3305,7.5499,2.6306,1.8924,2.4991,2.2583,0.89308,0.059521,0.031005,11.295,5.5365,4.6819,1.3673,0.033268,0.045167,0.028833,0.027554,0.021268,0.051951,0.013122,0.016606,0.024999,0.05553,0.0090967,0.0045747,0.0046991,0.0037117,0.029946,0.02889,0.034876,0.049765,2.5799,26.312,6.8286,0.018139,0.14473,0.031094,0.032434,2.8968,8.7283,9.4241,4.8273,0.027709,0.031207,0.028592,0.028222,0.028368,0.027197,0.028811,0.026901,0.022385,0.024587,0.020647,0.027268,0.026912,0.017366,0.019659,0.028022,0.014383,0.016679,0.011733,2.0368,0.0073026,0.012887,5.1733,0.24972,0.012286,0.046198,0.012487,0.010043,0.0084072,0.0081234,0.0080071,0.0068874,3.3566,3.5507,0.0034679,3.3049,0.00025055,2.8818e-05,0.21387,2.573e-05,2.7195e-05,3.6678e-05,2.3176,3.3522e-05,0.38657,2.5814e-05,0.096404,9.0946e-05,3.0686e-05,1.8388e-05,2.7182e-05,2.0074e-05,2.4551e-05,0.99677,2.4024e-05,0.11048,0.0057284,0.030471,0.0019079,0.0025078,0.0030168,3.5289e-05,0.00012757,3.8401e-05,5.0671e-05,1.043,0.039157,2.6669e-05,3.6248e-05,4.8669e-05,4.6491e-05,4.8931e-05,4.9263e-05,4.8776e-05,5.3145e-05,5.5346e-05,5.5414e-05,5.389e-05,3.5459e-05,2.8477e-05,3.2853e-05,4.0999e-05,4.3916e-05,4.1464e-05,4.3579e-05,4.9607e-05,5.0702e-05,5.2356e-05,5.5272e-05,5.1394e-05,5.5753e-05,5.6283e-05,5.6442e-05,5.3905e-05,4.9518e-05,5.0291e-05,5.2585e-05
1989,6,3.6783,0.79057,3.5181,6.1557,3.9502,3.524,2.3839,0.32958,2.2896,0.11689,0.45545,0.3421,0.51462,0.57555,0.5532,2.1996,1.5115,1.368,2.5698,0.9724,3.296,1.2969,1.2137,0.96035,5.1238,1.1113,0.65232,1.841,3.4565,3.4164,1.3812,5.526,2.8447,3.4959,3.0322,4.7279,4.1949,3.1225,3.6763,3.3503,2.4807,0.0022949,0.0067434,2.8988,0.0029732,0.0026869,1.8968,0.11417,0.0031214,0.0034836,0.0041919,0.0040893,0.0042015,0.0040936,0.0019055,8.3567e-06,6.252e-06,1.6924e-05,1.6907e-05,1.9618e-05,2.2438e-05,2.2276e-05,2.3756e-05,0.10085,0.026748,4.925e-05,0.10765,0.10834,0.15325,0.092073,2.3448e-05,2.2988e-05,0.03477,0.21224,0.0048454,2.2327e-05,2.2995e-05,8.614e-05,1.8284e-05,0.041243,0.0064518,0.055633,0.042182,0.12934,0.098667,0.11918,2.1499e-05,2.4901e-05,2.1578e-05,2.0927e-05,0.0021568,1.9056e-05,1.7884e-05,1.9303e-05,1.8639e-05,1.8827e-05,1.9054e-05,2.3711e-05,0.19284,0.27577,0.0017123,1.9688e-05,1.7858e-05,0.052986,0.15502,0.55118,4.1047e-05,1.8957e-05,0.001117,0.00064514,0.0007522,0.039702,0.12125,0.096599,0.00027457,0.0011869,0.091199,0.00010487,0.00028423,0.00091597,0.0042368,0.13741,0.008714,0.0070034,0.0076022,0.56099,0.24214,0.0089778,0.011106,1.4287,0.80434,0.025668,1.3989,0.028299,0.04146,0.010134,0.0085609,0.0099448,0.0015033,0.0011358,0.027759,0.0094216,159.27,91.684,0.024518,0.012372,0.014674,0.21942,0.20065,0.068064,0.010255,0.010528,0.0089708,0.0091234,0.010061,0.010883,0.0098436,1.7522,5.5712,0.97748,0.70316,0.9286,0.83914,0.33185,0.022117,0.011521,4.9205,2.2356,1.8261,0.50804,0.012361,0.016783,0.010714,0.010238,0.0079026,0.019304,0.0048758,0.0061705,0.009289,0.020633,0.0033801,0.0016998,0.0017461,0.0013792,0.011127,0.010735,0.012959,0.018492,82.532,147.16,65.715,0.0067401,0.053778,0.011554,0.012052,1.0764,3.2432,3.5018,1.7937,0.010296,0.011596,0.010624,0.010487,0.010541,0.010106,0.010706,0.0099958,0.0083179,0.0091359,0.0076719,0.010132,0.01,0.0064529,0.0073049,0.010412,0.0053445,0.0061976,0.0043598,0.75683,0.0027135,0.0047886,1.9223,0.092789,0.0045651,0.017166,0.0046398,0.0037317,0.0031239,0.0030185,0.0029753,0.0025592,1.2472,1.3194,0.0012886,1.228,9.3099e-05,1.0708e-05,0.07947,9.5605e-06,1.0105e-05,1.3629e-05,0.86115,1.2456e-05,0.14364,9.5919e-06,0.035821,3.3793e-05,1.1402e-05,6.8327e-06,1.01e-05,7.459e-06,9.1224e-06,0.37038,8.9268e-06,0.041053,0.0021285,0.011322,0.00070892,0.00093183,0.001121,1.3112e-05,4.7402e-05,1.4269e-05,1.8828e-05,0.38756,0.01455,9.9097e-06,1.3469e-05,1.8084e-05,1.7275e-05,1.8182e-05,1.8305e-05,1.8124e-05,1.9747e-05,2.0565e-05,2.0591e-05,2.0024e-05,1.3176e-05,1.0581e-05,1.2207e-05,1.5234e-05,1.6318e-05,1.5407e-05,1.6193e-05,1.8433e-05,1.884e-05,1.9454e-05,2.0538e-05,1.9097e-05,2.0716e-05,2.0914e-05,2.0972e-05,2.003e-05,1.84e-05,1.8687e-05,1.9539e-05
1989,7,1.3668,0.29376,1.3072,2.2873,1.4678,1.3094,0.88582,0.12246,0.85077,0.043434,0.16924,0.12712,0.19122,0.21386,0.20556,0.81733,0.56164,0.50831,0.9549,0.36132,1.7936,0.4819,0.45098,0.35684,1.9039,0.41292,0.24239,0.68409,1.2844,1.2695,0.51322,2.8692,1.057,1.299,1.1267,2.1687,1.7107,1.1603,1.366,1.2449,0.92178,0.00085273,0.0025057,1.0771,0.0011048,0.0009984,0.70481,0.042421,0.0011598,0.0012944,0.0015576,0.0015195,0.0015612,0.0015211,0.00070803,3.1051e-06,2.3231e-06,6.2885e-06,6.2824e-06,7.2897e-06,8.3376e-06,8.2774e-06,8.8272e-06,0.037472,0.0099391,1.83e-05,0.040002,0.040258,0.056946,0.034212,8.7128e-06,8.542e-06,0.01292,0.078862,0.0018004,8.2962e-06,8.5443e-06,3.2008e-05,6.7939e-06,0.015325,0.0023974,0.020672,0.015674,0.048058,0.036663,0.044283,7.9884e-06,9.2528e-06,8.0179e-06,7.7758e-06,0.0008014,7.0807e-06,6.6453e-06,7.1726e-06,6.9257e-06,6.9957e-06,7.0799e-06,8.8103e-06,0.071656,0.10247,0.00063625,7.3157e-06,6.6356e-06,0.019688,0.0576,0.20481,1.5252e-05,7.0439e-06,0.00041506,0.00023972,0.0002795,0.014752,0.42667,0.035894,0.00010202,0.00044102,0.033887,3.8968e-05,0.00010561,0.00034035,0.0015743,2.3945,0.48125,0.0026023,0.0028248,7.7665,5.2775,0.0033359,0.0041267,13.092,11.814,0.0095377,16.273,0.010515,7.0243,0.0037654,0.003181,0.0036952,0.0005586,0.00042205,0.010315,0.0035008,128.5,97.799,16.327,0.004597,0.0054527,4.3632,7.5884,0.025291,0.0038107,0.0039121,0.0033333,0.00339,0.0037383,0.0040439,0.0036577,4.1473,12.597,0.36321,0.26128,0.34505,2.2664,0.12331,6.9083,0.0042808,5.2732,4.7473,2.7171,2.7494,0.0045932,0.97882,0.0039809,0.0038043,0.0029364,0.085521,0.0018117,0.0022928,0.0034516,0.4614,0.001256,0.00063162,0.0006488,0.00051248,0.0041346,0.0039888,0.0048153,3.0974,89.975,119.59,74.034,2.7267,0.7791,0.0042932,0.0044781,0.82178,3.885,2.9275,0.6665,0.0038258,0.0043087,0.0039476,0.0038966,0.0039167,0.0037551,0.003978,0.0037142,0.0030907,0.0033947,0.0028507,0.0037648,0.0037158,0.0023978,0.0027143,0.003869,0.0019859,0.0023029,0.00162,0.28122,0.0010083,0.0017793,0.71428,0.034478,0.0016963,0.0063785,0.001724,0.0013866,0.0011608,0.0011216,0.0011055,0.00095094,0.46344,0.52284,0.00047881,0.47284,3.4594e-05,3.9789e-06,0.029529,3.5525e-06,3.7548e-06,5.0641e-06,0.31998,4.6283e-06,0.053373,3.5641e-06,0.01331,1.2557e-05,4.2368e-06,2.5389e-06,3.753e-06,2.7716e-06,3.3897e-06,0.13762,3.317e-06,0.7117,0.033658,0.099862,0.00026342,0.00034625,0.00041653,4.8723e-06,1.7614e-05,5.302e-06,6.9961e-06,0.21769,0.042498,3.6822e-06,5.0047e-06,1.2836,6.419e-06,6.7559e-06,6.8016e-06,6.7345e-06,7.3376e-06,7.6416e-06,7.651e-06,7.4406e-06,4.8958e-06,3.9318e-06,4.5359e-06,5.6607e-06,6.0634e-06,5.7249e-06,6.0169e-06,6.8493e-06,7.0004e-06,7.2287e-06,7.6314e-06,7.0959e-06,7.6978e-06,7.771e-06,7.7929e-06,7.4427e-06,6.8369e-06,6.9436e-06,7.2604e-06
1989,8,23.005,8.4032,15.825,30.746,24.477,17.329,11.58,2.3614,2.5564,0.6227,1.0462,1.1002,1.2855,1.4131,1.7642,8.4334,9.9334,10.774,14.78,11.415,25.474,14.481,15.225,15.12,28.33,22.616,23.039,27.648,23.112,16.857,6.2951,19.777,16.33,10.729,27.714,19.313,17.202,7.9191,11.014,8.4912,6.3966,0.00031686,10.411,27.095,0.28377,0.00037098,21.666,1.1633,0.00043097,0.00048097,0.00057878,0.00056461,0.00058009,0.0005652,0.00026309,1.1538e-06,8.6321e-07,2.3367e-06,2.3344e-06,0.00087183,12.477,5.1863,17.651,8.8256,14.783,10.425,35.568,35.152,35.411,33.746,17.957,30.32,46.227,66.513,26.485,21.361,23.583,24.685,0.2477,2.3397,1.7349,3.5033,8.1157,11.784,30.336,22.428,20.027,30.627,21.235,17.627,12.453,0.35032,2.4692e-06,1.0198,1.2771,1.9642,1.3489,33.482,43.152,45.023,35.451,22.755,15.546,36.494,38.637,43.473,31.327,21.758,25.719,20.145,26.732,38.706,46.959,38.305,30.439,46.311,46.645,27.324,18.689,35.847,32.96,61.914,61.631,39.367,19.166,74.253,69.657,41.262,27.19,81.564,83.387,44.329,88.674,42.862,73.337,13.384,12.772,14.071,0.00020756,0.00015682,7.5761,5.1762,50.451,52.369,42.107,5.857,14.793,39.549,41.608,23.957,8.4824,7.0098,7.7824,5.8445,14.994,7.5264,0.92965,40.788,43.278,23.167,23.046,27.168,27.247,15.572,22.509,0.0015906,45.998,50.08,46.875,52.017,21.232,57.191,0.193,0.0014136,0.0010911,15.145,0.0006732,0.10341,2.4009,46.53,0.00046669,0.0002347,0.00024108,0.00019042,0.0015363,0.0014822,0.5535,26.433,49.615,48.885,49.983,28.973,31.461,1.3162,5.8418,19.655,27.39,28.103,22.059,1.4457,3.2235,2.9185,2.2418,1.9974,0.0013953,2.0077,0.0013801,0.0011484,0.73254,0.0010593,1.9708,12.474,0.45646,0.0010086,8.9345,0.0041078,2.115,1.2789,16.588,1.9061,4.1059,15.457,9.1579,0.0006303,7.9383,2.9699,5.9786,3.1424,3.9838,8.1107,4.7496,32.994,31.487,6.7082,27.489,6.2679,1.4785e-06,3.785,1.32e-06,1.3952e-06,0.69325,4.8252,1.7198e-06,0.87211,1.3243e-06,6.5474,4.6658e-06,1.5743e-06,9.4339e-07,1.3945e-06,1.0299e-06,1.2595e-06,1.4925,1.2325e-06,48.241,44.715,39.871,11.611,17.764,31.554,3.2763,17.679,4.0041,15.163,31.447,27.448,9.8493,2.8351,24.338,13.119,8.9231,2.747,5.8475,6.8425,5.5672,1.5529,2.2331,1.8192e-06,1.461e-06,1.6854e-06,2.1034e-06,0.097821,0.0061074,0.56163,0.65007,1.5011,0.20923,0.64456,0.0096161,0.93713,8.1209,4.8689,18.018,2.5404e-06,0.88543,16.966
1989,9,12.419,5.5399,8.5179,14.253,12.069,9.0314,6.9299,1.9869,2.0474,0.57678,0.9266,0.98063,1.1262,1.2286,1.5148,5.5331,6.2352,6.6002,8.1501,6.8695,15.591,8.2888,8.3135,8.4013,12.025,10.543,10.648,11.803,10.709,8.8637,4.4493,9.8478,8.6856,6.5649,11.842,9.6748,8.9881,5.2644,6.6855,5.5432,4.4781,0.00011774,6.5743,11.73,0.27267,0.00013785,10.296,1.0493,0.00016014,0.00017872,0.00021506,0.0002098,0.00021555,0.00021002,9.7758e-05,4.2872e-07,3.2075e-07,8.6825e-07,8.674e-07,0.00085369,7.5588,3.9446,9.5215,6.0127,8.3768,6.5177,13.933,13.974,13.887,13.559,9.5456,12.874,15.861,18.696,11.665,10.256,10.898,11.219,0.23881,2.2385,1.6879,3.37,6.2407,7.6276,13.086,10.998,10.098,12.742,10.398,9.5577,8.1619,0.33537,9.1751e-07,0.9346,1.1522,1.7031,1.2117,14.214,16.028,16.316,14.557,11.699,8.9889,15.782,15.939,16.964,14.254,11.475,14.923,12.74,14.588,17.697,19.945,16.253,14.395,18.586,18.328,13.343,10.836,16.2,17.58,24.713,26.287,22.453,15.999,29.625,28.269,23.316,19.757,33.3,36.035,28.439,39.655,28.734,35.329,15.186,14.533,13.883,0.014261,5.8272e-05,7.564,6.598,27.138,27.419,22.195,6.0435,11.644,21.053,21.814,15.63,8.4325,7.8266,8.7104,6.5973,11.362,6.5982,0.88412,18.928,20.741,12.875,12.571,13.712,14.325,9.4706,12.149,0.00059105,20.502,21.89,19.96,22.093,13.207,24.021,0.18592,0.00052526,0.00040543,10.132,0.00025014,0.10021,2.1183,23.84,0.00017341,8.7208e-05,8.9579e-05,7.0757e-05,0.00057086,0.027464,1.541,17.814,26.591,26.583,26.527,18.037,17.086,1.6882,6.3163,15.348,18.557,19.019,17.478,3.7274,4.6239,5.7532,4.7623,3.4915,0.00051847,4.2119,0.00051282,0.00042673,2.0438,0.00039359,3.9592,12.319,0.47812,0.00037477,6.818,0.0035797,1.8648,1.1534,8.761,1.6579,3.1999,8.3878,5.9019,0.00023421,5.327,2.4423,4.309,2.5623,3.122,5.4111,3.5988,15.908,16.163,5.0404,15.487,5.782,5.4936e-07,2.9903,4.9049e-07,5.1842e-07,0.64867,3.6169,6.3903e-07,1.0115,4.921e-07,4.6171,1.7337e-06,5.8497e-07,3.5054e-07,5.1817e-07,3.8267e-07,4.6801e-07,5.0481,4.5797e-07,20.914,20.358,18.869,8.8836,11.776,16.655,3.2384,11.668,3.5353,9.9393,17.305,15.663,8.0979,2.7795,13.941,9.556,7.0616,2.3307,5.02,5.0907,4.2575,1.3783,1.9083,6.7597e-07,5.4286e-07,6.2627e-07,7.8157e-07,0.20361,0.0059884,0.5975,0.60999,1.3369,0.20226,0.60503,0.0094266,0.86331,5.7648,3.8008,9.9733,9.4396e-07,0.81835,9.5346
1989,10,11.01,5.2727,7.8441,26.948,29.04,15.976,11.398,1.314,0.79474,0.21432,0.3443,0.36438,0.41848,0.45653,0.56377,2.7485,10.926,9.3538,11.103,5.0569,15.852,11.759,12.466,12.176,23.142,8.4515,5.4263,6.0075,6.0101,5.9173,3.3136,8.8016,5.6695,5.8781,6.5587,8.7102,6.7653,5.6759,6.2279,5.0436,3.4056,4.3748e-05,2.514,4.388,0.10132,5.1221e-05,3.8256,0.38988,5.9503e-05,6.6408e-05,7.9911e-05,7.7955e-05,8.0093e-05,7.8037e-05,3.6325e-05,1.593e-07,1.1918e-07,3.2262e-07,3.2231e-07,0.00031721,2.9643,1.5177,3.7857,2.3903,3.2504,2.4556,5.4748,5.5545,5.4485,5.3231,3.7548,5.0798,6.2631,7.444,4.4357,3.8532,4.1212,4.265,0.088736,0.98149,0.72552,1.5753,2.7792,3.1788,5.2678,4.3858,3.9223,4.9209,4.0093,3.8232,3.5171,0.12462,3.4092e-07,0.34728,0.42812,0.63282,0.45023,5.9256,6.6406,6.7431,6.035,4.9584,3.6719,6.9283,6.8955,7.3564,6.1529,4.8957,7.0817,6.0483,6.7801,8.1422,9.196,7.1565,6.3401,8.37,8.1768,5.801,4.7698,7.2797,8.3485,11.427,12.248,10.767,8.1124,13.545,13.001,11.14,9.7368,15.061,16.304,13.525,17.925,13.713,16.167,7.9722,7.6725,7.2486,0.013931,2.1652e-05,3.9572,3.7153,12.165,12.314,10.334,3.1529,5.8303,9.9633,10.254,7.6425,4.4302,4.246,4.7293,3.5784,5.6173,3.2187,0.34551,8.6751,9.495,5.8454,5.6271,6.0972,6.4663,4.0905,5.1807,0.00021962,9.4138,10.1,9.1187,10.213,6.2745,11.193,0.069084,0.00019517,0.00015065,4.6958,9.2948e-05,0.037235,0.83876,11.296,6.4436e-05,3.2404e-05,3.3285e-05,2.6292e-05,0.00021212,0.026559,1.1281,8.7168,12.007,11.959,12.002,8.7271,8.0911,4.967,8.9409,14.179,15.807,16.036,15.057,5.8162,6.8055,6.3446,5.1564,6.4357,0.22478,6.4671,0.30922,0.00015856,2.5422,0.00014625,2.9577,6.4735,0.2048,0.00013925,3.1093,0.0013301,0.72111,0.42857,3.2563,0.61603,1.189,3.1184,2.193,8.7025e-05,1.9794,0.90751,1.6011,0.95208,1.16,2.0106,1.3372,7.2488,7.5169,2.0708,7.326,2.8432,2.0413e-07,1.1111,1.8225e-07,1.9263e-07,0.24103,1.344,2.3745e-07,0.50362,1.8285e-07,1.7156,6.442e-07,2.1736e-07,1.3025e-07,1.9254e-07,1.4219e-07,1.739e-07,3.4505,1.7017e-07,9.7181,9.5355,8.8251,4.2604,5.6045,7.8447,1.5368,5.5359,1.5468,4.5418,8.2495,7.4491,3.9503,1.2836,6.4744,4.5444,3.2966,0.8939,2.3032,2.0781,1.689,0.51214,0.70921,2.5117e-07,2.0171e-07,2.3271e-07,2.9041e-07,0.14086,0.0022251,0.2628,0.22666,0.49714,0.075156,0.22482,0.0035027,0.32079,2.3463,1.4905,4.1335,3.5075e-07,0.30408,3.9151
1989,11,10.732,5.3215,5.1079,13.802,16.547,11.836,12.921,1.7498,0.30983,0.079636,0.12793,0.13539,0.1555,0.17271,0.2756,4.8514,17.818,16.657,19.535,9.1494,14.68,14.715,16.811,15.944,37.649,13.815,9.7135,10.067,12.577,14.56,11.331,20.969,14.068,19.715,18.105,24.654,20.62,23.86,22.463,22.304,20.227,9.352,5.568,38.259,12.744,12.671,28.73,16.601,17.192,14.406,14.813,10.216,7.203,9.1084,4.5962,1.7884,4.4285e-08,1.1988e-07,1.1976e-07,0.00011787,1.1015,0.56393,1.4067,0.91106,1.2078,0.91243,2.0343,2.0639,2.0245,1.9779,1.3952,1.8875,2.3272,2.8272,1.6482,1.4318,1.5313,1.5848,0.032972,0.3647,0.26959,0.58535,1.0327,1.1812,1.9574,1.6297,1.4574,1.8285,1.4898,1.4206,1.3069,0.046305,1.2668e-07,0.12904,0.15908,0.23514,0.1673,2.2018,2.4675,2.5056,2.2425,1.8424,1.3644,2.5744,2.5622,2.7335,2.2863,1.8191,2.6314,2.2474,2.5193,3.0254,3.4212,2.6592,2.3558,3.1101,3.0383,2.1555,1.7724,2.705,3.1021,5.5289,4.6732,4.2109,3.186,9.5046,7.6536,4.5074,4.08,10.467,8.2304,7.2495,10.1,9.3034,11.487,10.764,11.986,15.658,6.6173,7.3333,15.485,9.036,4.5202,4.8364,8.7175,8.4548,15.268,33.234,28.861,22.91,12.499,10.565,10.282,12.122,26.269,25.96,20.575,43.79,52.611,55.67,51.696,50.136,66.924,58.553,60.607,53.217,6.121,3.8257,14.771,4.0438,7.3366,9.8788,34.185,50.313,19.969,39.551,13.815,35.631,29.043,13.381,8.1733,10.561,4.9591,8.8805,7.8818e-05,0.0098688,0.41916,4.1685,4.4614,4.4436,7.2341,13.435,24.247,9.463,11.655,11.624,12.427,12.614,11.624,5.4334,8.3019,4.9785,4.1073,6.8398,0.52111,6.2115,0.73612,5.8919e-05,3.3517,5.4343e-05,1.6848,2.9807,4.6337,5.1744e-05,5.2682,2.0902,6.7089,2.0494,11.732,0.96572,3.2145,15.514,4.9375,0.10772,4.2987,2.5788,5.5473,3.1154,3.807,5.0514,7.8345,24.249,4.0675,5.4638,2.7222,1.0565,0.75841,5.2782,0.20445,0.0033355,1.303,11.704,8.823e-08,9.9532,0.48342,14.457,1.9601,1.3643,4.8399e-08,2.7725,1.0224,1.0026,11.966,0.015763,3.8145,3.5707,3.2792,1.5831,2.0825,2.9149,0.57102,2.057,0.57476,1.6876,3.0653,2.7679,1.4678,0.47694,2.4058,1.6886,1.2249,0.33215,0.85581,0.77216,0.62758,0.1903,0.26353,9.333e-08,7.4952e-08,8.6469e-08,1.0791e-07,0.05234,0.00082681,0.097651,0.084221,0.18472,0.027926,0.083537,0.0013015,0.1192,0.87184,0.55382,1.5359,1.3033e-07,0.11299,1.4548
1989,12,9.8696,3.3145,5.0771,5.9012,7.7369,5.8243,6.9305,1.163,0.16162,0.091356,0.049486,0.096863,0.057779,0.066043,0.17223,4.2426,9.2499,8.8034,9.9241,5.5077,7.6097,7.8413,8.7865,8.405,15.748,7.61,6.5713,6.6196,9.0557,10.314,8.7231,12.905,9.9278,15.997,11.48,19.143,17.826,24.125,20.762,19.084,15.445,7.6904,3.8757,15.702,7.3981,7.3703,12.834,9.438,8.9497,8.0113,8.7639,6.8995,4.9599,5.8804,3.5056,1.566,1.6455e-08,0.59303,4.4501e-08,4.3797e-05,0.40928,0.23143,0.54785,4.8868,2.4724,0.99517,2.3215,2.3814,2.9928,2.29,0.6885,0.70691,1.2641,1.5807,1.4865,1.1616,1.2716,1.3227,0.065948,0.72637,0.12448,0.39397,0.39399,1.4485,1.2552,2.4934,0.54154,1.3469,0.56628,0.52787,0.4856,0.017206,4.7071e-08,0.047948,0.05911,0.087373,0.062163,0.81814,0.91686,0.93102,0.83325,0.68461,0.50698,1.0716,1,1.4472,0.84953,0.67594,0.97777,0.83509,0.93612,1.3652,2.1944,1.4172,0.87538,1.4581,1.6129,0.80094,0.65857,1.0051,1.1527,3.3866,1.8099,1.6897,1.2864,6.0907,4.7187,1.8899,1.7833,6.704,4.0531,3.7021,5.1273,5.1206,6.3415,6.5377,7.2076,8.8835,4.6542,5.0262,8.4173,5.7008,1.6796,1.9514,5.1027,5.4361,8.3392,13.565,12.565,10.878,7.2543,6.4113,6.2623,7.1117,11.708,11.523,9.9779,22.358,23.71,24.527,23.97,24.3,24.11,22.731,19.391,16.717,9.346,3.6976,10.379,2.7199,4.6201,5.771,14.484,16.6,9.7931,14.746,7.7985,13.536,12.859,7.7091,5.4413,6.5201,3.7244,5.7755,2.9287e-05,0.003667,0.15575,2.0592,1.6578,1.6511,4.0779,7.9437,13.523,5.6452,6.6068,6.3822,6.5729,6.7154,5.9342,2.9398,4.7579,2.5638,2.1533,3.8022,0.37272,3.3874,0.52835,2.1893e-05,2.1635,2.0193e-05,0.83221,1.4363,3.5103,1.9227e-05,3.6304,1.7996,4.9608,1.7049,7.7216,0.77255,2.4673,12.826,3.6803,0.10486,3.1393,2.0397,3.9415,2.4267,2.882,3.6027,5.213,14.661,2.6168,3.8893,1.1564,0.39256,0.70666,3.8326,0.19771,0.0032718,1.6589,8.994,3.2784e-08,7.4725,0.45864,8.037,1.6999,1.2244,1.7984e-08,2.303,0.93689,0.91985,12.579,0.015449,2.1655,1.5561,1.6904,0.58823,0.7738,1.2419,0.21218,0.76433,0.21357,0.62708,1.139,1.0285,0.54541,0.17722,0.89392,0.62744,0.45516,0.12342,0.318,0.28692,0.23319,0.070711,0.09792,3.4679e-08,2.785e-08,3.213e-08,4.0097e-08,0.019448,0.00030722,0.036285,0.031295,0.068639,0.010377,0.03104,0.00048362,0.044291,0.32396,0.20579,0.57071,4.8428e-08,0.041984,0.54055
1990,1,5.4395,1.4488,7.7404,11.52,4.6956,5.5668,2.9713,0.46587,2.9399,0.071328,0.15682,0.13579,0.026251,0.02454,0.082309,2.0996,3.4371,3.2711,3.6876,2.0465,2.8276,2.9137,3.2648,3.1231,6.0765,2.8277,2.8454,2.8142,4.2986,4.9291,4.2307,5.9685,4.713,8.0459,5.2917,9.4456,8.9569,11.629,10.273,9.5152,7.719,3.7217,1.4401,7.1322,2.749,2.7386,5.1196,3.887,3.3255,2.9768,3.6031,2.8665,1.843,2.185,1.3026,0.5819,6.1145e-09,0.55856,1.6535e-08,1.6274e-05,0.15208,0.099306,0.21886,4.5812,2.1367,0.74142,1.9674,2.0622,2.605,1.8632,0.3575,0.26605,1.2401,3.6522,1.036,0.78921,0.8685,0.90367,0.057034,0.60694,0.061034,0.2518,0.15265,1.2963,0.98571,2.3378,0.20122,0.87928,0.21816,0.19614,0.18044,0.0063933,1.7491e-08,0.017816,0.021964,0.032466,0.023099,0.304,0.34068,0.34594,0.30962,0.25438,0.18838,0.92333,0.98367,2.103,0.3934,0.25116,0.36332,0.3103,0.34784,0.65022,1.9584,1.3759,0.33556,1.1573,1.6558,0.29761,0.24471,0.37542,0.42831,2.3026,0.67252,0.62786,0.47801,4.1328,2.7055,0.70224,0.66263,3.6525,1.506,1.3756,1.9052,1.9149,2.4342,2.535,2.8295,3.5341,1.7294,1.8676,3.1277,2.1183,0.6241,0.72511,1.896,2.0199,3.0989,8.8999,7.4901,4.553,2.6955,2.3823,2.3269,2.6425,4.3504,4.2816,3.7075,10.541,11.092,11.507,11.289,11.642,11.124,10.774,8.1041,6.5101,7.9663,4.2843,7.4176,3.5332,1.7602,4.3286,6.0846,6.613,3.6389,5.6405,2.8977,5.0948,5.1887,3.0039,2.0219,2.4227,1.3839,2.146,1.0882e-05,0.0013626,0.057874,0.76513,0.61599,0.61352,1.5852,3.1716,6.1106,2.125,2.5319,2.5867,2.5736,2.6537,2.205,1.0923,1.7679,0.95266,0.8001,1.4128,0.13849,1.2587,0.19632,8.1349e-06,0.80392,7.5031e-06,0.30923,0.53369,1.3043,7.1442e-06,1.349,0.6687,2.0202,0.63349,3.3541,0.28706,0.91678,9.1171,1.4673,0.038964,1.1778,0.7579,1.4646,0.9017,1.0709,1.3387,1.937,6.9541,1.2215,1.4682,0.51651,0.14586,0.26258,1.4306,0.073464,0.0012157,0.91895,4.6844,1.2182e-08,3.5318,0.17042,2.9863,0.63166,0.45496,6.6824e-09,0.85572,0.34813,0.3418,6.9585,0.0057404,2.377,1.0503,0.95456,0.21857,0.28753,0.55649,0.078841,0.28401,0.079357,0.23301,0.42322,0.38216,0.20266,0.065851,0.33216,0.23314,0.16913,0.04586,0.11816,0.10661,0.08665,0.026275,0.036385,1.2886e-08,1.0349e-08,1.1939e-08,1.4899e-08,0.0072265,0.00011416,0.013483,0.011628,0.025505,0.0038557,0.011534,0.0001797,0.016457,0.12037,0.076465,0.21206,1.7995e-08,0.0156,0.20086
1990,2,77.283,23.34,26.271,11.399,2.6597,11.765,16.863,2.2646,15.296,1.3616,2.9748,2.2856,3.6895,5.5429,4.3962,21.973,32.27,34.408,41.128,25.537,58.216,33.561,33.893,35.943,73.519,52.29,39.116,51.628,64.067,63.956,34.183,91.701,57.915,73.066,72.414,93.89,87.556,80.005,84.212,89.989,93.283,79.238,57.298,126.37,115.01,127.68,114.45,114.18,139.76,128.81,116.12,98.018,94.966,100.5,116.95,59.455,1.1657,6.7384,1.3858,1.2644,1.9095,1.5538,1.4356,24.831,27.154,17.921,48.818,37.666,53.28,44.528,6.6352,13.918,48.065,69.843,54.943,45.53,47.76,47.893,8.5153,15.218,12.649,15.625,22.759,35.467,51.734,43.476,34.648,44.86,34.025,32.387,24.705,3.4338,6.4991e-09,0.0066202,0.0081613,0.012064,0.0085829,0.13953,0.23593,0.26033,0.11798,0.82008,0.069998,14.408,10.02,14.669,7.2393,3.6736,32.495,30.856,27.293,33.217,42.741,20.292,13.461,27.989,25.45,8.1585,5.5942,15.887,2.0321,39.362,16.932,11.517,2.0537,41.42,40.784,10.422,2.9195,41.175,25.795,1.4977,24.235,2.6709,20.512,18.811,24.164,43.533,37.459,30.949,196.32,108.8,20.882,43.679,121.14,185.39,202.88,218.99,204.42,197.41,147.96,141.09,85.979,92.773,133.22,145.43,108.74,102.52,118.87,117.29,108.92,103.87,133.94,120.91,131.34,120.04,77.151,53.491,69.358,45.339,36.855,38.278,85.191,112.26,74.693,137.96,54.825,88.653,87.738,45.441,38.871,32.908,20.271,32.809,96.752,99.082,77.755,89.096,33.326,8.2875,42.243,64.802,83.013,22.988,26.2,14.371,41.844,61.673,62.453,50.819,41.369,59.39,61.773,38.42,28.884,44.979,33.205,36.118,56.367,47.297,79.341,46.606,38.801,37.483,68.767,44.07,52.235,40.828,69.551,39.538,44.428,83.677,59.023,28.409,55.806,39.619,44.689,41.073,45.135,54.499,80.245,79.653,54.631,55.635,43.086,25.713,43.433,62.408,32.626,21.924,23.661,93.029,1.1485,81.928,65.75,101.01,121.72,49.193,32.65,110.61,49.056,32.215,49.565,17.294,42.854,38.3,43.392,27.631,34.78,40.769,12.751,24.062,4.2496,7.4906,19.816,19.631,14.095,17.301,22.09,17.364,4.0273,0.017041,2.6033,0.039614,0.032197,0.009763,0.01352,4.7881e-09,3.8453e-09,4.4361e-09,1.1177,3.4175,2.7592,1.4571,0.0043208,0.0094769,0.0014327,0.0042857,6.6773e-05,0.0061152,0.044728,0.028413,0.078798,6.6865e-09,0.0057967,0.074634
1990,3,149.79,114.34,84.82,77.294,56.397,90.35,132.72,95.179,74.936,83.918,79.074,82.691,84.782,92.915,94.406,130.46,177.01,172.56,167.47,141.32,175.57,163.51,170.15,168.06,173.79,145.23,118.67,126.58,155.13,174.8,172.38,192.18,169.52,196.69,147.62,185.25,184.35,201.67,197.43,196.5,184.95,167.66,122.14,128.07,127.46,134,127.53,148.74,142.55,142.86,155.63,156.27,138.44,135.74,134.93,69.162,7.1292,16.831,7.0507,6.2083,6.2006,5.8475,4.7132,27.933,27.835,22.412,34.359,30.564,35.779,32.972,12.281,18.138,33.994,40.094,36.318,33.413,34.125,34.149,15.15,20.345,17.865,19.751,23.031,30.222,34.916,33.564,29.009,33.018,28.796,27.836,23.478,5.313,2.4149e-09,0.0024599,0.0030326,0.0044825,0.0031892,0.067997,0.15348,0.17585,0.04563,0.71261,0.02601,10.31,6.9666,9.4379,5.4956,2.9931,25.82,27.157,23.542,24.317,25.387,13.759,9.9509,15.694,14.762,6.3613,4.3846,10.063,1.6914,19.221,9.589,7.6896,1.7007,17.762,18.549,6.9584,2.3233,17.337,12.709,1.096,12.125,1.9637,12.452,23.037,28.17,36.782,55.096,59.322,169.87,95.995,22.54,61.544,146.2,191.29,203.05,240.33,223.01,213.42,177.26,152.54,94.676,106.99,130.26,144.68,103.61,141.32,139.96,137.97,131.72,129.95,114.53,107.78,70.646,63.794,63.744,36.639,62.151,26.183,22.121,16.905,56.531,66.229,60.638,105.78,62.453,63.315,48.382,23.211,53.102,59.634,51.555,57.944,130.04,124.35,106.32,107.77,45.239,13.244,73.792,139.75,145.71,146.58,150.44,145.61,165.54,171.23,168.14,156.86,153.28,153.48,151.58,157.44,143.44,156.63,143.11,142.57,158.26,150.27,137.24,102.81,137.23,147.94,145.88,140.56,136.52,112.69,118.7,94.75,116.6,132.31,100.17,117.29,99.242,107.61,97.687,96.829,97.991,96.216,108.83,117.26,65.975,76.221,41.049,29.546,41.167,74.631,42.517,40.44,44.915,88.863,8.1096,77.3,82.641,118.49,132.29,63.341,52.27,114,57.337,41.041,44.422,26.778,24.345,22.667,29.795,26.968,30.327,33.222,16.595,21.024,4.8202,6.0525,24.297,20.323,16.518,15.62,14.349,13.058,3.5143,0.0063319,2.3582,0.01472,0.011964,0.0036277,0.0050236,0.54514,1.4288e-09,0.20972,3.5824,6.1038,4.402,1.7128,0.0016055,0.0035214,0.00053236,0.0015925,2.4811e-05,0.0022723,0.01662,0.010558,0.02928,2.4845e-09,0.0021539,0.027732
1990,4,158.59,220.63,206.66,242.18,237.85,233.77,286.31,233.13,179.75,213.92,203.18,209.91,201.35,195.42,205.34,217.8,347.56,336.52,317.86,268.79,162.71,232.44,266.66,247.69,304.04,225.23,215.56,215.2,186.43,167.36,166.15,162.08,166.74,160.84,194.3,172.97,172.46,165.26,166.19,161,157.11,146.42,107.19,113.19,113.62,117.05,135.25,141.89,123.56,126.56,137.42,138.66,130.06,128.51,120.16,90.66,49.854,71.999,53.955,52.351,59.701,53.748,49.552,82.006,80.777,75.307,84.67,80.802,84.975,82.723,62.283,74.235,93.038,104.72,88.003,86.75,86.728,85.707,67.987,72.025,69.403,70.439,74.106,82.373,87.877,85.675,84.803,87.362,85.339,83.636,76.858,57.875,29.679,27.487,14.757,13.174,12.639,15.443,9.8702,8.4961,10.522,30.198,15.681,57.588,48.554,52.538,46.624,40.898,78.01,75.817,71.783,72.526,75.431,61.667,54.233,55.26,56.465,48.415,38.655,47.05,21.632,63.483,45.467,45.977,30.021,62.256,62.844,44.097,31.182,58.943,49.43,20.963,46.081,24.778,46.065,40.68,42.26,50.28,35.772,31.193,142.08,65.972,51.363,92.065,146.18,170.26,175.41,194.14,185.43,179.45,144.63,113.58,70.347,86.624,112.28,130.3,99.773,150.6,137.7,151.23,153.21,158.01,123.91,135.82,89.074,81.848,121.3,99.137,128.23,85.847,81.87,67.055,95.715,85.581,63.744,112.07,48.67,58.781,69.991,63.07,43.372,33.187,30.494,32.936,86.557,82.154,81.302,102.33,70.263,37.342,88.278,119.85,140.95,127.23,126.64,119.2,123.63,125.05,123.22,117.34,121.53,111.21,109.08,139.42,116.67,122.36,112.78,109.59,116.67,112.58,96.05,87.487,131.32,119.31,113.75,128.48,139.37,115.24,100.46,93.284,100.94,101.94,88.982,99.542,88.595,100.09,96.205,93.525,93.134,88.633,99.086,155.58,124.81,108.68,95.743,82.152,76.524,83.861,72.855,74.019,84.031,101.04,65.968,102.57,100.73,106.3,113.78,95.234,86.302,107.99,82.87,77.217,84.32,65.37,79.758,75.756,83.438,76.054,78.95,84.379,65.55,69.318,54.15,51.338,86.365,75.894,69.059,58.079,52.862,53.413,45.729,24.806,44.969,26.246,26.978,27.119,23.023,35.784,20.008,32.057,45.856,49.537,47.539,42.995,19.216,26.016,15.668,25.695,12.414,27.603,29.898,30.683,19.269,7.5265,9.0473,14.859
1990,5,61.199,54.547,48.262,42.305,42.401,47.814,49.344,46.065,44.92,45.218,44.955,45.126,43.998,42.571,43.575,43.751,50.475,49.447,49.474,47.066,65.245,59.372,56.289,56.846,50.62,51.048,45.53,45.209,40.324,37.144,36.128,36.023,36.968,38.2,45.453,41.253,41.669,42.795,41.535,40.063,38.463,36.355,47.4,44.362,38.157,36.604,43.825,38.37,35.393,34.47,35.74,35.407,33.45,33.059,34.079,31.542,21.101,24.877,20.187,19.066,18.806,18.224,16.793,25.574,24.459,23.107,24.856,23.994,25.068,24.49,19.756,21.653,25.429,26.959,25.555,25.097,25.171,25.074,24.039,24.935,24.175,24.532,24.648,25.872,25.792,25.602,24.746,25.016,24.63,24.875,24.628,22.226,16.549,16.42,12.35,11.807,11.374,15.65,12.959,12.078,12.891,19.982,14.072,25.61,24.614,25.654,23.75,22.032,26.851,26.258,26.222,26.93,27.693,26.159,24.594,25.08,25.606,23.658,20.905,23.484,16.944,26.721,23.946,22.643,17.971,27.771,27.02,22.45,18.813,27.805,26.01,16.468,26.085,19.629,27.538,30.284,31.445,35.306,32.446,29.816,42.67,29.182,138.45,115.34,72.442,51.736,50.693,51.665,55.861,51.06,40.571,37.92,28.564,32.993,39.454,44.198,43.092,64.125,68.384,59.039,59.242,59.48,64.955,57.416,71.688,52.968,39.202,33.44,45.169,30.589,36.302,30.503,51.072,52.909,43.453,62.43,36.34,43.255,45.107,34.394,36.895,30.945,29.516,31.112,54.201,54.795,61.622,72.401,112.43,131.19,105.96,70.534,63.981,62.642,63.896,68.798,68.511,66.536,63.495,57.994,61.106,58.417,58.146,59.451,56.829,58.949,56.059,54.536,56.111,53.952,58.329,70.665,59.536,51.397,48.726,49.741,52.135,40.86,36.501,32.152,36.941,35.834,30.803,35.447,31.133,40.013,40.411,37.192,36.521,32.706,36.46,53.933,40.006,34.508,30.526,26.457,24.204,27.477,24.264,25.483,28.687,32.062,23.7,33.632,33.171,40.788,35.666,32.191,30.722,34.147,30.664,29.49,30.735,26.381,28.795,27.809,28.426,25.693,26.398,27.966,23.737,25.858,22.693,24.2,29.261,27.987,25.758,23.303,25.143,24.104,22.766,16.947,22.15,17.849,17.874,17.312,16.05,16.878,11.805,15.82,19.665,21.051,20.674,20.5,14.367,17.012,12.586,16.674,10.818,17.368,19.116,18.96,16.332,7.6042,9.1701,14.217
1990,6,24.227,22.628,21.127,18.793,18.645,20.575,21.001,19.954,21.06,19.924,20.108,19.983,19.498,18.675,19.062,18.754,21.402,20.992,21.013,20.093,25.164,24.096,23.34,23.464,21.462,21.608,19.526,19.37,16.998,15.144,14.616,14.212,15.08,15.829,19.478,17.477,17.714,18.304,17.669,16.909,16.147,17.416,20.119,19.154,18.961,19.717,19.278,20.098,21.577,23.495,21.962,20.99,26.171,27.521,21.189,14.091,9.5649,10.931,8.7808,8.0753,7.4214,7.3313,6.4542,10.751,9.9605,9.3528,9.829,9.4556,9.9326,9.6749,7.7405,8.3747,9.9395,10.479,10.178,9.9751,10.007,9.9733,10.648,10.942,10.592,10.752,10.539,10.873,10.43,10.427,9.96,9.8939,9.85,10.161,10.407,10.392,8.4468,8.8606,7.5884,7.4683,7.0474,12.666,12.66,12.532,11.848,13.49,11.161,16.434,16.347,16.852,15.932,15.122,24.921,17.646,17.438,20.78,28.714,16.688,18.61,29.378,24.894,17.191,23.663,30.604,32.396,37.146,38.324,36.944,34.115,48.162,42.183,37.495,35.051,43.973,37.607,29.471,33.892,28.972,33.848,24.348,23.943,24.134,14.999,13.725,18.359,12.777,85.356,65.64,34.386,21.879,21.484,21.854,23.7,21.619,17.334,16.348,12.255,14.33,17.152,19.075,18.668,25.045,26.553,23.686,23.726,23.809,24.778,23.088,27.212,21.19,23.493,33.226,32.062,41.922,47.648,58.936,23.141,21.248,18.441,24.795,16.088,18.319,23.242,38.651,16.254,14.118,13.6,14.227,21.768,21.816,23.42,30.969,62.181,79.299,52.653,27.656,24.953,24.103,24.373,25.111,25.303,25.02,24.389,23.077,23.79,23.108,23.019,23.608,22.721,23.34,22.507,22.108,22.635,22.027,22.86,27.191,23.514,21.382,20.596,20.955,21.719,17.919,16.058,14.423,16.179,15.524,13.449,15.484,13.616,17.516,17.68,16.382,16.082,14.425,16.247,22.531,21.191,16.171,19.898,15.833,10.122,11.666,10.21,11.163,12.755,14.613,10.679,14.85,14.828,17.904,17.703,14.138,13.495,16.533,13.456,13.082,13.564,11.816,39.622,36.887,27.531,17.577,18.161,19.578,15.044,15.641,13.354,13.374,21.173,18.578,16.1,12.275,13.74,12.802,12.379,9.8726,12.033,10.556,10.215,9.3613,9.0581,8.0833,5.5244,7.6568,9.3816,10.265,10.373,10.734,8.3786,9.5812,7.1674,8.9336,6.258,9.2685,10.989,10.51,11.282,4.5435,5.9625,10.443
1990,7,9.0876,9.6171,13.253,15.875,17.681,15.14,9.3444,10.806,18.673,11.18,13.202,12.102,11.608,9.5792,9.7292,7.1298,7.9526,7.8001,7.8079,7.4662,9.3504,8.9535,8.6726,8.7187,7.9748,8.029,7.2554,7.1973,6.3162,5.6271,5.431,5.281,5.6034,5.8816,7.2375,6.4941,6.5822,6.8014,6.5653,6.2829,6.0676,7.6386,7.4756,7.1208,8.1937,8.9899,7.3665,9.077,10.316,11.586,10.621,10.083,13.3,14.054,10.21,5.4838,3.5541,4.0618,3.2627,3.0006,2.7576,2.7242,2.3982,3.9947,3.7011,3.4753,3.6522,3.5135,3.6907,3.595,2.8762,3.1118,3.6933,3.8937,3.7818,3.7065,3.7185,3.7058,4.0021,4.1046,3.9683,4.0367,3.9167,4.0402,3.8755,3.8744,3.7009,3.6763,3.66,3.7758,3.8669,4.05,3.4936,3.9346,3.7016,3.7409,3.4772,6.9587,7.1465,7.1287,6.694,7.1162,6.223,8.5471,8.5488,8.7766,8.3872,8.0509,13.314,9.5762,9.3352,11.217,14.739,8.6875,10.076,14.756,13.094,9.2732,12.622,15.132,15.388,17.261,17.367,16.998,16.026,20.008,18.578,17.145,16.333,19.09,17.406,14.7,16.409,14.841,16.71,13.396,13.19,12.99,6.0715,5.1906,6.8217,4.7478,52.116,42.752,22.721,9.1328,8.6678,9.5337,12.333,8.8011,6.4408,6.0747,4.5536,5.3248,6.3731,7.0878,6.9368,11.473,13.371,8.9692,9.0975,9.3368,10.348,8.8303,13.864,7.8736,13.074,17.186,17.735,19.291,21.025,22.466,10.481,7.8952,6.8522,11.342,5.978,6.8069,11.196,18.411,6.1164,5.2668,5.0658,5.4475,8.0884,8.1062,9.793,18.568,39.983,48.888,35.256,14.757,11.237,8.9561,9.0565,9.3308,9.402,9.2968,9.0625,8.575,8.8399,8.5865,8.5534,8.7724,8.4425,8.6726,8.3631,8.2149,8.4106,8.1845,8.4943,14.321,9.3241,7.945,7.6529,7.7973,8.1949,6.7944,6.0458,5.7001,6.0183,5.781,5.2344,5.7534,5.2579,6.5087,6.5695,6.087,5.9762,5.4799,6.2192,9.8743,11.454,7.4065,10.965,8.6154,4.2256,4.6656,4.058,4.4088,4.9305,6.0228,4.0122,5.7034,5.8134,6.7238,7.7613,5.3329,5.0273,7.1497,5.0084,4.861,5.0401,4.3907,18.323,17.449,14.51,9.6544,9.9685,10.72,8.1115,8.2058,6.8355,6.4416,11.532,10.036,8.66,5.9007,6.5908,5.9645,5.7778,4.793,5.5914,5.2062,4.9137,4.2647,4.2648,3.2134,2.1426,3.083,3.7399,4.1895,4.3676,4.712,3.9692,4.4847,3.3185,4.0104,2.8963,4.164,5.3388,4.9551,5.9884,2.0942,3.0053,5.6633
1990,8,4.1149,4.6906,7.3081,10.309,11.458,9.1216,4.9765,6.6129,10.247,6.6693,7.836,7.2442,6.7492,5.1688,5.3956,2.8406,2.955,2.8983,2.9012,2.7816,5.6219,4.0219,3.7778,4.0787,2.9633,3.342,2.7134,2.6744,2.3469,2.0909,2.018,1.9623,2.0821,2.1855,2.6893,2.4131,2.4458,2.5272,2.4395,2.3346,2.2546,2.8383,2.7778,2.6459,3.0446,3.3404,2.7372,3.3788,3.876,4.5011,4.0443,3.8065,5.4439,5.8499,3.8301,2.0376,1.3206,1.5093,1.2124,1.1149,1.0247,1.0122,0.89113,1.4843,1.3752,1.2913,1.3571,1.3055,1.3714,1.3358,1.0687,1.1563,1.3723,1.4468,1.4052,1.3773,1.3817,1.377,1.4871,1.5252,1.4745,1.4999,1.4554,1.5012,1.44,1.4396,1.3752,1.366,1.36,1.403,1.4369,1.5049,1.3172,1.5376,1.4919,1.5356,1.4289,2.8538,2.8998,2.8844,2.7332,2.95,2.5749,3.5432,3.5373,3.6307,3.4789,3.3484,5.6756,4.0502,3.9129,4.7274,6.2414,3.6066,4.2299,6.1775,5.4969,3.8816,5.3145,6.3368,6.4383,7.2378,7.2519,7.1343,6.7572,8.3757,7.7809,7.1988,6.8831,7.9958,7.3064,6.2334,6.9162,6.3681,7.1775,6.1371,6.1078,5.9405,2.6099,2.1186,2.6031,1.7642,49.314,37.8,17.946,5.3001,4.8994,7.0772,10.2,5.5134,2.3932,2.2572,1.692,1.9786,2.3681,2.6337,2.5775,7.8683,9.8565,4.0908,4.3212,4.7399,6.0522,3.8193,9.3254,2.9256,5.9678,7.5092,8.5804,8.2731,9.1414,9.4984,4.5543,2.9337,2.5461,7.3059,2.2213,2.5293,4.7649,7.9556,2.3203,2.0517,1.9623,2.2554,10.04,10.664,16.912,19.97,37.596,46.873,30.657,11.456,7.5509,4.0065,4.4822,8.0753,7.6631,7,6.9174,7.1288,5.1813,7.9358,7.9239,6.7299,6.6716,6.9739,6.4536,6.0174,6.0653,5.0732,9.3728,18.87,5.7376,3.7296,2.9383,2.9778,3.3383,2.5681,2.2465,2.1249,2.2363,2.1481,1.945,2.1378,1.9537,2.4185,2.4411,2.2618,2.2206,2.0362,2.3109,5.3115,5.312,3.1749,4.7966,3.7243,1.634,1.7336,1.5079,1.6382,1.832,2.2379,1.4909,2.1192,2.1601,2.4984,2.8839,1.9816,1.868,2.6566,1.861,1.8062,1.8728,1.6315,7.7875,7.4005,6.2285,4.1059,4.2472,4.5913,3.418,3.4515,2.8636,2.6636,4.9555,4.2953,3.7111,2.438,2.717,2.4202,2.3499,1.9815,2.2636,2.1639,2.0411,1.7556,1.76,1.194,0.79613,1.1456,1.3896,1.5567,1.6414,1.8287,1.6033,1.8231,1.355,1.6444,1.1754,1.7101,2.2224,2.0569,2.4848,0.83358,1.2316,2.3454
1990,9,10.587,6.0183,7.292,10.448,9.948,7.6933,4.3226,6.5481,6.3116,6.379,6.3769,6.3651,6.8558,7.7928,7.308,6.5614,1.1456,1.0782,1.1603,1.9916,12.344,6.3498,4.137,4.9695,2.3866,2.9701,1.8864,1.8543,4.3401,5.6809,6.7881,14.122,5.7664,1.7755,1.1431,1.5768,1.0099,0.93906,0.90647,0.86747,1.0968,1.0769,1.0321,0.98316,1.1313,1.2412,1.0171,1.2555,1.4402,1.6725,1.5028,1.4144,2.0228,2.1737,1.4232,0.75714,0.49071,0.56081,0.45048,0.41429,0.38074,0.37612,0.33112,0.55154,0.511,0.47983,0.50426,0.4851,0.50958,0.49636,0.39711,0.42965,0.50993,0.5376,0.52215,0.51175,0.51342,0.51166,0.55257,0.56673,0.54789,0.55734,0.54078,0.55782,0.53509,0.53493,0.51098,0.50759,0.50534,0.52132,0.53391,0.55918,0.48944,0.57134,0.55434,0.57058,0.53094,1.1539,1.3107,1.338,1.1602,1.1547,1.1345,1.6125,1.6377,1.6976,1.6558,1.6243,2.3185,1.5049,1.4539,1.7754,3.0263,1.8786,2.5191,5.0348,3.899,2.0993,3.9191,5.2048,7.2851,7.5921,9.7048,10.305,10.47,12.016,10.423,10.84,11.269,13.11,14.162,14.324,16.227,18.792,20.686,31.587,33.078,31.042,40.078,44.022,19.086,13.21,29.731,29.85,26.811,19.015,20.987,33.537,34.132,27.502,15.157,18.055,7.9284,9.6401,11.969,14.669,12.959,21.729,22.795,18.025,18.451,19.062,19.72,15.294,21.946,9.968,2.3242,2.8479,8.5787,4.3399,14.839,14.841,17.242,11.483,14.464,25.303,23.832,21.589,21.366,20.726,32.307,41.855,41.66,42.702,24.84,25.3,28.187,25.574,27,27.881,27.173,20.91,19.205,13.268,14.118,18.237,17.414,16.143,14.992,13.324,14.238,15.327,15.882,12.148,11.903,13.23,11.423,13.545,12.18,12.314,20.585,25.605,15.006,7.4358,2.4306,6.5688,9.7253,1.7809,0.83474,0.78956,0.83095,0.79818,0.72271,0.79437,0.72595,0.89865,0.90704,0.84043,0.82513,0.7566,0.85869,11.271,2.2029,1.2073,1.7823,1.3839,0.60715,0.64418,0.56028,0.60872,0.68074,0.83156,0.55397,0.78746,0.80265,0.92836,1.0716,0.73631,0.69411,0.98715,0.69151,0.67116,0.69588,0.60622,4.4154,4.6884,2.5623,1.6241,1.7061,1.706,1.27,1.2825,1.064,0.98974,1.8413,1.596,1.379,0.90589,1.0096,0.8993,0.87317,0.73629,0.84109,0.80405,0.75842,0.65234,0.65398,0.44367,0.29582,0.42567,0.51636,0.57844,0.60991,0.6795,0.59575,0.67741,0.50349,0.61102,0.43675,0.63543,0.82581,0.7643,0.93487,0.30974,0.45763,0.88695
1990,10,42.164,22.197,20.658,18.705,16.15,17.227,17.188,34.242,104.12,44.33,59.882,49.939,60.264,65.915,53.451,46.068,10.511,11.562,14.143,23.109,44.495,31.223,24.937,27.45,28.652,34.01,39.381,38.673,49.135,55.517,53.81,66.961,56.072,49.513,41.065,47.978,43.706,35.858,41.313,49.679,63.21,76.464,51.262,84.222,65.542,72.164,66.339,71.1,81.168,88.473,83.132,84.35,96.486,100.63,79.22,16.516,1.5998,7.705,3.1141,3.0998,2.2967,2.3989,1.3715,3.7113,0.79546,0.70035,0.18737,0.18025,0.18935,0.18443,0.93671,0.21675,0.18948,0.19976,0.19402,0.19016,0.19077,0.19012,2.8585,3.5302,1.2673,2.0234,0.20094,0.20727,0.19883,0.19937,0.18987,0.18861,0.18777,0.19371,0.19839,1.7084,7.669,11.846,18.169,21.821,23.762,17.444,14.663,13.958,15.956,23.701,22.836,30.693,27.903,28.312,28.935,29.283,30.406,29.552,26.85,27.402,28.854,33.996,32.712,30.274,30.669,30.789,29.051,27.954,24.104,32.022,29.39,33.572,33.473,31.243,33.079,33.406,33.509,32.983,35.311,36.193,38.123,39.261,40.219,42.599,42.739,38.197,41.878,44.09,29.039,12.98,24.664,27.458,29.904,27.367,29.964,41.627,40.484,34.831,21.278,20.783,7.9393,10.263,13.654,17.745,13.73,33.687,33.396,29.038,28.582,29.151,24.469,22.291,17.204,8.8338,32.081,23.742,25.899,26.73,25.572,27.93,17.185,10.899,13.764,22.205,23.579,20.56,20.442,31.887,31.472,41.5,41.358,42.944,36.796,36.577,34.607,28.803,24.622,24.036,30.571,33.88,32.8,58.454,57.448,52.715,51.814,50.387,46.688,39.287,50.376,38.844,38.581,37.458,39.015,39.946,41.069,34.936,38.948,35.984,38.128,34.049,33.628,43.599,55.933,45.062,37.669,49.862,68.103,54.065,71.856,93.967,46.76,76.446,44.453,59.052,46.038,46.807,45.97,41.533,47.994,28.022,19.084,19.651,14.925,5.1105,3.864,21.127,5.0929,7.9362,30.074,65.435,7.525,52.195,27.744,55.353,61.061,22.244,12.009,44.856,8.329,5.7785,31.755,1.2272,27.58,29.693,30.306,37.072,37.659,28.713,27.692,20.895,25.057,14.732,8.927,8.0805,6.4111,4.4988,7.7602,6.0094,10.052,18.196,10.364,21.715,26.149,28.411,25.418,0.45431,0.10992,0.15817,1.5185,2.5094,1.5889,5.004,18.042,18.014,26.239,29.426,26.094,29.835,26.891,28.406,21.624,25.292,24.061,20.51
1990,11,52.813,41.407,41.86,44.285,38.871,38.488,54.514,95.678,115.21,108.01,109.93,107.36,107.06,106.12,104.26,90.22,53.546,54.954,59.556,67.815,46.376,52.717,50.173,47.535,67.771,52.364,62.054,60.809,58.302,51.543,54.671,52.573,51.47,41.501,50.372,45.374,43.066,33.466,37.648,39.034,43.084,43.485,31.642,40.122,37.833,41.456,42.641,44.672,44.196,45.203,44.438,44.124,44.873,45.181,47.01,34.36,13.213,16.556,9.9846,7.973,4.3295,5.1038,2.5516,10.309,5.2845,4.6038,2.5717,2.4296,2.6498,2.4843,2.8538,1.6394,2.0214,1.808,2.9,2.7906,2.8237,2.8663,7.3497,8.8072,4.684,6.0346,1.409,2.6811,2.0956,3.4991,2.1882,2.6958,2.3339,1.8317,1.7809,11.667,33.7,54.561,66.152,73.054,78.715,72.864,69.356,68.225,70.371,72.683,72.571,67.477,70.597,70.443,69.987,69.847,43.66,41.139,45.783,48.685,45.647,66.089,63.02,50.122,56.172,66.485,55.663,50.639,43.313,40.32,37.085,35.014,34.649,35.955,36.29,34.723,34.214,34.599,33.142,32.603,32.929,37.408,40.093,60.845,63.649,59.795,80.242,89.574,46.727,10.19,30.675,35.333,40.894,40.168,44.895,63.68,60.668,52.827,28.963,23.834,4.6745,8.6442,17.633,29.17,22.905,64.234,61.962,60.596,59.842,60.589,49.967,49.899,31.281,23.033,60.021,49.997,54.719,46.733,41.197,38.927,35.968,27.84,29.359,38.159,46.245,44.499,41.658,42.151,64.566,84.112,83.601,86.173,36.813,33.066,30.349,30.205,28.602,30.779,47.119,59.379,61.913,64.716,60.199,41.259,41.107,40.832,36.06,26.635,47.407,26.482,27.172,29.289,25.906,28.453,26.607,29.326,29.693,34.04,31.92,36.368,55.524,40.508,38.484,62.807,63.19,58.91,52.445,54.339,53.654,61.974,48.252,58.57,45.712,40.912,31.925,36.265,36.779,39.913,37.7,61.608,53.608,49.145,46.211,32.283,27.552,41.059,21.136,19.395,30.827,46.538,14.101,45.068,37.007,35.468,45.626,33.993,29.128,44.884,28.795,24.481,41.16,14.909,43.35,42.15,45.597,44.429,45.291,44.71,36.597,30.782,43.382,30.495,37.269,26.148,22.98,12.989,10.214,10.488,22.959,52.585,27.391,67.431,81.837,85.351,78.078,1.2792,0.054698,0.35117,3.3577,5.5939,6.0734,14.673,58.797,55.612,82.469,88.331,83.573,89.326,85.534,87.694,79.061,84.355,82.513,77.328
1990,12,46.581,72.133,91.769,54.959,57.83,77,83.549,159.06,128.45,175.16,158.89,165.76,154.2,148.64,157.88,128.47,57.352,51.552,60.023,74.524,30.032,41.881,43.069,43.38,55.393,46.971,36.971,37.23,51.753,52.753,74.646,53.054,49.165,59.33,44.987,53.761,54.204,63.344,60.547,62.732,62.095,64.167,55.987,72.06,53.563,54.761,53,57.007,57.661,59.722,62.644,63.659,63.004,62.531,54.066,24.837,8.3517,10.077,6.0329,4.9568,2.7595,3.2855,1.6716,6.1437,3.7728,3.3685,2.1334,2.0296,2.1901,2.0696,2.0738,1.398,1.719,1.5505,2.3692,2.2917,2.3152,2.3457,4.6342,5.3722,3.285,3.9846,1.2274,2.2105,1.7749,2.7824,1.847,2.2236,1.9572,1.5701,1.5292,6.9136,14.836,22.204,26.114,28.221,29.816,32.435,33.247,33.356,32.496,28.845,29.626,24.936,27.192,27.077,26.717,26.611,17.187,16.604,17.512,18.202,17.547,24.163,23.264,19.041,21.003,24.912,21.035,19.344,17.021,16.583,15.731,15.292,15.189,15.504,15.63,15.211,15.07,15.178,14.798,14.645,14.779,16.123,16.865,21.165,21.614,20.778,23.766,24.913,24.316,11.656,24.32,25.529,25.613,23.185,26.237,40.999,39.181,33.776,25.615,23.528,6.8703,11.97,19.095,23.403,17.632,78.477,85.639,66.547,59.779,56.043,56.233,41.615,22.505,13.485,26.528,18.882,25.886,17.706,16.923,16.163,19.068,16.259,14.816,23.109,18.123,17.645,17.008,17.094,21.088,24.177,24.112,24.489,32.268,28.994,24.084,20.976,23.166,34.171,72.416,112.22,93.143,33.428,30.455,18.904,21.093,26.399,36.687,61.926,40.508,50.2,48.656,54.85,62.77,56.718,60.932,74.665,70.944,81.559,39.448,52.197,95.573,86.55,70.366,85.441,77.88,52.698,45.397,35.139,49.181,48.913,29.548,47.697,29.535,50.403,43.872,39.748,38.178,30.382,37.911,49.691,23.75,23.862,17.337,13.354,12.138,18.692,10.405,9.9954,17.418,33.532,8.8046,31.177,29.698,48.395,47.961,24.993,21.011,39.534,19.57,15.915,24.24,9.5545,17.048,16.878,17.583,17.556,17.756,17.332,15.477,13.75,17.092,13.578,14.793,12.015,11.02,7.3635,5.6909,6.0281,11.118,21.032,12.568,26.082,30.162,30.277,28.662,0.99167,0.028755,0.30287,2.2719,3.601,4.0947,8.068,23.133,21.894,30.01,30.985,30.535,31.239,31.551,31.539,32.159,31.208,31.481,32.054
1991,1,18.89,22.626,24.789,20.142,21.159,23.33,26.746,40.406,35.588,42.183,39.978,40.914,39.913,40.035,40.938,38.599,22.606,21.93,24.367,28.428,13.8,17.827,18.588,18.599,29.325,20.638,17.803,18.034,25.998,29.2,36.912,29.761,27.464,38.117,24.012,33.265,34.345,45.521,41.151,41.03,37.32,35.956,28.816,41.857,27.223,27.239,29.012,29.938,28.306,28.879,32.359,33.263,30.169,29.221,26.002,12.102,3.5468,4.43,2.2417,1.8418,1.0254,1.2208,0.62112,2.2946,1.4019,1.2517,0.79274,0.75417,0.8138,0.769,0.77056,0.51945,0.63875,0.57611,0.88035,0.85153,0.86029,0.87162,1.7219,2.1551,1.2237,1.656,0.45609,0.83689,0.6595,1.0339,0.68629,0.82624,0.72726,0.58342,0.56823,2.5689,6.033,9.9461,11.795,12.743,13.447,14.691,15.019,15.061,14.726,13.047,13.436,10.893,12.171,12.107,11.904,11.843,8.6274,7.9562,7.7745,9.3776,11.125,10.827,9.8748,8.1502,9.2082,10.885,8.6688,7.6646,6.3838,8.003,5.8454,5.6823,5.6439,6.9458,7.2016,5.6519,5.5998,6.2843,5.4988,5.4419,5.4914,5.9911,6.2666,7.8644,8.0314,7.7206,8.8308,9.2569,11.195,6.4915,11.627,12.065,11.992,10.83,12.201,17.651,17.067,15.21,12.175,11.393,4.4117,6.7536,9.6553,11.271,8.7279,24.58,25.332,22.751,21.631,20.988,20.639,17.487,10.828,6.1679,20.77,13.937,13.033,11.29,6.4881,6.265,8.7697,7.6164,6.3872,10.895,7.0797,6.9416,6.6748,6.3518,7.8403,8.9836,8.9594,9.0996,14.592,13.435,11.522,10.074,11.168,15.042,23.074,27.675,26.097,15.05,13.808,7.7988,9.4128,12.309,15.93,20.713,17.29,18.485,18.218,19.814,20.943,20.016,20.969,22.278,22.293,23.517,16.507,19.429,26.058,26.546,30.57,27.055,24.658,23.089,34.248,20.788,41.165,54.121,18.01,46.734,17.348,35.502,28.264,25.924,24.473,17.109,21.012,19.703,10.964,10.983,7.9135,4.962,4.5102,8.1285,3.8663,3.7898,8.6479,18.263,3.8554,16.922,14.349,27.158,23.689,11.975,10.207,19.396,9.5068,7.6822,13.682,4.2613,10.522,9.1357,11.767,7.7567,9.4474,11.232,5.7508,5.4089,6.4599,5.1037,5.9279,4.5319,4.0949,2.7361,2.1146,2.2399,4.1311,9.1071,4.7327,11.697,13.558,13.552,12.852,0.36848,0.010685,0.11254,0.8442,1.338,1.5215,2.9979,10.244,9.5588,13.474,13.862,13.722,13.973,14.181,14.145,14.531,14.042,14.193,14.501
1991,2,7.0191,8.4073,9.211,7.4905,8.3046,8.8653,11.025,17.462,14.96,18.17,17.167,17.61,17.173,17.263,17.663,16.783,9.336,9.2181,10.383,12.328,5.1277,6.725,7.3102,7.3025,13.317,8.5474,7.3752,7.5283,11.716,13.334,16.381,13.576,12.588,16.727,10.937,15.026,15.423,18.827,17.641,17.642,16.49,16.023,13.193,17.998,12.428,12.378,13.273,13.625,12.83,13.063,14.623,14.992,13.631,13.172,11.685,4.6686,1.3179,1.6461,0.83296,0.68439,0.38101,0.45363,0.2308,0.85977,0.52091,0.46509,0.29456,0.28023,0.30239,0.28574,0.28632,0.19302,0.23734,0.21407,0.32712,0.31641,0.31966,0.32387,0.63983,0.89592,0.45659,0.72017,0.16947,0.32042,0.24506,0.38416,0.25501,0.30701,0.27023,0.21679,0.21114,0.95456,2.2417,3.6957,4.3826,4.7349,4.9964,5.4587,5.5809,5.5963,5.4719,4.848,4.9926,4.0611,4.5223,4.5001,4.4234,4.4005,4.2871,3.8571,3.5496,4.6683,5.9334,4.2963,3.6692,3.4555,3.7813,4.0446,3.2211,2.848,2.3721,3.897,2.172,2.1114,2.0972,3.2155,3.4067,2.1001,2.0808,2.7005,2.0432,2.0221,2.0405,2.2262,2.3285,2.9222,2.9843,2.8688,3.2813,3.4397,4.1597,2.4121,4.3204,4.4831,4.4558,4.0242,4.5336,6.5586,6.3416,5.6515,4.5241,4.2332,1.6393,2.5095,3.5877,4.1881,3.2431,9.1335,9.4129,8.4537,8.0375,7.7986,7.6691,6.4977,4.0233,2.2918,10.182,7.3542,5.4807,6.0171,2.4108,2.4813,3.2586,2.8301,2.3733,4.0485,2.6306,2.5794,2.4802,2.3602,2.9133,3.3381,3.3291,3.3812,5.4222,4.9922,4.2815,3.7433,4.1498,5.5893,8.5737,10.283,9.6969,5.5922,5.1307,2.8978,3.4976,4.5739,5.9196,7.9214,6.439,6.8953,6.7729,7.5692,8.1052,7.6227,8.2327,8.315,8.5651,8.818,6.1338,7.2192,9.6825,10.906,13.76,10.887,9.2654,9.8262,15.356,9.6349,17.523,20.528,8.4461,18.9,8.0194,15.801,13.106,12.135,11.493,7.7561,9.6329,7.3213,4.1812,4.0808,3.593,1.8438,1.6759,3.0378,1.4366,1.4082,3.596,8.1849,1.4326,7.5256,5.7008,12.529,10.617,4.5123,3.8018,8.3797,3.5368,2.8545,6.2036,1.5834,5.6053,4.6985,6.3138,3.5396,4.8095,6.0173,2.1369,2.1865,2.4004,1.8964,2.4371,1.7247,1.5216,1.0167,0.78574,0.83229,1.535,3.384,1.7586,4.3465,5.0378,5.0355,4.7756,0.13692,0.0039702,0.041818,0.31369,0.49718,0.56535,1.1139,3.8063,3.5518,5.0066,5.1508,5.0986,5.1919,5.2694,5.256,5.3995,5.2177,5.274,5.3883
1991,3,2.6081,3.124,3.4226,2.8038,3.0858,3.2941,4.0966,6.4886,5.559,6.7515,6.3787,6.5435,6.3811,6.4146,6.5633,6.2361,3.469,3.4252,3.8582,4.5806,1.9053,2.4988,2.7163,2.7134,6.6765,3.176,2.7405,2.7973,4.3535,4.9545,6.0868,5.2955,4.6774,6.2152,4.0639,5.9774,5.7918,6.9958,6.5549,6.5555,6.1274,5.9539,4.9022,6.6876,4.6179,4.5992,4.9319,5.0626,4.7672,4.8538,5.4335,5.5706,5.065,4.8944,4.3419,1.7348,0.48971,0.61165,0.30951,0.2543,0.14157,0.16856,0.085758,0.31947,0.19356,0.17282,0.10945,0.10413,0.11236,0.10618,0.10639,0.07172,0.088192,0.079544,0.12155,0.11757,0.11878,0.12034,0.23775,0.3329,0.16966,0.2676,0.062972,0.11906,0.091057,0.14274,0.094756,0.11408,0.10041,0.080553,0.078454,0.35469,0.83297,1.3732,1.6285,1.7594,1.8565,2.0283,2.0737,2.0794,2.0332,1.8014,1.8551,1.509,1.6804,1.6721,1.6436,1.6351,1.593,1.4332,1.3189,1.7346,2.2047,1.5964,1.3634,1.284,1.405,1.5029,1.1969,1.0582,0.8814,1.448,0.80708,0.78455,0.77925,1.1948,1.2658,0.78035,0.77316,1.0035,0.75921,0.75136,0.7582,0.82719,0.86523,1.0858,1.1089,1.066,1.2193,1.2781,1.5456,0.89627,1.6054,1.6658,1.6557,1.4953,1.6846,2.437,2.3564,2.1,1.6811,1.573,0.60912,0.93246,1.3331,1.5562,1.2051,3.3938,3.4976,3.1412,2.9865,2.8978,2.8497,2.4144,1.495,0.85159,3.7832,2.7326,2.0365,2.2358,0.89581,0.922,1.2108,1.0516,0.88188,1.5043,0.97748,0.95843,0.92158,0.87699,1.0825,1.2404,1.237,1.2564,2.0147,1.855,1.5909,1.3909,1.542,2.0769,3.1858,3.8211,3.6031,2.0779,1.9065,1.0768,1.2996,1.6996,2.1996,2.9434,2.3926,2.5621,2.5166,2.8125,3.0117,2.8324,3.0591,3.0897,3.1826,3.2766,2.2792,2.6825,3.5978,4.0526,5.113,4.0455,3.4428,3.6512,5.7058,3.5801,6.5111,7.6276,3.1384,7.0227,2.9798,5.8713,4.87,4.5092,4.2706,2.882,3.5794,2.7204,1.5536,1.5163,1.3351,0.6851,0.62272,1.1288,0.53382,0.52326,1.3362,3.0413,0.53232,2.7964,2.1183,4.6554,3.9449,1.6767,1.4126,3.1137,1.3142,1.0607,2.3051,0.58836,2.0828,1.7458,2.3461,1.3152,1.7871,2.2359,0.79401,0.81244,0.89192,0.70467,0.90556,0.64085,0.56538,0.37777,0.29196,0.30926,0.57038,1.2574,0.65344,1.6151,1.8719,1.8711,1.7745,0.050876,0.0014753,0.015538,0.11656,0.18474,0.21007,0.41391,1.4144,1.3198,1.8603,1.9139,1.8945,1.9292,1.958,1.953,2.0063,1.9388,1.9597,2.0022
1991,4,242.44,235.21,316.24,364.21,348.79,341.28,313.78,368.12,278.13,360.91,332.28,350.78,320.26,294.2,327.49,301.02,232.66,215.68,243.44,229.15,202.51,206.1,195.85,183.16,234.37,139.37,99.295,115.95,124.27,85.783,90.294,109.26,73.725,52.03,89.293,82.869,70.974,30.725,46.506,43.053,41.731,13.074,4.7288,12.178,1.7159,1.7955,23.351,16.276,5.5101,4.978,10.133,7.8474,2.124,2.4242,1.6133,0.6446,0.18196,27.171,0.13461,0.094499,0.052605,0.062632,0.031866,15.272,0.071921,0.064214,0.04067,0.038691,0.041751,0.039452,0.039532,0.02665,0.03277,0.029557,0.045165,0.043686,0.044136,0.044717,11.405,11.341,4.5089,5.7424,0.023399,0.2447,0.033835,0.05304,0.035209,0.042389,0.037311,0.029931,0.029152,0.1318,0.30951,0.51027,0.6051,0.65375,0.68985,0.75368,0.77055,0.77267,0.7555,0.66936,0.68933,0.80767,0.64225,1.3749,0.61073,0.60757,0.65492,0.80365,0.80831,2.1039,4.0302,1.6504,0.50661,0.93255,1.3905,0.55844,0.44474,0.39322,0.32751,0.77901,0.29989,0.29152,0.28955,0.44396,0.47036,0.28996,0.28729,0.37286,0.2821,0.27919,0.28173,0.30736,0.3215,0.40347,0.41204,0.39609,0.45305,0.47491,46.707,2.7514,11.494,6.7127,12.149,25.17,33.883,35.427,34.065,25.889,2.6186,5.8417,0.22633,0.34648,0.74962,1.6011,0.44777,9.1524,19.867,8.7981,5.7552,4.8209,16.515,7.8042,10.592,0.31643,17.153,8.4698,5.7381,4.2468,0.33286,0.34259,0.44991,0.39075,0.32769,6.1454,0.36321,0.35613,0.34244,0.32587,0.40223,0.46089,0.45965,0.46684,154.39,156.91,104.39,50.99,15.179,5.2515,7.6968,2.4158,3.5145,126.69,137.12,138.45,177.16,189.38,168.47,116.03,134.43,129.53,128.64,122.12,78.98,118.14,75.394,51.9,88.075,44.595,135.77,45.041,1.3369,14.308,27.329,1.5032,1.2793,1.3567,2.1201,1.3303,2.4194,3.1487,1.1661,2.6095,1.1072,2.1816,1.8096,1.6755,1.5868,1.0709,1.33,3.2231,2.9248,0.56344,3.3166,0.25457,0.23139,0.41943,0.19835,0.27588,24.588,40.997,33.281,43.699,2.6112,1.7298,1.4658,13.333,0.53999,1.157,0.48832,1.5001,47.913,0.21862,2.9326,1.2758,3.4581,0.48871,0.7852,3.0982,0.29503,1.5519,0.33142,1.3286,0.47817,1.5235,0.21008,1.4126,13.147,7.6966,0.86899,0.46722,0.26678,0.60012,0.69557,0.69525,0.65936,1.6007,0.00054817,0.060843,4.0252,4.1298,1.3765,0.19655,0.52554,0.4904,0.69126,0.71116,0.70396,0.71684,0.72754,0.72569,0.74551,0.72041,0.72817,0.74396
1991,5,54.735,53.81,63.3,53.173,48.006,53.921,47.862,48.355,46.587,48.789,48.009,48.45,48.208,48.414,48.902,48.564,42.041,39.718,41.22,41.686,44.213,44.78,40.021,38.924,41.715,37.225,31.31,33.641,40.594,40.644,42.932,46.181,38.032,38.188,42.074,41.04,39.061,32.198,36.949,41.738,48.491,46.585,66.054,90.788,49.926,57.369,74.123,61.164,69.954,67.652,62.073,54.951,52.814,59.746,45.914,21.284,1.439,50.989,20.648,20.948,8.0436,12.344,2.3022,41.106,10.84,3.9614,0.015112,0.014377,0.015514,0.01466,1.8224,0.0099023,0.012177,0.010983,0.016782,0.016233,0.0164,0.016616,39.898,39.949,31.106,33.616,13.343,14.366,0.012572,3.4327,0.013083,0.015751,0.013864,0.011122,1.7369,4.5358,0.11501,0.1896,0.22484,0.24292,0.25633,0.28005,0.28632,0.28711,0.28073,0.26092,0.25614,8.7666,6.2851,10.377,3.3049,0.531,14.221,17.975,16.617,19.787,23.629,12.14,5.301,12.107,12.875,2.6187,0.16525,3.8587,0.12169,14.811,0.67423,0.10832,0.10759,12.796,12.383,0.10774,0.10675,11.645,1.7873,0.10374,1.6585,0.11421,0.12267,0.14992,0.1531,1.2361,0.16834,0.17647,67.531,62.694,30.49,28.489,39.984,51.124,57.806,67.422,64.964,61.826,49.181,60.507,34.91,31.471,53.055,51.845,31.057,165.01,147.06,168.42,172.15,182.91,130.5,145.48,71.453,40.159,87.849,44.886,98.395,27.394,14.904,10.623,50.007,45.885,9.7901,57.896,1.4428,17.904,24.362,8.2762,0.14946,0.17125,0.17079,0.17347,51.487,51.78,48.965,45.658,33.153,27.738,61.181,74.591,124.84,44.045,44.138,39.678,42.836,43.614,40.85,33.709,41.731,36.702,38.462,34.185,30.601,34.196,34.574,37.134,43.569,47.779,48.143,54.852,64.052,59.726,83.304,78.337,101.8,89.26,112.15,84.229,85.325,149.41,108.69,83.588,101.84,53.42,39.25,50.044,56.753,85.342,69.947,161.29,91.321,92.427,46.756,26.332,41.168,87.562,49.92,60.898,91.834,104.56,54.252,74.407,44.468,52.733,34.261,54.295,26.447,34.741,14.801,30.685,62.39,12.171,22.478,17.463,24.823,9.2863,14.951,25.813,4.5739,27.899,3.8307,27.042,23.936,32.924,26.12,42.224,62.387,54.066,27.488,0.21511,19.721,0.22299,0.25846,0.25834,0.245,31.375,15.53,24.727,37.267,39.11,32.826,22.868,0.19528,0.18222,0.25686,0.26425,0.26158,0.26636,0.27034,0.26965,0.27701,0.26769,0.27057,0.27644
1991,6,78.126,105.91,133.18,148.29,147.25,139.62,120.33,91.554,99.292,84.379,89.667,87.684,90.03,89.362,87.959,90.232,112.54,106.85,102.81,94.293,66.922,85.079,91.336,89.468,102.1,92.613,84.509,86.493,96.734,105.35,106.47,110.34,103.53,115.99,97.239,111.57,111.71,120.19,118.63,125.23,130.49,138.53,79.902,92.977,114.57,128.63,102.85,135.46,144.95,151.69,151.06,148,154.22,157.17,145.96,122.57,80.888,114.89,86.82,76.094,50.151,55.402,28.619,89.567,63.197,51.058,17.902,25.613,19.957,18.542,33.305,7.9835,8.6141,9.5498,6.3182,2.2978,4.0354,6.0643,83.492,81.83,74.344,73.891,58.922,66.228,24.392,52.262,7.6836,5.8718,4.4234,15.703,42.568,43.867,21.848,5.7922,9.0143,8.6854,5.0627,33.685,37.486,38.372,33.032,36.327,22.632,59.436,56.757,61.066,52.002,42.732,59.236,64.01,64.722,66.136,63.057,63.287,55.079,58.37,60.357,50.135,33.66,47.691,9.3859,52.075,27.897,14.09,0.27559,43.483,45.869,11.735,0.70687,42.043,28.364,0.038547,27.529,0.042437,17.722,3.5853,6.7443,25.604,8.6057,2.1213,129.99,114.91,100.06,106.83,125.67,139.3,138.82,132.03,131.06,132.88,125.48,122.18,110,108.89,116.82,118.16,102.79,124.98,126.95,124.69,122.93,122.02,123.51,118.04,112.98,101.28,89.314,69.482,88.452,58.589,53.921,41.284,93.095,100.63,73.355,112.14,43.111,68.44,71.392,42.471,15.481,3.8946,0.063463,3.6243,111.02,111.88,115.35,121.48,107.21,97.035,113.16,120.02,123.05,60.547,58.373,45.717,51.986,59.854,70.195,88.259,73.048,89.613,91.86,85.023,86.721,84.604,88.543,104.04,98.671,108.88,102.21,112.74,111.87,103.34,94.917,103.97,111.16,93.384,79.65,82.449,73.587,81.658,83.949,71.381,82.394,68.481,63.625,68.12,70.906,79.498,93.904,113.7,94.307,102.76,78.406,74.046,94.904,94.662,88.606,86.297,105.03,132.59,113.6,143.3,136.68,94.356,132.06,137.57,125,136.27,115.54,123.19,134.9,103.96,56.848,54.894,64.289,59.879,64.911,68.579,49.34,61.446,43.024,52.432,60.124,59.528,59.765,65.236,56.007,59.081,50.899,26.425,50.542,23.519,13.66,7.165,10.47,66.431,56.109,61.89,68.29,64.716,62.149,53.671,17.048,24.421,2.7535,4.044,1.042,4.5793,14.659,10.735,21.348,0.099466,1.814,19.381
1991,7,101.34,110.53,117.53,148.02,165.69,148.05,131.91,92.027,76.121,77.948,78.831,79.944,77.838,72.969,76.551,79.713,126.29,121.38,115.58,101.36,129.64,120.79,131.24,137.4,115.81,126.39,93.681,92.869,82.014,77.07,73.699,74.792,77.177,78.859,97.199,83.855,84.219,84.661,83.409,78.572,72.367,61.999,150.61,120.17,80.304,69.472,102.45,67.856,59.111,52.541,55.073,54.993,45.832,44.599,52.082,64.372,81.438,119.29,95.486,93.238,88.307,91.469,76.036,117.52,101.34,96.016,75.779,78.231,77.746,76.019,81.007,61.217,63.59,60.846,69.655,62.656,65.944,68.927,101.59,100.32,92.916,91.35,82.423,92.648,76.155,92.383,65.536,65.943,61.856,69.668,78.286,90.004,95.96,96.043,103.88,106.9,105.94,114.76,112.27,111.48,112.4,119.85,114.11,128.98,126.41,127.64,125.37,122.97,134.94,132.2,133.04,134.82,133.15,129.85,126.28,124.32,125.93,124.85,117.51,120.53,104.47,126.39,117.82,113.11,92.937,124.23,125.22,111.61,95.732,124.82,121.42,82.995,122.55,89.113,120.62,116.08,121.33,137.07,133.02,123.96,151.73,123.52,202.99,195.93,183.85,174.42,178.48,199.08,197.95,190.04,169.2,147.74,136.02,149.86,170.78,180.62,175.31,183.9,186.53,184.42,184.25,183.64,190.04,185.04,199.11,192.42,158.23,144.55,159.5,135.41,140.37,126.1,177.86,189.43,171.56,193.61,153.18,168.62,167.52,136.61,144.48,128.11,110.65,127.58,184.99,192.29,194.39,185.6,192.82,199.81,193.74,183.65,182.25,105.93,107.95,115.88,123.96,135.37,158.52,202.45,143.95,199.77,198.74,188.13,201.86,193.08,200.07,207.6,201.85,201.23,192.12,196.32,180.85,187.25,170.16,160.77,166.9,139.24,118.86,115.79,117.95,116.88,112.79,115.07,113.45,125.23,122.71,119.68,118.85,116.33,107.27,175.07,155.58,132.5,139.63,124.97,103.55,108.73,98.265,99.821,120.99,111.27,122.66,100.45,81.169,102.26,63.27,94.028,83.471,59.247,66.49,84.514,105.85,78.987,132.54,131.23,137.29,133.58,135.75,139.34,123.01,118.29,114.68,102.21,141.97,124.98,115.34,92.11,84.966,86.329,95.719,106.52,98.626,113.24,116.4,114.06,112.58,77.982,73.21,75.892,80.111,80.265,84.872,90.446,106.1,108.04,105.24,111.67,100.85,113.08,118.65,117.83,115.76,92.254,101.12,113.41
1991,8,29.841,33.08,35.864,38.329,38.339,37.275,35.48,31.989,31.269,30.234,30.716,30.642,30.05,28.658,29.343,28.945,34.49,33.707,33.291,31.605,32.088,32.268,34.183,35.087,33.341,35.349,30.258,30.018,28.032,26.914,26.442,26.185,26.771,29.029,31.795,30.56,31.059,33.865,32.183,31.381,29.898,28.139,37.899,34.408,29.107,27.57,32.737,29.147,26.197,24.946,26.684,26.624,23.622,23.088,23.966,29.769,40.728,57.206,52.392,55.262,60.229,59.692,58.987,61.245,57.37,56.637,49.377,52.08,49.509,49.978,57.469,49.995,45.826,43.748,44.876,43.428,44.387,45.5,58.867,58.383,57.002,56.898,53.957,54.473,48.473,53.599,45.773,45.569,44.781,47.391,52.134,58.992,62.868,62.416,67.045,68.617,68.469,72.024,71.978,71.91,71.74,73.39,72.322,76.531,76.325,76.802,76.133,75.457,66.828,67.929,67.693,68.218,69.029,78.255,76.809,75.444,76.152,76.118,73.377,73.677,70.644,75.721,75.809,75.33,71.555,76.438,77.342,75.27,72.687,79.493,81.937,75.89,85.218,74.096,78.093,57.516,56.359,55.485,43.26,39.032,35.446,31.543,37.438,36.874,36.549,36.442,36.669,37.222,37.252,36.877,34.697,33.609,31.499,32.519,34.548,35.665,35.303,38.303,38.056,38.608,38.829,39.088,38.413,39.515,38.271,37.763,50.606,56.749,48.233,63.092,59.595,69.465,42.238,38.307,36.493,37.681,36.811,39.563,44.498,66.239,38.78,38.453,36.124,39.95,41.112,42.144,41.702,38.903,37.509,36.967,36.849,35.882,37.015,28.715,28.787,28.582,30.174,32.408,36.604,45.152,34.785,44.158,43.761,42.382,45.022,43.265,44.902,44.271,44.275,42.681,41.846,39.952,36.668,41.443,41.388,36.125,36.795,37.067,36.281,37.689,35.183,36.072,37.219,34.558,36.856,34.805,33.565,34.258,34.503,36.277,33.998,39.471,44.772,41.075,47.856,45.531,44.982,40.434,44.555,45.854,51.494,43.079,60.007,41.792,34.04,31.545,25.581,39.867,36.248,25.769,30.399,37.738,46.586,37.712,65.961,68.385,66.058,70.578,70.921,64.78,67.03,66.554,70.497,68.981,46.91,52.709,51.898,55.673,63.456,62.17,66.477,68.801,66.199,70.404,70.761,69.88,69.735,56.099,55.322,55.721,56.815,57.71,59.009,62.584,68.04,68.663,68.153,69.323,67.445,69.609,71.339,70.905,71.513,66.402,67.743,71.061
1991,9,14.162,14.851,15.554,16.794,18.32,17.596,17.133,15.748,13.907,14.56,14.312,14.508,14.12,13.606,14.115,14.507,16.537,16.25,16.151,15.8,19.438,16.421,18.681,20.659,16.761,21.617,16.308,15.961,15.925,16.232,16.054,15.993,16.112,18.222,17.61,18.499,18.618,20.3,19.582,19.029,17.843,16.19,23.43,17.35,13.479,12.702,16.26,14.946,12.458,12.283,14.012,14.407,12.402,12.171,11.479,21.567,36.954,56.854,40.751,38.138,36.999,37.969,31.103,61.935,52.176,48.953,45.573,42.081,46.841,44.506,35.934,33.484,41.75,42.043,51.204,49.447,49.622,49.487,73.516,72.497,70.409,70.308,64.56,63.756,53.813,54.932,50.957,46.591,48.924,55.024,60.265,57.794,47.769,40.455,38.283,36.736,34.972,40.976,43.206,43.846,42.347,42.569,43.511,51.259,47.982,48.512,48.79,48.877,76.576,77.415,72.19,70.655,71.696,54,55.679,65.108,60.179,52.082,59.087,62.919,60.1,70.947,67.744,71.502,69.982,71.711,72.613,71.27,70.114,72.436,72.912,70.244,73.637,65.419,65.832,40.892,38.942,40.563,23.255,19.135,20.937,35.176,22.01,21.303,20.235,19.363,19.893,22.452,22.437,22.495,27.567,29.941,38.776,37.173,35.102,31.666,34.766,47.598,49.223,47.449,45.758,44.37,46.295,45.884,36.832,37.949,68.961,73.866,60.583,74.505,64.972,69.093,46.34,39.019,33.727,30.787,27.571,31.384,41.892,60.859,25.448,19.864,19.042,20.334,45.947,48.748,44.03,29.236,24.425,26.509,37.912,50.655,48.444,15.982,16.038,16.063,18.28,21.79,28.998,43.813,26.424,43.824,44.301,37.665,42.973,40.289,42.358,51.131,45.939,50.594,45.493,45.855,46.336,42.945,31.989,38.702,41.765,30.171,20.629,23.403,19.166,19.779,22.157,18.208,21.764,18.798,17.209,18.123,18.377,20.924,18.447,46.841,53.658,30.576,57.961,46.485,25.501,23.14,29.173,37.33,51.51,36.258,72.602,38.508,26.228,15.052,11.648,36.545,31.983,13.57,23.473,35.299,48.94,34.071,73.923,74.2,77.037,79.437,79.79,78.555,77.203,73.973,59.512,56.11,71.316,71.916,62.483,52.416,69.729,63.076,57.226,43.634,53.193,39.256,34.711,32.831,35.075,70.921,71.311,68.795,71.774,67.948,60.921,58.088,40.654,42.036,33.235,31.78,32.775,31.633,34.108,32.997,37.519,32.398,33.935,38.112
1991,10,54.979,40.503,35.036,31.064,35.527,38.276,35.983,34.2,36.057,33.082,33.749,33.165,31.546,28.648,29.667,24.53,33.109,28.076,26.98,23.733,69.332,52.13,46.369,49.594,32.597,33.906,17.467,16.36,13.762,11.821,12.495,10.888,11.66,12.054,17.138,13.435,13.295,13.292,13.152,12.332,11.412,9.6797,41.009,26.141,13.596,11.948,18.125,11.002,9.6584,8.2089,8.5662,8.4637,6.7357,6.5832,10.457,36.207,64.928,88.55,72.673,70.547,67.674,68.977,59.413,83.074,72.627,70.525,59.646,60.188,59.98,59.698,62.579,56.022,56.692,54.909,59.54,59.056,59.303,59.657,73.257,71.861,67.674,66.524,61.563,66.163,59.28,66.553,58.733,58.85,58.487,58.85,59.475,56.783,50.211,43.743,41.448,40.164,38.344,38.133,37.974,38.024,38.535,45.774,46.13,61.561,54.688,55.466,56.66,57.268,99.81,94.31,84.514,84.97,95.735,67.146,70.807,89.783,79.873,63.715,78.548,86.629,82.921,104.26,98.121,107.44,106.2,110.98,110.57,106.83,105.23,106.93,102.05,98.371,98.207,91.091,91.169,60.074,57.265,62.148,28.29,19.149,103.06,118.24,77.29,81.063,86.84,88.448,91.534,102.23,100.34,98.863,106.8,113.28,115.27,111.53,107.36,102.1,95.436,95.945,99.005,95.082,92.858,90.81,95.513,90.933,89.381,85.133,80.955,88.83,90.37,100.81,110.32,115.34,92.923,84.635,73.738,89.34,54.288,61.475,80.562,95.869,42.755,23.312,23.236,22.597,112.17,114.64,111.13,95.117,81.753,80.546,93.56,102.82,97.615,70.925,71.758,76.453,77.172,77.81,79.68,81.28,79.601,87.061,89.583,77.071,78.326,80.124,78.071,91.602,84.427,92.616,101.81,102.4,93.347,79.968,60.1,82.047,85.836,61.168,37.939,43.241,36.732,39.704,37.986,38.252,36.911,32.488,25.846,28.825,29.315,34.309,29.73,83.294,72.858,56.491,66.371,58.301,46.568,40.014,45.885,50.868,69.155,58.394,88.542,64.646,47.818,21.144,16.841,62.241,56.241,21.961,41.907,60.489,77.339,59.805,104.3,105.53,99.048,101.64,101.95,92.604,93.698,86.256,73.96,64.378,64.8,69.695,67.117,66.25,74.869,70.873,62.381,49.516,58.923,43.425,38.168,37.268,39.619,60.388,59.409,59.879,61.703,60.777,60.99,60.948,45.123,47.085,37.594,36.127,36.913,35.827,36.71,36.227,37.438,36.114,36.569,37.647
1991,11,22.335,18.514,14.883,14.859,18.24,18.201,21.36,19.822,14.871,18.189,16.658,17.352,16.398,15.881,16.901,16.67,24.609,21.948,20.434,17.605,30.931,26.649,28.491,30.086,23.555,23.031,12.335,11.531,10.839,9.7938,11.256,9.6382,9.5982,8.5126,11.486,9.2689,8.7771,7.7827,8.222,7.3099,6.389,4.6564,18.661,12.449,7.4241,6.6319,9.4984,5.8182,5.3169,4.3462,4.2644,4.07,3.1208,3.0313,5.8779,15.806,24.051,31.963,28.085,28.731,32.611,32.982,32.469,42.027,43.205,42.368,46.267,42.864,47.376,45.619,36.044,36.051,42.114,40.992,50.954,49.823,49.852,49.756,40.405,41.35,40.722,40.646,41.965,44.112,46.684,45.585,45.752,46.895,45.595,44.793,42.725,39.284,33.1,28.51,25.724,24.834,23.706,19.667,18.539,18.361,19.315,23.644,22.585,27.142,25.325,25.537,25.855,26.005,32.593,33.279,30.951,30.239,32.138,28.394,28.797,31.126,29.946,27.414,29.48,30.578,30.368,33.935,33.443,34.895,34.699,35.519,35.268,34.925,34.774,35.441,35.223,34.63,35.179,33.23,33.226,24.432,23.566,24.974,13.764,9.8861,66.277,43.615,68.281,65.934,62.501,60.983,60.466,57.908,58.669,56.537,46.663,47.968,35.933,36.305,37.681,40.658,34.715,66.764,72.972,58.416,54.536,52.16,56.526,45.858,41.428,31.535,32.678,31.882,37.159,33.33,36.437,36.124,35.041,32.501,27.553,40.804,22.04,24.472,29.416,33.359,18.889,11.718,11.698,11.416,75.248,79.11,80.571,72.539,71.529,76.055,84.834,93.524,77.301,28.482,28.483,28.693,30.137,32.305,36.729,45.752,36.975,50.1,52.761,42.322,43.953,43.547,43.317,63.038,51.912,65.847,66.636,81.795,74.55,51.167,30.497,55.836,58.092,30.741,16.092,18.884,15.649,16.619,16.372,16.096,15.88,14.408,12.114,13.102,13.275,14.982,13.626,48.79,36.517,38.04,30.694,36.012,52.367,24.894,36.812,29.869,28.384,23.039,36.02,24.376,19.75,10.532,9.1858,23.471,21.601,11.229,17.336,22.323,26.625,22.256,33.547,33.763,32.707,33.541,33.428,31.952,35.077,38.006,36.367,42.945,26.583,32.758,38.21,55.513,55.583,54.571,44.333,33.034,41.728,27.566,24.13,24.674,25.733,36.808,36.891,38.55,37.782,39.951,42.9,43.038,29.052,30.918,24.279,24.051,23.591,23.852,22.748,23.146,20.833,22.581,21.974,20.641
1991,12,43.315,53.496,44.438,19.642,17.008,34.537,39.422,49.946,33.509,52.63,45.564,48.306,43.922,42.416,45.868,40.662,38.544,32.347,37.955,33.148,40.958,43.135,41.496,41.318,53.566,34.9,22.968,20.977,22.489,18.901,23.534,22.66,18.067,19.87,32.039,30.864,27.567,22.808,23.32,21.502,17.775,10.295,42.137,76.516,33.316,28.656,55.429,22.479,24.499,14.368,12.498,7.5919,3.7895,3.4003,15.833,37.793,57.543,62.881,70.653,77.121,79.151,81.614,88.813,58.85,61.759,64.159,55.112,61.886,54.3,57.246,78.987,68.191,50.737,43.917,46.511,47.063,47.643,48.975,31.253,31.707,29.21,28.371,28.528,35.938,40.382,49.055,42.017,50.074,44.167,36.609,29.774,20.209,15.257,13.295,11.99,11.603,11.112,8.7055,7.8814,7.7311,8.4068,10.7,10.019,11.99,11.22,11.307,11.445,11.511,13.916,14.424,13.34,12.898,13.773,12.5,12.605,13.361,12.968,12.065,12.746,13.139,13.159,14.646,14.511,15.131,15.069,15.404,15.268,15.158,15.119,15.407,15.356,15.136,15.377,14.548,14.527,10.512,10.103,10.783,5.5227,3.7648,24.514,27.27,29.92,26.711,23.698,23.152,22.403,22.018,22.139,21.701,19.842,21.474,24.004,19.998,17.328,17.743,15.573,50.396,57.646,41.062,36.255,33.346,38.287,26.639,19.551,14.035,18.367,14.31,18.108,14.359,15.938,15.695,15.79,14.607,12.144,17.738,9.4749,10.685,12.919,14.569,8.005,4.5873,4.587,4.4495,39.055,39.903,39.036,33.578,35.495,43.01,60.903,84.548,65.159,32.417,34.313,45.454,44.503,42.812,42.885,42.89,37.775,43.906,44.618,43.635,43.805,42.98,43.886,52.336,49.541,57.445,44.802,53.389,68.111,55.109,45.047,59.448,52.955,32.801,30.806,17.042,22.915,37.305,15.129,20.004,14.91,30.336,32.016,25.149,23.63,17.868,30.802,30.519,17.476,22.055,13.767,16.133,21.793,16.862,19.232,18.947,26.417,44.5,39.068,58.116,44.267,48.611,31.988,48.118,47.08,32.717,41.792,48.822,66.923,52.908,14.417,14.511,13.999,14.41,14.332,13.685,15.385,16.76,16.165,18.309,11.367,14.636,16.846,21.329,21.669,21.323,18.668,14.941,17.869,12.788,11.331,11.627,12.052,19.217,18.657,19.026,19.973,19.014,18.902,18.35,13.401,14.141,11.428,11.369,11.116,11.283,10.688,10.917,9.5453,10.635,10.281,9.4077
1992,1,16.702,18.153,16.138,9.965,8.78,14.494,16.242,17.922,15.295,18.256,17.074,17.482,16.795,16.703,17.159,16.3,18.687,16.319,17.399,14.793,16.821,17.298,17.769,17.642,25.956,15.512,11.263,10.546,11.331,10.296,12.134,12.396,9.9452,10.656,13.909,14.195,13.025,11.259,11.584,10.997,9.6004,6.2783,16.117,20.103,13.435,12.342,17.354,10.713,11.236,8.0018,7.2569,4.9267,2.6314,2.3572,8.5492,23.87,32.748,25.1,27.677,26.748,23.808,24.48,24.606,21.101,21.617,21.936,20.583,21.567,20.482,20.939,23.627,22.134,19.529,17.988,18.956,19.048,19.184,19.481,14.279,14.447,13.49,13.145,13.194,15.912,17.27,19.371,17.684,19.609,18.221,16.124,13.702,8.8873,5.8405,5.0034,4.4551,4.3116,4.1288,3.2348,2.9285,2.8727,3.1238,3.976,3.7228,4.4552,4.1692,4.2015,4.2529,4.2771,5.1709,5.3596,4.9569,4.7926,5.1176,4.6448,4.6837,4.9646,4.8187,4.4831,4.7361,4.8822,4.8894,5.4422,5.3918,5.6223,5.5991,5.7263,5.6732,5.6323,5.6178,5.7404,5.7058,5.6244,5.7136,5.4059,5.3978,3.9059,3.7539,4.0067,2.0521,1.3989,9.6695,12.571,13.311,11.483,9.4241,9.0822,8.4075,8.3803,8.2508,8.0637,7.537,8.7509,11.32,9.0608,6.8223,6.5953,5.8567,20.386,22.478,17.743,16.124,15.049,17.454,12.363,8.1981,5.2151,9.2917,5.8063,7.9519,5.3364,5.9222,5.8319,6.0091,5.4894,4.5125,6.5912,3.5206,3.9703,4.8002,5.4133,2.9745,1.7045,1.7044,1.6533,19.15,19.789,18.009,14.967,15.826,18.472,23,26.96,23.641,14.462,15.002,17.638,17.548,17.32,17.578,18.089,16.284,18.646,19.007,18.16,18.239,17.975,18.177,21.404,19.91,22.368,20.052,21.989,24.029,20.858,17.698,21.85,20.688,14.65,13.358,8.8204,11.097,14.899,8.0722,10.099,7.9983,13.148,13.41,11.695,11.254,9.292,13.223,13.93,7.1554,10.175,5.12,6.0568,9.0817,8.1879,8.5293,8.9858,12.48,16.877,16.581,22.755,19.033,16.431,13.271,22.083,24.669,14.996,28.066,31.324,34.036,35.558,5.3569,5.3921,5.2019,5.3543,5.3255,5.0852,5.7168,6.2278,6.0064,6.8032,4.2238,5.4384,6.2596,7.9301,8.0515,7.9231,6.9367,5.5516,6.6398,4.7517,4.2104,4.3204,4.4781,8.45,8.0338,8.0952,8.8624,7.8973,7.3898,6.8561,4.9794,5.2546,4.2464,4.2244,4.1304,4.1926,3.9714,4.0566,3.5468,3.9515,3.82,3.4957
1992,2,57.054,18.236,43.547,54.705,22.485,30.356,16.327,9.5958,29.807,8.9617,12.006,10.534,10.569,8.9486,9.067,9.8147,10.519,8.4143,11.239,6.3716,35.38,17.719,11.144,10.164,24.216,6.9012,4.2773,4.1585,4.6376,4.1717,4.9777,5.831,4.0198,4.3223,5.8971,6.3124,5.3034,4.3911,4.5925,4.3732,3.771,2.3397,5.9886,11.515,4.9921,4.5861,7.4033,3.9907,4.175,2.9733,2.6965,1.8307,0.97777,0.87588,3.1767,11.35,14.834,11.052,12.418,11.699,9.282,9.7119,9.4723,7.8509,8.0348,8.1572,7.6481,8.014,7.6106,7.7804,8.9406,8.3003,7.2566,6.684,7.0435,7.0777,7.1282,7.2388,5.3057,5.3682,5.0125,4.8844,4.9027,5.9124,6.417,7.1978,6.5709,7.2862,6.7706,5.9913,5.0915,3.3023,2.1702,1.8591,1.6554,1.6021,1.5342,1.202,1.0882,1.0674,1.1607,1.4774,1.3833,1.6555,1.5492,1.5612,1.5803,1.5893,2.0841,1.9915,1.8419,2.2147,3.6972,1.7259,1.7404,1.8447,1.7905,1.6658,1.7598,1.8141,1.8168,3.4217,2.0035,2.0891,2.0805,5.9624,4.7153,2.0928,2.0875,7.7233,4.3723,2.0899,5.1179,2.0087,4.4385,6.3034,9.452,18.204,24.025,22.994,25.186,50.612,9.1524,5.9005,5.6114,6.888,15.481,52.839,46.073,32.896,28.385,39.595,47.631,42.268,54.906,40.862,35.516,13.203,23.933,16.113,12.657,10.28,34.473,22.291,49.993,36.074,20.928,13.405,11.914,7.6721,3.6704,5.1828,14.498,30.433,24.239,43.642,26.18,39.209,28.943,11.54,16.325,22.591,12.859,22.561,12.385,14.507,8.376,5.6626,5.9697,7.2742,12.013,10.779,10.491,19.86,19.056,18.163,34.905,39.001,23.432,6.8345,12.297,8.1243,8.5615,6.8763,6.855,6.864,6.7977,8.3308,7.5283,8.5908,12.786,8.9118,8.9288,7.7505,7.8221,8.1188,7.687,5.4438,8.1099,3.2775,4.4279,18.559,3.3427,3.8994,3.0597,4.8854,4.9828,4.3457,4.1818,3.4527,4.9135,7.483,6.3162,3.7808,7.0119,2.303,3.3745,3.0424,3.1693,3.3389,4.6374,6.525,6.161,10.166,8.2404,6.1054,4.9316,9.9848,11.486,6.3222,13.084,14.31,16.952,15.874,5.0182,3.5039,4.344,1.9895,1.9788,3.4844,2.1242,2.3141,2.2318,2.5279,5.7256,3.0867,2.3259,2.9466,2.9918,2.944,2.5775,2.0628,2.4672,1.7656,1.5645,1.6053,1.664,3.1398,2.9852,3.008,3.2931,2.9345,2.7459,2.5476,1.8502,1.9525,1.5779,1.5697,1.5348,1.5579,1.4757,1.5073,1.3179,1.4683,1.4194,1.2989
1992,3,48.37,20.948,32.667,25.979,22.246,32.983,19.096,17.549,70.397,18.541,31.204,24.683,28.234,25.468,22.061,21.843,6.9493,5.7896,11.625,5.3901,35.227,19.875,9.1223,7.9544,26.85,4.3811,1.6156,3.4655,13.696,14.815,7.4758,35.703,10.655,16.107,10.322,24.407,19.284,12.488,16.224,14.569,9.474,0.86936,2.2252,15.456,1.855,1.7041,7.4725,1.4868,1.5513,1.1048,1.002,0.68023,0.36332,0.32546,1.1804,4.2175,5.5121,4.1065,4.6142,4.347,3.449,3.6087,3.5197,2.9172,2.9856,3.031,2.8419,2.9778,2.8279,2.891,3.3221,3.0842,2.6964,2.4836,2.6172,2.6299,2.6487,2.6898,1.9715,1.9947,1.8625,1.8149,1.8217,2.1969,2.3844,2.6745,2.4416,2.7074,2.5158,2.2262,1.8919,1.2271,0.8064,0.69081,0.61511,0.5953,0.57006,0.44662,0.40434,0.39663,0.4313,0.54896,0.514,0.61513,0.57564,0.5801,0.58719,0.59054,0.87174,0.73999,0.68439,1.0747,2.2783,0.6413,0.64668,0.68545,0.66531,0.61898,0.65392,0.67408,0.67508,2.0048,0.74444,0.77626,0.77307,3.816,2.9674,0.77765,0.77565,4.8821,2.7102,0.77655,3.2488,0.74638,2.8019,4.1998,5.9034,9.3495,10.98,10.682,11.794,16.901,16.938,6.9995,3.5183,4.0831,9.2375,20.674,20.096,15.956,12.321,14.766,16.337,15.269,18.057,18.405,17.923,7.4205,17.322,9.7122,7.2634,5.6765,25.708,15.661,48.309,43.191,11.875,7.8971,7.2507,4.8841,2.1286,3.2798,17.358,35.598,18.566,31.986,12.037,21.854,22.741,6.8193,8.8121,10.585,7.4333,10.575,6.8944,8.608,3.8558,2.165,3.9388,8.8197,11.461,4.6107,4.7655,33.41,31.578,26.688,38.235,38.941,26.446,2.7488,17.888,4.6602,4.9545,2.8362,2.5472,3.2209,2.5259,3.0955,2.818,3.1921,8.7925,3.6519,3.3177,2.8799,3.6135,3.0168,2.8563,2.0228,4.4095,1.2178,1.8247,9.8455,1.4433,1.5369,1.1898,1.8153,1.8515,1.6148,1.5539,1.2829,1.8258,3.8866,3.8977,1.4049,4.5203,0.88756,1.2539,1.1305,1.1776,1.2407,1.7231,2.575,2.2893,3.9041,3.0619,2.2686,1.8325,3.7101,4.2679,2.3492,4.8616,5.3203,7.1376,5.9637,3.2225,2.0802,2.7588,0.73926,0.73529,2.1142,0.78931,0.85987,0.8293,0.93931,3.815,1.725,0.86426,1.0949,1.1117,1.0939,0.95774,0.7665,0.91675,0.65607,0.58133,0.59651,0.61829,1.1667,1.1092,1.1177,1.2236,1.0904,1.0203,0.94661,0.6875,0.7255,0.5863,0.58326,0.57028,0.57887,0.54833,0.56009,0.48971,0.54559,0.52742,0.48264
1992,4,228.17,215.6,206.73,138.89,200.24,244.97,227.79,255.25,224.64,253.88,246.44,251.4,239.81,227.79,239.42,220.01,171.48,158.24,176.36,167.34,207.71,202.47,169.97,161.57,188.33,123.95,94.967,110.58,140.2,135.06,139.46,151.39,125.45,135.4,123.57,143.94,138.81,131.16,135.41,123.31,100.72,42.771,49.893,72.858,7.2936,4.8223,60.723,26.991,6.5059,2.9659,11.855,13.083,0.135,0.12093,0.4386,1.8908,2.0482,6.5089,1.7145,1.6153,1.2816,1.3409,1.3078,4.1219,1.1094,1.1263,1.056,1.1065,1.0508,1.0742,1.2344,1.146,1.0019,0.92286,0.9725,0.97721,0.98419,0.99946,1.2343,2.0265,0.74688,1.1142,0.67691,0.81633,0.88598,0.99379,0.90723,1.006,0.93482,0.82721,0.70298,0.45595,0.29964,0.25669,0.22856,0.2212,0.21182,0.57137,0.56225,0.54752,0.31005,1.9476,0.19099,16.538,12.064,16.841,8.5927,4.0357,33.978,35.054,33.562,38.907,43.478,20.819,12.416,21.104,21.508,8.1542,2.6747,10.456,0.33219,30.841,10.595,4.551,0.28725,31.023,30.556,3.9062,0.28842,33.568,20.145,0.28855,19.851,0.27734,11.348,7.7845,10.938,23.439,21.465,17.325,112.63,92.195,79.116,70.163,60.69,53.154,74.873,135.05,124.14,103.24,83.99,94.355,69.783,76.757,96.977,98.654,87.914,39.025,50.043,45.737,43.747,46.011,59.015,57.742,88.929,84.187,96.053,71.375,61.366,50.657,14.34,22.032,58.819,77.688,66.954,98.012,46.019,61.743,57.106,21.49,32.458,20.357,14.732,19.272,116.36,112.84,80.589,52.065,52.761,54.206,40.128,12.332,16.511,219.6,217.15,209.62,213.25,206.25,182.57,112.57,181.44,120.55,117.94,122.47,98.165,122.62,90.199,67.286,83.707,52.297,115.04,54.696,4.8561,28.622,60.698,2.298,3.6678,5.1315,39.108,8.8948,21.485,58.414,20.891,13.417,18.829,16.256,16.157,12.713,14.294,17.921,14.802,45.171,54.964,14.212,56.013,25.073,6.1655,13.51,2.6404,3.0002,15.653,25.554,2.0959,21.513,1.1707,18.275,0.68091,4.821,1.5859,0.87291,2.112,4.9694,33.508,2.7415,42.727,35.927,48.911,26.279,34.149,51.43,14.255,32.979,6.4132,16.255,55.478,46.896,26.538,15.62,39.74,25.684,10.95,0.39355,6.6196,0.31114,0.21601,0.22165,0.22974,0.43352,0.41216,0.41531,0.45467,1.7262,1.9852,2.6591,0.25546,0.26958,0.21786,0.21673,0.2119,0.21509,0.20375,0.20812,0.18196,0.20273,0.19598,0.17934
1992,5,169.03,171.72,174.17,89.239,97.523,147.9,120.99,97.838,155.88,101.03,117.38,108.32,114.21,112.13,104.82,95.272,105.03,93.034,92.595,85.719,154.8,137.1,120.72,127.16,99.631,108.62,78.019,80.25,81.372,79.39,76.274,83.291,78.445,74.523,76.362,77.818,75.876,68.88,71.863,67.416,61.03,40.589,80.587,56.395,19.639,17.225,52.691,35.897,18.306,10.825,21.987,22.494,0.43788,0.16176,1.9384,2.581,0.76105,8.9688,0.63708,0.67296,0.4762,0.61048,0.48596,24.294,7.116,2.5965,4.7535,4.6313,6.2976,4.4279,0.66564,0.42583,0.81753,1.3733,2.0172,0.45307,0.86243,1.4409,109.15,112.27,117.51,129.38,104.88,68.073,23.87,19.662,7.1194,0.87577,2.73,23.169,72.085,83.268,35.98,2.4394,1.9572,0.78042,0.087398,6.0948,5.3673,5.1702,4.6899,12.573,3.5322,32.322,26.811,30.586,23.961,17.973,51.91,54.188,48.898,49.141,54.344,36.482,31.265,42.507,40.061,25.193,19.914,33.263,10.335,50.238,33.365,27.713,9.365,50.878,50.795,26.041,11.483,48.934,38.63,5.6736,35.672,5.3745,29.107,21.382,24.417,38.49,28.613,22.432,36.611,29.581,58.778,49.895,38.458,32.971,36.204,40.956,41.694,40.266,32.504,31.502,26.332,31.777,43.649,51.159,57.588,86.669,89.571,91.349,90.696,91.484,94.72,93.648,94.387,98.885,71.361,61.712,73.994,58.209,52.367,51.334,90.127,96.8,70.745,71.718,46.075,66.594,76.959,46.617,43.725,25.634,21.791,25.377,125.95,127.92,106.54,67.665,60.272,65.507,70.46,66.945,73.047,154.66,154.18,152.21,160.04,169.33,184.45,206.81,171.23,193.55,186.53,191.05,199.45,200.3,190.29,173.31,183.09,153.51,151.7,108.23,67.132,128.9,116.28,46.175,53.35,52.195,59.238,53.531,44.318,62.164,66.114,34.8,62.338,38.683,29.985,33.501,36.692,53.653,38.276,82.152,65.501,61.587,54.94,41.994,34.18,60.761,65.023,93.957,82.267,52.083,52.369,27.028,4.3802,29.406,4.8149,9.9116,1.0203,4.7106,2.1818,5.8143,22.468,1.5903,56.598,54.089,56.812,50,53.283,56.378,45.695,61.413,36.25,55.173,49.829,58.848,52.881,61.874,86.368,86.869,68.374,15.259,61.95,9.7615,3.2219,1.1937,2.4498,184.94,168.9,171.64,186,177.06,133.88,94.697,10.402,18.451,0.08095,0.22976,0.078738,0.33753,3.0531,1.9453,3.2074,0.075329,0.072821,2.0657
1992,6,190.41,174.71,148.77,57.171,65.903,121,125.57,138.51,169.18,150.39,155.07,151,147.93,140.96,140.6,125.15,126.3,122.22,126.71,128.15,196.13,169.81,156.58,163.99,134.8,155.96,140.43,135.77,91.653,58.389,49.18,47.77,60.33,38.694,102.18,60.727,59.109,38.13,42.972,39.446,42.576,36.654,114.21,76.8,41.76,39.029,81.904,53.446,37.898,32.616,35.958,33.737,17.223,16.753,20.4,12.35,0.3943,21.957,9.2517,15.044,20.056,23.08,24.399,50.016,44.188,36.618,48.46,46.564,51.466,47.596,29.617,20.334,33.856,35.362,43.114,34.044,37.708,40.776,64.625,67.173,68.541,70.319,72.009,68.222,62.597,57.367,48.91,36.917,41.546,59.954,71.041,74.322,71.874,59.359,59.425,57.004,53.095,80.083,81.581,81.677,78.772,79.761,70.96,85.484,85.682,87.157,83.2,79.482,92.745,87.282,91.667,95.263,93.91,83.829,81.972,84.618,85.436,81.563,77.257,83.26,74.721,86.053,82.665,75.77,64.114,87.537,84.983,75.666,67.106,87.365,83.6,62.514,82.946,64.149,82.096,81.579,83.024,77.259,81.41,86.831,169.94,205.17,235.9,222.82,201.34,189,189.16,192.26,193.76,185.31,202.05,197.47,233.33,210.4,173.43,141.79,116.13,192.61,204.83,156.26,145.83,143.73,133.07,106.92,67.654,29.083,131.41,118.13,125.9,105.02,76.899,84.933,47.577,34.008,59.267,97.017,91.903,57.43,44.361,73.377,71.377,88.234,87.44,84.339,221.94,222.51,221.44,215.06,230.79,248.5,253.91,256.93,219.7,194.5,197.73,213.63,214.13,213.97,217.35,223.47,206.96,224.88,225.6,213.2,217.29,220.25,212.86,235.11,226.49,235.22,226.46,240.23,221.52,207.06,157.99,180.64,178.9,128.65,90.047,96.185,83.533,93.321,97.6,81.393,94.822,78.672,64.337,71.046,73.139,86.919,64.633,161.43,135.53,123.32,124.54,114.71,94.855,101.47,91.941,86.568,71.526,61.938,46.299,32.888,17.137,49.963,24.002,20.147,7.5717,20.425,9.8187,12.374,23.712,6.4087,97.619,93.121,97.524,83.436,85.539,97.647,77.587,77.483,69.737,65.366,126.59,102.67,94.707,70.051,55.634,59.925,64.844,65.234,68.448,70.328,67.789,61.298,62.852,70.236,69.354,71.081,70.236,71.492,71.378,68.448,66.11,69.793,50.251,56.569,44.491,58.102,70.106,66.678,73.307,36.11,45.169,70.492
1992,7,99.966,78.904,72.401,40.862,48.463,67.331,56.307,55.172,57.112,55.7,56.222,55.943,54.824,52.723,53.523,48.252,45.82,41.696,42.755,43.302,99.982,80.752,62.821,63.216,43.762,46.205,38.703,38.488,35.689,29.512,28.509,26.571,29.694,21.981,36.771,29.062,28.394,20.971,23.344,22.498,24.752,23.736,49.555,40.798,30.597,29.238,38.486,30.136,28,25.711,25.107,23.973,18.922,19.237,21.762,20.199,9.4788,38.236,25.183,28.132,28.948,30.427,27.538,43.711,36.764,33.638,31.719,32.041,32.439,31.586,29.531,23.537,27.373,27.434,29.622,27.129,28.231,29.186,43.149,42.945,41.273,41.172,39.502,40.143,35.118,37.261,31.459,28.289,29.475,34.521,38.42,40.818,39.849,33.436,35.641,35.748,33.894,37.942,37.741,37.708,37.669,41.023,38.331,47.637,44.776,45.437,44.725,43.891,72.389,69.928,66.669,66.46,69.031,48.411,49.397,57.792,54.169,46.788,51.494,56.51,60.11,69.791,71.173,73.002,70.368,76.445,74.602,73.688,72.304,79.142,81.028,76.359,83.731,77.605,81.988,78.097,78.206,79.561,77.664,76.397,140.98,106.56,184.01,180.7,168.26,150.93,166.7,233.95,225.24,200.96,169.21,147.6,117.69,132.5,152.39,158.36,131.38,93.884,103.59,87.886,84.79,81.883,98.733,84.972,115.42,72.785,83.649,82.732,82.058,78.667,76.773,76.666,76.615,76.284,88.125,144.91,88.108,82.57,76.205,80.018,80.518,78.195,77.838,77.07,183.31,187.08,180.99,158.19,161.79,167.1,143.54,118.17,100.83,111.4,113.77,126.22,119.63,109.42,94.063,69.392,102.17,88.983,96.784,71.084,66.215,72.51,68.517,89.202,75.148,92.111,142.56,152.21,94.528,69.356,56.641,79.146,81.631,60.274,44.006,45.79,41.62,43.784,45.119,39.797,44.46,40.815,38.008,39.188,39.679,43.122,38.989,82.266,79.573,61.412,78.924,72.933,52.842,47.813,47.28,45.182,49.205,47.214,47.47,38.274,26.864,34.279,24.356,31.362,21.563,22.943,18.925,24.352,35.095,19.067,75.213,73.79,74.617,68.319,69.012,74.549,67.811,68.215,55.345,55.229,87.772,80.913,75.001,62.127,64.101,60.027,54.288,44.891,51.639,41.105,36.741,35.126,36.859,39.145,38.514,40.29,40.071,42.79,46.661,49.524,40.31,42.71,33.13,33.571,31.548,33.673,36.1,35.295,36.548,29.05,31.236,36.059
1992,8,33.198,28.903,27.343,18.141,20.273,25.668,23.324,24.033,27.212,24.757,25.396,24.955,24.703,23.903,23.922,21.645,20.071,18.493,19.021,19.458,32.364,29.179,25.38,25.57,19.613,21.239,17.896,17.623,16.189,13.42,13.148,12.108,13.475,10.171,18.242,13.382,13.089,9.8548,10.918,10.906,12.638,13.794,36.769,36.43,28.217,25.577,29.122,20.021,22.598,20.658,17.449,16.182,16.621,17.523,19.968,26.848,30.925,50.265,44.085,47.269,53.513,54.283,54.986,64.992,65.086,63.56,67.384,64.86,68.436,66.801,58.096,56.011,61.962,60.712,69.791,67.937,68.468,68.899,65.172,66.288,65.882,66.146,66.911,68.121,69.155,68.035,67.281,66.546,66.384,68.059,67.561,62.909,56.428,52.75,48.68,47.503,47.019,46.529,45.665,45.433,46.034,48.463,46.758,50.071,49.236,49.449,49.181,48.845,44.844,51.005,51.199,48.316,42.734,50.456,47.738,41.06,43.777,48.154,42.033,39.447,34.84,37.333,35.255,35.198,34.037,33.193,35.092,34.896,34.158,34.787,36.674,35.656,38.43,35.479,36.485,33.168,32.938,32.937,32.324,31.68,50.54,53.988,50.817,51.072,51.439,51.268,51.945,53.441,53.238,52.761,55.5,54.235,58.344,56.654,53.64,50.175,46.735,47.761,47.053,46.019,46.102,46.787,43.195,42.483,38.825,29.223,49.81,43.099,41.582,38.102,31.025,29.699,32.458,31.135,36.1,43.869,37.429,33.525,29.617,32.504,32.909,32.535,32.477,31.951,47.407,45.96,46.054,47.783,48.876,48.969,48.032,45.248,46.273,35.054,34.969,34.875,34.47,33.631,31.769,27.355,33.662,31.281,32.695,27.543,26.821,27.982,27.921,32.619,29.757,34.42,39.756,43.905,42.443,33.257,34.856,45.332,46.088,45.563,46.212,45.185,46.667,48.11,42.388,47.931,41.967,43.221,42.122,42.086,41.812,41.806,37.884,48.333,50.358,48.869,50.179,52.629,56.77,46.658,52.179,51.617,51.807,39.804,57.394,38.638,30.369,34.845,22.856,35.794,31.268,23.187,27.857,34.454,42.268,33.881,37.751,38.393,44.444,50.503,50.463,50.257,52.316,53.827,53.209,55.68,48.775,51.727,53.438,58.189,58.036,58.808,57.065,51.993,56.547,50.242,48.559,48.389,48.83,61.845,62.25,62.577,62.682,62.275,60.864,58.909,50.663,52.172,47.258,47.801,46.5,47.846,48.09,48.089,47.046,45.251,45.743,46.644
1992,9,30.226,21.653,16.462,7.4449,9.3884,15.148,13.031,12.741,19.202,13.397,14.86,13.903,14.145,13.545,13.005,11.157,10.793,9.3266,9.5379,9.7573,25.48,21.569,15.631,15.2,10.855,11.873,10.279,9.7246,8.4493,6.9196,6.5922,5.9538,6.9415,6.1813,11.802,8.3127,8.2475,7.622,7.6674,7.7732,8.7408,9.7012,22.733,21.351,16.119,14.707,17.8,12.913,13.397,12.642,11.519,10.976,11.195,11.66,11.956,14.244,15.788,24.208,20.694,21.482,22.738,22.959,22.247,26.693,25.135,24.486,23.835,23.653,24.024,23.753,22.923,21.559,22.563,22.249,23.842,23.379,23.565,23.741,25.74,25.739,25.164,25.106,24.874,25.176,24.303,24.97,23.777,23.39,23.495,24.181,24.938,26.938,28.398,27.092,29.764,30.883,30.182,29.62,29.223,29.132,29.492,30.87,29.875,31.865,31.183,31.287,31.253,31.152,29.12,34.673,34.096,31.42,27.24,32.264,30.651,26.201,28.002,30.784,27.074,24.99,19.845,21.678,18.934,19.013,18.385,17.071,18.977,18.59,18.064,17.596,18.317,17.961,18.888,18.254,18.808,20.658,21.046,22.508,26.085,26.352,56.66,53.157,35.758,39.451,45.613,48.057,50.545,58.636,56.575,54.664,51.363,56.934,44.986,45.78,47.763,49.879,45.378,46.846,50.022,45.927,43.776,41.88,47.149,41.394,42.824,39.492,33.723,27.27,28.555,22.969,18.932,14.877,32.599,39.093,37.609,45.747,33.688,33.742,28.231,19.063,29.739,27.481,27.463,26.61,59.403,57.365,53.354,45.917,38.321,36.847,46.141,55.98,50.392,34.174,33.89,33.081,30.607,26.951,20.78,12.35,26.645,17.605,20.427,13.209,12.054,13.361,13.677,22.043,17.288,27.503,38.752,46.758,45.295,25.721,23.909,46.777,46.12,37.559,32.625,32.353,33.601,36.54,30.096,37.129,29.609,28.442,25.766,27.064,27.037,28.269,23.372,39.197,33.681,31.77,31.39,31.905,31.537,28.946,28.26,26.549,27.814,23.367,26.971,20.729,16.639,19.852,12.912,18.99,16.587,12.831,14.424,17.277,21.004,16.575,22.903,23.348,28.616,33.979,33.772,33.304,36.855,39.248,37.548,42.103,31.851,36.707,37.398,41.877,49.465,45.124,41.196,36.167,38.436,33.121,30.662,30.399,31.301,24.162,24.309,25.306,24.784,27.049,30.646,34.828,32.171,33.383,30.115,29.85,29.641,29.762,29.967,29.868,29.692,28.962,29.179,29.614
1992,10,17.152,14.389,10.754,3.033,5.8594,11.47,8.0362,6.816,10.131,6.8873,7.8097,7.2389,7.2999,6.8066,6.5412,5.3947,5.6115,4.5705,4.6426,4.7087,13.805,12.125,8.5407,8.18,5.8333,6.1247,5.249,4.8631,4.183,3.4868,3.2814,2.9561,3.4941,3.41,6.3787,4.4615,4.4506,4.4091,4.3201,4.4058,5.082,6.4802,15.325,15.419,11.867,10.679,12.054,8.9033,10.114,10.335,8.861,8.402,10.725,11.795,8.9154,8.056,8.7248,13.992,10.907,10.841,11.089,11.033,10.041,13.93,12.183,11.683,10.624,10.577,10.667,10.547,10.465,9.7738,10.351,10.479,10.663,10.509,10.573,10.624,13.93,13.665,13.165,13.086,12.632,12.46,11.226,11.862,11.069,10.609,10.916,11.515,12.636,16.437,20.895,22.141,27.599,29.439,28.799,35.669,38.673,39.407,37.14,31.848,32.882,29.829,31.353,31.313,31.042,30.916,20.89,24.879,26.143,24.844,20.933,29.61,28.608,24.052,26.185,29.717,26.147,23.754,21.486,18.54,18.276,17.029,16.943,14.414,16.097,16.914,17.05,16.265,18.864,19.768,21.239,19.556,19.076,14.85,14.551,16.186,14.483,13.485,24.76,25.384,16.512,18.388,21.587,23.1,23.903,26.332,25.645,25.629,25.547,26.469,23.884,24.809,26.551,27.536,27.127,30.538,30.833,31.731,31.016,30.211,31.385,30.426,28.213,30.292,24.149,19.78,21.699,16.811,16.236,11.907,26.6,29.789,25.135,26.524,19.612,21.932,21.682,17.506,17.471,14.257,14.246,13.975,26.533,25.103,23.46,21.302,17.99,17.373,23.421,30.319,30.614,17.266,17.255,17.526,16.401,14.605,11.289,5.5576,14.116,9.0874,10.832,6.3227,5.3853,6.3414,6.5838,12.226,9.3342,15.687,19.231,22.648,27.301,15.744,15.084,28.804,29.565,24.579,21.941,20.73,22.64,23.29,18.628,23.828,18.512,20.27,19.173,19.07,18.781,18.462,16.152,27.812,23.594,20.499,21.055,20.743,19.198,17.357,16.783,15.704,17.299,14.595,16.698,12.868,9.9808,14.254,7.9041,11.471,9.7058,7.4435,7.7618,9.6212,12.356,8.7753,16.678,17.385,20.597,24.139,23.978,23.485,26.171,27.996,28.789,32.371,22.027,25.862,25.926,28.667,34.676,31.801,31.196,30.882,29.548,30.095,28.057,26.436,27.826,13.371,13.684,14.828,13.956,16.836,20.831,25.312,28.082,28.204,27.241,25.89,27.298,25.779,28.052,26.988,32.016,27.63,29.025,32.718
1992,11,7.8302,6.9251,5.1956,1.1368,2.9627,5.8716,3.7756,2.9354,4.1442,2.8403,3.2247,2.9954,2.9535,2.6548,2.5999,2.0494,2.2146,1.7136,1.7501,1.7768,5.9833,5.3008,3.5609,3.3758,4.119,2.4445,1.9959,1.819,1.5543,1.2956,1.2193,1.0984,1.2983,1.2671,2.5758,1.6578,1.6537,1.6401,1.6053,1.6678,2.1021,3.1479,7.6349,11.076,6.7091,6.142,6.6578,4.5379,5.9345,6.3189,4.7565,4.4491,6.8269,7.9105,5.3799,3.9502,4.1082,7.5632,4.9173,4.7386,4.7215,4.6351,3.9941,6.2399,5.2234,4.9424,4.3212,4.2877,4.3259,4.2658,4.2393,3.9933,4.351,4.5429,4.3794,4.3309,4.3485,4.3532,7.5893,6.9058,6.4624,6.3997,5.7316,5.5403,4.7731,5.0802,4.7239,4.4001,4.6421,5.0212,5.7169,8.0937,10.56,10.771,13.025,13.74,13.445,15.489,16.233,16.405,15.874,14.438,14.687,13.747,14.247,14.236,14.148,14.106,10.086,11.769,12.324,11.826,10.2,13.683,13.289,11.584,12.396,13.683,12.382,11.479,10.642,9.3344,9.3423,8.7682,8.7569,7.6026,8.3153,8.739,8.8277,8.4998,9.7014,10.214,11.014,10.036,9.7433,7.4306,7.1976,8.0001,6.4262,5.5744,10.697,11.247,6.4581,7.4764,9.256,10.115,10.468,11.549,11.223,11.317,11.403,11.71,10.756,11.254,12.123,12.575,12.515,13.983,14.077,14.456,14.188,13.885,14.322,13.97,13.079,13.92,11.739,9.6317,10.502,8.366,8.3225,6.3934,12.534,13.735,11.82,12.23,9.0698,10.395,10.5,8.9539,8.0771,6.0222,6.0164,5.9391,11.788,11.019,10.111,9.0765,7.3289,7.0333,10.479,13.793,13.985,7.4751,7.5033,7.801,7.258,6.3842,4.811,2.1151,6.0451,3.7218,4.5419,2.4747,2.0649,2.4727,2.6454,5.358,4.0049,7.1117,8.3776,10.014,12.619,7.3746,7.1908,13.259,13.593,11.538,11.039,10.328,11.197,12.549,9.0114,11.39,8.9584,10.208,9.804,9.5444,9.3581,9.0875,8.4107,12.942,11.197,9.7471,10.046,9.8624,9.7432,8.5166,8.6573,8.4998,11.398,12.204,13.673,9.406,5.6567,7.58,4.2153,6.9284,5.1882,3.7731,3.7036,4.7791,9.3481,4.089,8.2954,8.6447,9.9666,11.442,11.374,11.16,12.478,13.825,14.142,17.564,10.515,12.365,12.807,17,22.258,20.266,17.991,15.223,16.506,14.24,13.175,12.544,13.162,9.5004,9.8534,10.634,9.4535,11.235,13.671,15.512,13.646,13.939,12.864,12.305,12.866,12.255,13.12,12.722,14.436,12.965,13.458,14.651
1992,12,4.7661,2.5732,1.9305,0.42242,1.1009,2.1818,1.4029,1.0907,36.332,1.0554,1.5116,1.113,1.1944,1.0759,0.96607,0.81615,1.8535,2.6799,4.1984,0.86001,2.2943,1.9697,1.4088,1.3256,19.344,5.4824,5.8361,9.5651,4.4904,1.0993,0.45306,3.7359,0.78043,0.87051,8.0401,8.4013,6.5887,2.1359,3.1141,2.4453,2.0203,1.1697,2.9068,7.6395,2.7895,2.5826,5.6687,2.8879,2.98,2.7729,1.9272,1.6532,3.032,3.7008,2.4371,1.4718,1.5265,3.3521,1.8272,1.7607,1.7544,1.7223,1.4841,2.3186,1.9409,1.8365,1.6057,1.5932,1.6074,1.5851,1.5752,1.4838,1.6167,1.6881,1.6273,1.6093,1.6158,1.6175,3.4251,2.9144,2.6408,2.6047,2.1297,2.0587,1.7736,1.8877,1.7553,1.635,1.7249,1.8658,2.1243,3.1372,4.1651,4.0023,4.9033,5.2032,5.0532,5.7876,6.0565,6.1194,5.9317,5.4082,5.4763,5.1239,5.3131,5.309,5.2766,5.2608,3.7476,4.3792,4.5808,4.3941,3.7902,5.1047,4.9401,4.3044,4.606,5.0916,4.6008,4.2653,3.9543,3.4684,3.4714,3.2581,3.2538,2.9039,3.0898,3.2472,3.2802,3.1583,3.6491,3.9239,4.3567,3.8071,3.6475,2.761,2.6745,2.9727,2.3878,2.0713,3.9989,4.1792,2.4086,2.7781,3.4393,3.7585,4.0779,10.423,9.0909,5.8618,4.2371,4.3511,3.9968,4.1815,5.2892,4.9208,4.6503,9.2904,12.354,10.81,9.7854,9.8668,13.368,11.237,10.203,5.2212,4.9974,3.6095,6.5781,3.185,3.1386,3.4814,4.7791,5.1278,4.3922,6.2683,3.3701,3.8624,3.9373,3.3271,3.0013,2.2377,2.2356,2.2068,6.8852,7.9742,5.1598,3.3726,2.7232,2.6134,3.897,5.1252,5.4167,2.7776,2.788,2.8987,2.6969,2.3722,1.7877,0.78591,2.2462,1.3829,1.6877,0.91956,0.76727,0.91881,0.98296,1.9909,1.4881,2.6425,4.1317,3.7209,4.6889,2.7402,2.7062,4.9268,5.0507,4.3133,6.6947,4.6837,4.4274,14.39,6.5548,4.3559,5.4456,4.0303,3.8759,3.7143,3.6268,3.8058,3.3981,6.2391,4.1606,3.64,3.7328,3.6735,4.0364,3.5854,3.6664,3.7613,5.6381,11.444,7.1107,5.2293,2.5322,3.0326,1.7749,3.2836,2.2018,1.4458,1.3762,1.8887,4.953,1.5194,3.0824,3.2122,3.7033,4.2516,4.2264,4.1468,4.7554,5.588,5.6953,7.8349,3.9073,4.7257,5.1281,7.8922,10.483,9.5817,8.2576,6.2496,7.4372,5.5321,4.9477,4.6979,4.9841,4.9267,5.111,5.4621,4.8003,5.5654,6.6375,7.2874,5.383,5.6218,4.8255,4.5914,4.8146,4.5684,4.8969,4.7437,5.3921,4.8405,5.0266,5.4755
1993,1,48.756,26.116,42.445,55.025,38.487,48.649,39.516,7.2384,32.183,2.87,4.7982,4.2642,3.7737,2.1276,3.0132,9.8073,41.336,42.055,48.671,24.462,37.468,28.823,33.527,31.912,81.67,43.65,32.682,41.894,18.601,3.453,0.16835,8.7212,2.4684,0.82389,34.915,16.827,13.054,2.1421,4.3607,3.3785,3.4737,0.43487,21.703,62.141,26.152,26.048,52.084,16.692,22.3,11.517,5.6604,1.5922,1.3256,1.8089,11.858,7.6047,0.56722,4.2026,0.67893,0.65425,0.6519,0.63997,0.55147,4.2769,1.0109,0.6824,0.59663,0.592,0.62356,0.58898,0.58532,0.55135,0.60074,0.62724,0.60466,0.59796,0.6004,0.60104,4.8058,6.0625,4.1241,5.3567,2.553,2.9718,0.71833,1.2557,0.65223,0.60752,0.64092,0.69328,1.0277,1.1657,1.5476,1.4872,1.8219,1.9334,1.8777,2.1505,2.2504,2.2738,2.2041,2.0096,2.0349,1.9497,1.9742,2.0552,1.9606,1.9548,5.3047,4.7235,5.0529,6.864,7.6113,2.0595,1.8356,1.7283,1.9253,1.8919,1.7095,1.5849,1.4693,2.9476,1.2899,1.2106,1.2091,3.2451,2.7836,1.2066,1.2188,3.8154,1.7789,1.458,1.9874,1.4146,1.3553,1.0259,0.99377,1.1046,0.88726,0.76966,5.9849,2.8817,0.90038,1.0323,1.278,1.3966,2.2664,12.398,10.259,5.0357,1.6066,2.1701,1.5468,1.5538,3.6695,2.2615,1.7279,18.202,30.881,17.517,12.725,11.102,22.933,14.538,9.2035,1.9697,42.206,29.229,19.22,14.457,1.2249,2.7954,1.849,1.92,1.632,3.9632,1.2523,1.4352,1.4847,1.3608,1.1152,0.83149,0.83068,0.82001,3.7268,4.5691,2.6491,1.2532,1.0119,0.97108,6.1591,11.982,12.856,5.0197,7.4476,8.4039,25.384,35.466,31.16,16.14,9.4418,13.076,10.886,14.692,6.2404,15.118,7.1435,2.7137,15.744,4.4755,4.558,1.3826,2.7655,7.1576,29.071,4.8191,3.4512,2.4783,24.625,3.6343,14.669,41.221,9.6171,10.593,8.3142,11.67,11.6,8.1901,8.8234,7.496,19.597,12.568,19.365,2.369,27.484,11.503,2.0048,3.5132,1.438,2.4264,9.1264,31.478,4.723,35.615,16.303,35.581,27.109,15.838,6.0952,21.762,6.903,7.4186,24.562,2.3697,8.7388,5.5835,11.15,2.4741,3.9764,12.6,1.767,3.7304,2.1163,2.9112,30.941,15.735,6.5809,2.9667,4.5152,3.731,3.0683,2.3222,2.7635,2.0556,1.8385,1.7456,1.852,2.9818,1.8991,2.278,4.2285,4.3363,2.7381,2.7078,2.0002,2.0889,1.7931,1.706,1.789,1.6975,1.8196,1.7627,2.0036,1.7986,1.8678,2.0346
1993,2,16.186,11.532,14.765,16.473,14.025,15.749,14.228,4.9192,14.452,2.2355,3.4431,3.1898,2.8375,1.6439,2.3515,6.1696,14.687,14.961,16.256,11.055,13.933,12.141,13.118,12.781,21.974,15.6,13.5,15.709,9.5501,2.5284,0.062553,5.3103,1.9059,0.46434,14.169,8.8829,7.2916,1.1157,2.6159,2.0567,2.3032,0.16174,10.381,18.276,11.551,11.515,16.835,8.8496,10.576,6.8705,3.9637,1.1268,0.60936,0.91506,7.0177,5.0885,0.21077,3.9954,0.25227,0.26992,3.1085,3.4545,5.571,26.249,18.989,13.064,24.475,21.775,27.755,23.663,8.4293,5.4719,13.357,14.198,21.757,15.477,17.636,19.514,29.423,37.195,33.228,39.171,34.148,35.038,27.438,27.26,13.904,15.928,11.62,16.699,26.504,25.302,15.917,18.495,18.373,18.798,18.104,45.433,48.638,49.104,43.749,34.783,24.135,34.033,40.84,46.174,32.606,24.062,6.4366,6.7906,12.704,18.776,17.037,31.798,20.217,12.772,21.46,23.191,5.5926,8.5328,2.9777,10.751,5.5292,0.46106,0.44926,11.381,9.1547,0.47015,0.45289,16.857,11.542,0.54177,14.946,0.52564,4.7645,0.38121,0.36926,0.5752,0.32969,0.28599,4.075,2.6494,0.33456,0.38356,0.47486,0.51893,1.483,10.807,9.091,4.898,0.68339,1.4569,1.1391,1.7972,14.356,12.873,13.581,9.6741,16.9,13.523,10.423,8.3202,36.457,29.562,69.559,66.092,45.882,36.469,23.284,21.134,5.5849,7.8219,27.729,52.118,13.11,32.876,0.46531,13.751,26.5,11.638,0.41438,0.30896,0.30866,0.3047,1.3848,1.6978,0.98433,0.46566,0.37599,0.36083,4.1131,7.0201,7.3803,3.508,4.9302,5.4231,11.355,13.553,12.644,8.6185,5.9581,7.5194,6.6239,8.1187,4.4022,8.2692,4.8756,1.9855,8.4919,3.1658,2.859,0.51374,1.585,4.7759,12.239,3.1357,2.0931,1.3983,11.439,2.1644,8.1159,18.735,5.704,6.4201,5.0465,6.9101,6.8832,5.2694,5.5988,4.8621,9.7758,8.2059,21.195,1.9679,34.927,18.912,5.1715,4.0635,3.1487,5.4039,12.934,18.778,6.2701,15.431,8.6946,13.619,11.74,8.5399,4.2154,10.348,4.7245,4.9684,14.082,1.7889,13.555,9.0529,15.347,1.7611,4.1536,16.442,0.65657,9.2182,5.3153,22.464,37.363,28.371,15.279,10.46,24.193,20.155,21.574,17.078,21.315,25.925,27.815,22.615,21.892,22.056,12.267,16.639,29.504,32.17,20.811,17.331,17.462,19.636,16.293,20.603,14.277,21.883,31.83,28.675,36.533,11.376,16.322,34.076
1993,3,6.0143,4.2849,5.4863,17.222,5.8524,5.852,5.2868,1.8279,9.3323,0.83065,1.2794,1.1853,1.0544,0.61083,0.87377,2.2925,5.4574,5.5591,6.0404,4.1078,5.177,4.5112,4.8743,4.7493,9.5971,5.7967,5.0162,5.8371,3.5486,0.93951,0.023243,2.6411,0.70817,0.17254,5.265,4.312,3.0959,0.41591,1.0595,0.76441,0.85581,0.060098,3.8575,6.8755,4.292,4.2788,6.2556,3.2883,3.9299,2.5529,1.4728,0.41869,0.22642,0.34002,2.6076,1.8908,0.078315,2.0785,0.093739,0.11659,2.4596,2.7019,4.0391,11.815,9.5428,7.518,11.033,10.322,11.827,10.825,5.5407,3.9817,7.629,7.9395,10.317,8.3909,9.1029,9.6776,12.649,14.547,13.454,14.839,13.458,13.694,11.761,11.785,7.8322,8.5445,6.9493,8.8027,11.57,11.265,8.5518,9.3911,9.3606,9.4954,9.277,15.261,15.753,15.823,14.999,13.396,11.007,13.249,14.499,15.379,12.957,10.985,3.6885,4.0734,7.2378,9.6371,8.9827,12.811,9.9201,7.3972,10.292,10.754,3.9595,5.5489,2.2588,6.4638,3.9564,0.17815,0.16693,6.7278,5.6961,0.18796,0.16828,8.925,6.8882,0.20131,8.2173,0.19532,3.485,0.14165,0.13721,0.31229,0.1225,0.10627,1.5628,1.4697,0.12432,0.14252,0.17645,0.19282,0.71537,5.6715,4.8487,2.8213,0.29439,0.73715,0.72604,1.3189,7.9912,7.4302,7.7114,3.7399,7.7722,6.7694,5.3464,4.1482,15.356,13.196,19.843,19.027,20.38,15.731,11.318,10.519,3.9904,5.0478,11.883,16.483,7.5315,13.204,0.1729,7.7758,11.573,6.9437,0.15398,0.1148,0.11469,0.11322,0.51455,0.63085,0.36575,0.17303,0.13971,0.13408,1.5283,2.6085,2.7423,1.3035,1.8319,2.0151,4.2194,5.0359,4.6981,3.2024,2.2139,2.794,2.4613,3.0167,1.6357,3.0726,1.8117,0.73777,3.1554,1.1763,1.0623,0.19089,0.58894,1.7746,4.5479,1.1652,0.77774,0.51957,4.2569,0.80424,3.0157,8.7917,2.1639,2.3856,1.8752,2.5676,2.5576,1.958,2.0804,1.8067,3.6325,3.5991,10.51,1.0375,16.964,9.8345,3.6038,2.392,2.3716,3.6385,7.1007,9.4015,3.8332,8.1899,3.2307,5.0604,4.3622,3.1732,1.5664,3.8452,2.0299,3.3169,18.884,1.2889,7.4181,5.3047,8.1573,0.85827,2.3361,8.6082,0.24397,5.6778,3.7566,10.594,21.175,13.826,8.2947,6.4017,11.16,9.9609,10.35,8.953,10.266,11.461,11.902,10.593,10.399,10.538,7.1958,8.8107,12.579,13.179,10.133,9.0425,9.0735,9.7545,8.6828,10.029,7.9712,10.391,12.787,12.096,13.731,6.8304,8.6935,13.259
1993,4,8.1421,1.5922,4.8233,32.384,9.5702,3.882,9.2566,2.3827,20.735,0.91998,2.7979,1.6661,2.1476,1.4087,1.3828,7.4216,15.822,14.261,18.66,4.9309,6.5623,3.8829,6.7264,4.7935,33.245,4.0309,1.8639,2.2862,4.5127,2.5674,0.0086367,14.8,0.84617,3.9562,9.7703,13.107,9.3182,5.9411,7.2332,11.907,17.339,14.824,15.233,85.26,68.021,71.591,62.172,44.936,76.297,65.396,47.038,32.519,37.873,45.011,51.671,42.664,6.4975,32.047,7.2658,5.6985,1.5911,2.2865,1.5008,23.69,8.5021,5.0913,4.9374,4.5979,5.3239,4.6435,2.1065,1.4795,4.0077,6.2143,4.4665,3.3715,3.755,4.0154,64.403,65.644,62.495,69.845,49.71,35.124,13.204,12.84,7.3977,3.7485,5.0751,15.436,37.471,67.929,84.224,84.991,101.64,107.58,114.19,129.17,129.01,128.3,125.91,103.86,94.473,85.986,102.33,109.41,88.185,73.568,6.9378,6.7901,20.186,31.688,29.433,79.097,59.32,39.056,58.631,68.56,27.031,32.79,24.991,31.564,29.837,6.1151,0.20151,37.48,30.491,6.9379,1.6744,51.199,46.678,7.7244,57.452,10.778,39.638,13.033,15.24,20.123,9.6249,5.5986,0.58068,0.54611,0.046193,0.052958,0.065564,0.071648,0.46763,4.9534,4.2156,1.3861,0.10939,0.27391,0.26978,0.49006,2.9694,2.7609,2.8654,3.8645,10.674,5.675,3.7537,3.0768,13.313,10.112,11.567,10.419,51.134,44.277,26.477,31.206,6.8525,23.812,4.4269,8.1203,3.0716,5.7591,0.064245,5.1153,8.1095,30.182,0.061313,3.4895,0.13439,5.5779,0.57577,2.663,0.13591,0.064293,0.051913,0.04982,0.5679,0.96927,1.019,0.48435,0.68071,0.74876,1.8078,4.1925,2.1449,1.19,0.82262,1.0382,0.91456,1.1209,0.6078,1.1417,0.67317,0.27414,1.1725,0.4371,0.87228,0.070931,0.21884,0.65941,5.937,0.43295,0.28899,0.19306,15.762,0.29884,4.3085,19.395,3.4473,0.88642,3.1229,7.1425,17.73,8.2935,9.1161,6.4276,33.107,5.3622,23.573,4.0656,41.113,35.083,17.176,9.0129,15.895,28.329,49.137,68.373,57.06,84.679,42.627,63.27,54.304,48.405,32.428,50.257,45.733,51.913,81.506,36.078,21.874,16.505,18.233,0.6372,2.8132,15.556,0.090652,12.557,17.515,51.175,57.569,40.872,29.241,20.491,35.252,36.755,52.558,80.105,60.724,106.24,124.87,124.44,115.55,96.999,89.246,86.746,93.94,90.144,68.159,59.932,96.291,94.861,116.06,126.27,115.6,128.49,132.15,132.14,129.91,113.84,118.06,127.01
1993,5,295,200.42,222.96,228.35,171.96,171.84,156.56,97.981,117.9,84.912,93.705,89.143,92.128,89.661,89.187,120.23,169.48,163.37,166.35,143.42,299.37,239.26,211.97,212.62,197.42,182.81,147.48,163.4,159.56,147.49,110.21,161.48,140.46,163.6,175.14,190.84,188.39,191.61,186.42,177.55,161.23,126.75,119.37,103.8,75.116,76.593,118.67,121.39,84.654,84.6,109.89,109.67,81.325,77.263,71.461,52.584,17.96,37.714,13.306,8.7108,1.0184,2.4091,0.55768,38.33,21.862,14.319,14.942,9.6185,16.808,12.661,0.84178,0.54975,12.184,18,22.093,17.899,18.709,18.578,57.826,59.238,56.891,58.787,53.279,50.489,35.609,32.395,27.133,15.811,22.091,37.743,49.807,59.117,59.256,58.395,57.694,58.556,60.279,51.844,47.876,46.817,49.417,52.972,48.401,51.599,51.33,52.406,48.98,45.953,34.448,40.429,53.913,55.116,42.109,48.406,40.514,26.54,35.278,43.56,23.574,22.987,19.776,25.865,23.907,10.358,0.86819,23.946,23.386,11.29,4.5567,31.971,36.059,17.666,44.339,25.049,41.376,42.658,46.412,54.316,65.789,62.431,110.18,41.433,123.93,98.991,92.38,107.02,114.16,97.844,101.31,95.48,54.105,46.42,30.629,30.97,55.798,57.75,57.099,136.44,136.81,135.58,135.9,142.01,127.41,129.71,102.67,86.084,135.72,87.365,110.97,48.317,21.769,16.816,58.423,84.473,67.283,87.807,48.639,68.719,53.574,39.187,44.064,59.846,44.05,62.171,243.88,254.74,214.45,158.85,124.31,109.08,104.4,71.685,103.11,236.53,254.59,288.74,322.12,318.45,281.8,222.46,236.65,220.47,221.44,208.79,195.21,221.01,190.76,137.82,179.25,120.3,237.23,145.21,52.927,93.084,142.38,53.835,67.688,57.899,90.245,53.879,75.545,103.87,70.058,58.533,68.41,74.543,68.621,64.815,66.603,69.149,76.619,147.24,128.36,73.462,106.14,84.434,30.388,51.489,37.084,52.758,68.77,79.108,53.944,67.664,55.469,76.337,67.633,54.784,46.666,62.411,50.957,50.878,59.257,40.442,35.051,29.398,48.065,21.013,28.635,60.763,16.521,46.004,38.7,52.005,132.88,99.975,79.08,39.867,49.69,46.321,53.165,57.325,53.904,60.371,63.83,66.376,63.566,56.099,54.694,54.184,57.294,57.227,52.138,52.729,58.876,60.253,63.308,66.984,62.64,67.383,63.995,65.741,57.129,61.152,59.623,55.629
1993,6,87.476,58.072,58.048,65.808,61.603,57.371,49.826,39.019,42.407,35.538,37.345,36.566,35.916,33.423,34.404,37.597,46.708,45.944,47.26,43.8,87.217,68.953,59.623,61.098,53.17,55.316,48.871,48.591,38.649,31.369,25.675,31.906,31.024,29.461,45.019,36.784,35.922,31.914,32.645,32.992,34.765,34.22,49.164,46.528,40.571,40.916,50.035,42.51,41.44,41.02,40.197,37.791,38.222,38.796,41.163,43.064,29.792,39.808,21.467,14.771,5.7802,7.7081,0.20722,45.635,41.022,34.28,44.164,33.154,46.147,40.241,6.1939,11.307,47.101,59.456,58.044,55.111,54.892,53.22,46.533,48.207,46.994,47.182,50.275,54.847,58.491,52.03,55.216,50.609,53.626,57.666,53.481,46.595,44.249,46.479,44.003,44.12,43.984,41.588,40.232,39.844,40.863,42.273,40.363,42.649,41.77,42.167,40.983,39.865,46.146,47.632,50.737,50.894,47.547,41.327,39.078,35.217,38.324,39.636,32.718,33.107,28.175,34.636,29.931,22.187,11.178,31.393,31.373,22.373,15.93,32.595,30.899,21.185,31.02,24.724,32.133,37.684,39.629,43.151,46.872,47.639,71.867,109.93,99.667,90.365,78.927,74.993,75.214,73.956,75.507,74.645,88.748,93.469,121.7,108.12,95.922,78.193,78.28,55.786,60.79,53.635,52.608,52.06,59.985,55.66,66.167,57.019,68.069,63.867,60.464,53.18,37.668,30.305,48.368,55.233,63.536,68.786,61.211,56.762,49.091,38.535,46.922,49.217,45.65,47.258,88.532,86.243,83.612,84.351,92.043,94.136,77.499,57.819,55.064,100.57,99.912,94.747,94.837,93.458,86.613,74.134,90.441,75.181,75.586,71.663,70.561,75.048,69.063,65.679,67.921,62.216,80.689,75.423,47.443,52.852,53.228,39.596,42.711,33.932,36.261,28.748,31.579,35.954,30.863,26.723,30.507,33.411,31.595,30.535,31.614,32.401,38.115,55.921,63.587,43.825,66.821,63.88,39.661,33.83,34.091,35.385,41.456,46.074,44.82,49.645,44.35,40.199,42.599,46.075,43.438,42.946,44.117,46.361,50.345,41.544,47.173,42.95,51.271,38.642,41.88,54.749,38.098,50.915,43.546,50.211,77.669,70.158,64.596,50.54,55.967,51.662,49.805,47.396,48.082,45.921,44.837,45.091,45.259,35.33,34.652,35.918,37.465,39.802,41.259,44.839,44.71,45.788,44.471,44.829,44.079,44.818,44.364,44.595,42.895,43.449,43.243,42.556
1993,7,48.157,34.987,31.817,29.539,29.382,31.069,26.916,19.321,20.484,17.452,18.305,17.961,18.046,17.405,17.595,20.49,26.199,26.188,26.563,25.721,48.976,39.418,35.262,36.85,31.353,36.187,34.788,34.249,28.275,23.591,17.632,23.028,24.159,19.196,30.456,25.02,24.151,18.938,20.42,20.049,21.348,20.254,31.559,26.615,22.233,22.437,28.338,24.231,22.555,22.266,22.161,21.228,20.855,21.077,22.706,22.91,17.385,23.129,12.78,8.88,4.2357,5.1947,0.076998,25.649,21.279,18.315,21.282,16.875,22.102,19.764,4.4483,7.5344,22.052,26.158,26.959,25.882,25.757,25.109,37.662,37.544,37.84,38.334,37.271,34.556,30.382,27.061,28.464,23.851,26.893,32.186,36.118,40.215,40.722,37.623,39.468,40.119,39.966,37.417,36.31,36.001,36.902,39.307,38.102,43.442,39.743,39.932,39.657,39.273,90.092,85.555,85.072,84.136,79.799,41.163,41.872,47.012,45.127,40.67,43.123,46.362,62.36,68.157,75.708,75.68,72.051,77.427,74.55,78.032,78.343,87.525,97.671,98.003,106.88,99.026,98.678,79.9,77.922,78.212,68.526,63.234,80.263,95.653,64.769,64.822,64.378,62.685,66.708,78.935,77.116,74.752,81.673,87.418,93.58,91.425,90.217,84.334,85.754,66.154,66.305,68.626,69.12,69.265,71.509,77.192,78.519,81.54,131.82,127.26,105.36,102.7,74.859,71.308,74.81,79.464,80.055,79.077,74.64,75.325,73.645,84.27,68.415,64.61,63.368,64.748,53.649,49.663,47.918,53.408,58.885,61.515,62.411,59.662,63.442,53.436,53.49,53.291,53.408,53.192,51.751,48.891,51.648,48.398,48.412,46.566,47.03,48.746,46.373,48.352,48.706,48.739,48.951,52.108,56.634,46.481,39.199,49.735,56.139,41.681,30.168,31.159,27.591,32.463,31.383,27.41,30.592,25.324,21.805,23.774,24.795,29.101,26.52,86.496,117.89,56.401,134.96,118.7,44.18,33.339,35.047,35.919,35.853,32.632,35.12,28.801,25.535,23.109,23.882,26.493,24.539,23.629,23.225,24.891,27.622,21.881,89.438,84.015,96.648,76.767,79.013,104.57,76.64,76.557,52.839,46.948,175.83,133.37,111.09,56.163,53.322,48.621,47.199,43.471,45.727,41.673,40.52,40.865,41.074,41.783,42.238,42.663,41.933,43.659,44.278,45.501,41.647,42.697,40.456,40.651,40.144,40.607,39.975,40.245,38.598,39.655,39.3,38.351
1993,8,20.559,15.663,14.332,12.814,13.053,14.029,12.172,8.2839,8.6668,7.3167,7.7215,7.568,7.7176,7.5782,7.5841,9.2205,11.903,11.939,12.068,11.841,21.453,17.401,15.954,16.91,14.319,18.015,17.538,17.065,13.657,11.415,8.7072,11.074,11.731,9.3126,15.107,12.095,11.697,8.9941,9.7943,9.5607,10.256,9.8241,17.893,14.671,13.065,13.56,15.439,13.043,13.161,12.528,11.505,10.677,10.875,11.086,15.03,30.305,38.371,45.829,30.736,23.625,13.836,15.379,0.75713,37.967,28.565,25.527,22.468,19.633,22.99,21.38,10.893,12.415,22.981,25.527,26.351,25.771,25.661,25.239,45.549,44.14,42.526,42.289,38.485,37.374,29.88,30.518,28.749,24.479,27.473,31.992,36.028,36.835,32.695,26.285,26.769,26.549,25.43,24.213,23.818,23.748,24.287,28.306,27.881,39.05,32.304,32.685,33.223,33.381,107.43,104.36,97.574,94.351,91.676,39.169,41.474,54.364,47.828,37.212,46.574,52.172,58.103,74.312,71.827,77.593,76.238,77.892,77.609,78.051,77.773,80.341,82.54,82.404,84.765,87.148,88.883,104.56,106.22,102.81,121.19,127.57,80.128,113.03,75.596,78.755,81.392,78.634,85.644,114.76,110.02,102.94,108.05,116.31,116.25,113.73,110.37,104.53,102.37,72.757,73.147,73.758,73.698,73.521,75.008,79.358,81.102,82.954,136.9,133.25,108.25,112.32,80.019,76.313,77.919,82.398,96.017,93.279,110.36,100.15,87.579,85.647,110.83,125.28,124.86,124.96,30.406,28.501,31.833,48.011,61.651,67.889,71.632,69.834,71.824,22.788,22.772,22.511,22.913,23.474,24.357,26.79,23.924,26.376,26.748,24.159,26.057,25.8,25.853,33.053,30.299,36.114,28.46,42.684,62.031,35.185,24.244,52.088,62.151,43.897,22.34,32.128,18.691,22.217,31.459,17.558,29.911,16.084,13.952,17.204,18.435,26.621,21.422,91.517,125.59,74.267,144.63,134.73,72.905,46.691,53.25,46.687,48.286,44.62,56.027,42.282,33.817,14.346,18.568,41.019,39.267,22.446,34.463,43.428,50.692,41.041,101.96,96.712,111.8,99.911,101.38,120.96,98.648,92.391,58.285,47.241,173.72,138.45,122.21,74.101,64.368,59.336,47.223,34.406,44.245,29.151,25.367,25.057,26.5,45.951,45.668,47.366,45.863,46.866,49.067,47.218,30.278,32.049,25.206,24.4,24.762,24.204,24.297,24.171,24.209,24.217,24.239,24.289
1993,9,7.8347,5.82,5.3254,4.7612,4.8503,5.2128,4.5227,3.0781,3.2204,2.7187,2.8691,2.8121,2.8677,2.8159,2.8181,3.4261,4.4227,4.4361,4.4843,4.4144,8.52,6.5282,6.0439,6.5997,5.4033,7.6456,7.4885,7.1959,5.3756,4.3086,3.2354,4.1221,4.4632,3.4623,6.2382,4.686,4.5247,3.3698,3.6902,3.6,3.9421,3.8841,8.1635,6.6425,6.2058,6.5154,6.9387,5.8273,6.2354,5.8308,5.0445,4.5171,4.8086,4.9395,7.4107,13.638,15.359,17.314,13.275,11.161,7.7957,8.381,0.69076,15.993,13.309,12.198,11.515,10.122,11.786,10.993,6.5505,7.118,11.63,12.759,13.597,13.283,13.22,13.002,18.531,18.29,17.944,17.929,17.277,16.767,14.669,14.45,14.208,12.533,13.714,15.409,16.857,18.669,18.917,15.929,18.354,19.296,18.243,16.179,15.546,15.418,16.082,18.882,17.987,23.31,19.936,20.058,20.27,20.306,49.994,52.313,51.419,48.233,42.617,22.33,22.712,25.055,23.957,21.515,23.458,24.457,26.701,30.534,29.755,30.466,30.04,30.141,30.19,30.676,30.698,31.522,32.976,33.17,34.287,34.005,34.139,34.588,34.548,33.447,35.133,35.573,29.436,40.338,29.564,29.624,29.412,28.761,29.701,32.699,32.364,31.712,34.449,37.794,40.524,37.915,34.85,32.477,32.371,29.027,29.074,28.597,28.514,28.587,28.154,30,27.845,27.442,72.638,68.694,49.076,52.072,30.142,28.711,27.191,27.568,30.648,29.887,33.64,31.084,28.692,31.045,32.858,35.32,35.195,35.277,14.94,13.954,15.975,22.323,26.517,28.339,29.161,28.595,28.951,9.0593,9.0362,8.856,9.1727,9.6491,10.472,12.486,10.173,12.211,12.462,10.799,12.107,11.767,12.004,16.374,14.611,17.734,13.635,20.592,26.151,16.951,11.338,22.549,25.601,18.993,10.736,14.713,8.9943,10.586,14.298,8.3523,13.741,7.6481,6.699,8.451,9.049,12.558,10.448,39.771,65.614,32.673,82.553,80.183,39.067,20.533,24.282,19.644,18.804,17.75,20.17,16.989,14.747,6.9066,9.2424,16.564,16.042,10.982,14.78,16.946,18.555,16.216,45.041,41.749,52.872,46.691,47.193,61.516,51.149,52.978,36.453,35.978,108.58,88.54,78.604,50.424,49.203,42.693,35.302,27.065,31.955,22.04,18.293,18.177,19.583,18.858,18.952,19.982,19.065,21.148,25.175,28.846,21.749,23.398,18.233,17.49,17.73,17.272,17.074,17.064,16.537,17.087,16.93,16.555
1993,10,83.725,87.205,79.979,93.115,62.022,75.906,69.974,24.505,53.863,18.35,25.674,22.124,27.233,30.49,25.688,53.493,79.046,84.233,92.337,69.561,68.706,79.344,73.368,68.017,133.23,81.003,110.93,112.94,109.39,97.636,73.009,125.23,96.599,89.695,107.29,121.4,112.62,85.269,95.886,91.136,84.932,70.29,19.506,44.879,33.424,38.194,60.226,61.247,45.709,50.416,59.587,61.826,55.463,55.623,49.858,57.05,49.993,49.712,34.906,26.794,23.12,24.55,8.7085,67.912,71.454,65.238,87.625,68.76,91.331,82.232,30.437,43.769,85.675,95.907,114.27,110.75,109.68,106.91,63.357,67.023,65.391,65.023,74.272,84.246,99.738,88.133,97.831,98.961,97.827,95.59,83.38,79.303,83.835,95.119,94.864,97.36,97.653,93.627,92.112,91.617,93.091,101.45,100.98,117.28,107.48,107.84,108.8,109.11,178.3,182.63,179.9,173.63,157.11,116.59,114.48,112.78,112.26,111.32,110.15,108.36,94.884,113.55,98.115,103.07,101.66,97.244,103.4,101.25,99.473,95.509,94.305,93.178,91.78,84.319,82.014,54.377,51.207,44.899,29.586,27.162,49.976,41.971,28.952,36.141,48.25,52.644,58.005,79.382,73.765,66.623,59.936,55.307,44.409,44.501,43.889,42.3,30.189,21.917,22.108,19.684,19.131,19.178,17.322,22.19,15.038,12.102,176.4,189.34,103.25,164.51,70.891,83.691,18.611,12.835,17.127,26.983,23.043,18.626,22.678,62.971,23.408,26.476,26.545,27.302,34.296,28.732,25.818,31.223,27.184,23.485,24.783,25.24,23.759,78.715,78.067,77.206,71.666,63.018,47.885,23.119,54.554,24.75,25.192,30.745,22.026,27.868,21.393,19.811,21.725,20.952,28.006,23.741,23.223,20.414,19.298,24.148,23.931,25.448,23.76,29.447,20.523,25.651,27.833,19.369,27.072,19.125,19.256,20.861,21.566,26.842,30.686,50.643,137.84,55.648,197.05,177.47,79.358,42.005,52.148,42.961,42.53,47.753,55.295,56.757,54.253,26.678,43.572,56.456,56.883,50.761,57.816,59.186,59.293,55.646,154.56,148.54,180.57,179.86,181.24,201.35,175.41,161.17,130.59,106.35,251.14,206.38,176.81,106.12,107.25,97.22,98.398,101.28,95.111,99.599,98.495,99.179,99.197,42.546,43.411,47.518,47.394,57.159,68.04,82.455,94.984,96.222,98.605,98.986,98.279,98.928,97.742,98.229,95.59,97.77,97.044,95.217
1993,11,68.9,76.671,113.66,137.93,128.9,114.66,66.853,59.071,96.327,55.911,67.758,62.142,65.557,62.571,59.32,55.907,32.362,30.444,34.847,37.382,47.71,45.387,36.476,36.829,38.24,37.148,37.391,37.655,46.445,49.246,50.977,54.992,47.725,53.476,42.6,54.28,53.221,55.089,55.168,55.057,52.438,49.44,27.419,35.847,34.961,39.405,37.631,44.711,43.516,44.918,47.473,47.489,44.65,44.449,48.817,61.625,76.142,92.734,86.452,89.972,112.28,115.87,112.52,158.51,180.64,178.15,216.61,195.79,222.03,212.54,144.58,158.53,197.63,194.13,241.78,236.71,236.54,235.62,144.1,152.57,152.99,153.66,168.6,184.14,214.98,200.07,212.28,221.97,213.23,203.89,179.62,137.99,108.81,119.55,90.816,83.852,84.589,90.602,92.964,93.393,91.672,90.228,92.312,95.704,93.705,93.791,94.033,94.087,87.235,101,104.12,97.894,79.037,96.195,90.06,72.307,79.082,91.472,77.307,68.433,48.806,53.216,42.398,42.636,41.581,36.001,42.092,40.96,39.676,35.694,36.136,36.777,36.13,41.354,42.88,81.256,85.548,75.452,126.98,146.64,65.464,44.21,38.444,47.125,60.125,65.418,68.973,80.473,76.872,72.449,61.437,58.532,40.993,43.538,46.114,50.183,42.096,27.017,28.77,24.015,22.628,21.943,22.708,24.926,20.831,16.9,86.397,76.744,51.424,62.822,31.013,29.471,20.233,18.796,38.892,41.94,76.134,55.787,36.659,38.038,92.099,136.27,135.95,138.16,76.317,72.598,64.507,56.871,42.103,33.207,34.405,36.877,31.486,55.715,55.01,52.66,52.444,51.693,49.356,41.357,53.807,46.019,47.821,41.336,39.091,42.766,39.49,42.914,40.985,43.048,58.7,50.025,34.017,37.396,34.542,35.981,31.811,32.379,33.072,31.83,33.061,40.738,32.564,38.277,32.464,27.562,23.075,25.792,26.399,30.359,35.026,41.959,64.595,27.164,74.862,56.773,24.155,22.278,26.781,43.956,62.143,54.739,92.589,69.425,65.01,31.577,50.368,69.134,67.631,56.469,63.715,69.27,74.265,72.15,62.706,63.336,84.465,101.98,101.97,102.32,100.37,93.132,89.256,76.582,101.45,93.777,75.464,48.913,69.154,64.322,77.406,79.645,76.642,82.718,84.138,83.069,82.96,105.91,107.67,100.28,113.12,104.08,83.052,81.132,83.959,83.411,83.627,83.203,84.114,83.278,85.071,84.311,88.189,84.991,86.027,88.606
1993,12,55.009,38.539,39.14,35.518,31.079,33.215,25.697,20.223,31.198,19.364,22.5,20.89,22.503,22.935,21.173,22.374,17.116,15.217,16.832,17.507,60.367,38.579,28.797,32.413,24.485,25.162,18.978,18.983,24.99,29.578,29.517,33.875,29.022,32.688,23.028,30.793,30.028,31.813,31.992,32.562,31.661,30.655,29.031,29.626,27.888,32.301,24.027,29.677,33.915,33.112,31.854,30.795,29.386,29.254,40.257,45.102,49.441,60.038,52.577,52.363,57.193,60.839,56.958,85.435,90.683,88.393,100.51,90.905,103.35,98.584,69.656,71.993,89.416,86.451,113.2,110.42,110.43,110.13,71.778,74.942,72.59,72.133,77.202,87.424,98.703,96.256,97.335,102.74,97.873,92.814,82.132,67.573,55.74,59.098,48.103,45.615,45.183,44.368,44.124,44.04,44.37,46.747,46.412,51.418,48.504,48.599,48.928,49.013,62.887,71.501,70.179,64.927,54.478,51.689,49.298,43.209,45.325,48.844,44.183,40.69,29.022,34.674,25.949,26.914,25.999,21.686,26.79,25.471,24.254,21.081,20.507,20.721,19.805,22.758,23.441,35.548,36.385,35.044,43.223,44.906,38.137,35.375,28.391,32.496,37.526,38.791,40.875,48.357,46.497,44.595,43.375,41.12,37.683,38.888,39.818,39.59,35.931,32.049,43.742,30.111,25.571,23.605,37.394,29.211,26.649,20.68,72.704,61.168,41.191,47.205,20.049,16.63,19.373,21.742,31.493,33.614,40.155,34.883,26.981,22.605,40.337,44.445,44.478,44.216,68.226,66.091,55.729,43.116,33.85,30.878,39.371,53.283,42.119,68.048,68.795,73.722,74.326,74.739,77.104,79.612,72.908,77.988,76.918,71.032,75.251,77.601,73.262,75.059,75.463,72.068,70.46,58.263,50.559,62.468,47.295,45.463,38.969,33.01,28.288,28.187,28.187,35.2,30.178,33.396,29.767,23.092,16.934,20.237,20.999,26.045,29.842,38.858,53.743,19.598,63.143,47.22,9.5442,15.581,17.157,30.265,44.677,50.414,58.265,56.513,54.78,25.577,48.215,54.643,51.773,49.453,46.1,49.224,52.384,47.797,46.051,45.538,61.677,69.855,69.78,74.537,72.282,69.938,59.484,55.477,89.355,80.709,65.381,40.914,61.094,53.108,55.381,49.716,51.829,47.17,45.227,45.098,45.83,48.218,48.424,47.37,52.3,52.156,47.739,51.178,47.491,48.556,45.153,44.738,44.92,44.625,44.625,44.576,44.499,44.649,44.616,44.519
1994,1,21.275,16.979,17.182,15.293,12.914,14.376,10.985,7.867,13.676,7.551,9.2034,8.3094,9.2861,9.702,8.6313,9.3523,7.5107,6.3477,6.9065,7.1266,21.508,16.71,13.363,14.65,11.438,11.817,8.2072,8.1766,11.345,13.545,13.517,15.249,13.324,14.801,10.423,13.988,13.669,14.441,14.507,14.743,14.398,14.019,15.27,22.575,13.025,14.625,12.045,13.662,15.206,14.949,14.502,14.092,13.548,13.496,17.207,18.77,20.069,22.615,20.842,20.76,22.015,22.794,21.696,27.686,28.59,28.218,30.15,28.709,30.522,29.86,24.754,25.453,28.699,28.37,31.81,31.488,31.479,31.423,25.525,26.151,25.768,25.698,26.718,28.36,30.066,29.575,29.874,30.524,29.936,29.278,27.608,24.868,22.169,23.064,20.095,19.333,19.21,18.999,18.934,18.909,19.005,19.723,19.641,21.09,20.263,20.291,20.386,20.411,23.73,25.59,25.42,24.326,21.722,21.158,20.461,18.535,19.231,20.345,18.872,17.705,13.274,15.551,11.988,12.444,12.042,10.088,12.402,11.806,11.247,9.7651,9.3794,9.449,8.9327,10.315,10.622,15.826,16.156,15.663,18.652,19.233,16.788,15.699,13.205,14.737,16.549,17.007,17.711,21.152,20.217,18.939,18.364,17.673,16.343,16.739,17.111,17.542,16.826,15.493,21.025,16.635,14.274,13.2,23.769,19.329,22.466,17.893,28.779,24.092,19.564,19.664,9.5426,7.6802,11.895,16.765,16.771,17.482,17.486,16.862,14.012,10.476,17.567,19.052,19.062,18.991,23.508,23.005,20.979,18.073,15.151,14.076,16.543,19.916,17.413,23.103,23.18,23.754,23.801,23.78,23.878,23.535,23.591,23.611,23.576,22.566,22.887,23.433,22.699,23.038,23.094,22.764,23.221,20.986,19.67,22.546,21.591,21.624,18.125,21.499,30.993,25.773,26.655,49.46,27.945,33.019,26.573,17.595,10.988,14.745,15.309,21.13,15.827,17.274,21.761,10.664,24.28,20.334,3.8933,15.04,8.6315,14.891,19.595,22.398,22.319,21.507,21.032,12.458,19.186,21.122,20.481,19.663,19.068,19.946,20.77,19.633,19.292,19.153,23.446,25.298,25.291,26.193,25.68,25.24,22.929,22.099,29.637,28.888,26.087,20.379,29.057,24.76,22.456,20.424,21.007,19.773,19.221,19.174,19.39,20.071,20.146,19.825,21.208,21.153,19.906,20.93,19.865,20.152,19.195,19.066,19.128,19.033,19.045,19.025,19.026,19.052,19.049,19.035
1994,2,44.971,14.278,17.18,8.6566,4.7985,6.6123,6.5977,2.9232,12.792,2.8058,3.4395,3.0876,3.4505,3.6051,3.2072,3.5232,9.0296,5.9985,7.6987,2.6491,26.348,14.797,9.2845,8.1288,18.626,4.4141,3.0496,3.0383,4.2155,5.033,5.0224,5.6663,4.9511,5.4996,3.8728,5.2103,5.0791,5.3659,5.3906,5.478,5.35,5.209,6.6128,11.549,4.8396,5.4341,4.9076,5.0766,5.6503,5.5546,5.3886,5.2364,5.0343,5.0147,6.3936,6.9746,7.4571,8.4031,7.7442,7.7139,8.1804,8.4699,8.0618,10.288,10.623,10.485,11.203,10.668,11.341,11.095,9.198,9.4576,10.664,10.542,11.82,11.7,11.697,11.676,9.4843,9.7172,9.5749,9.5488,9.9277,10.538,11.172,10.989,11.1,11.342,11.124,10.879,10.258,9.2405,8.2376,8.5701,7.467,7.1835,7.1381,7.0595,7.0353,7.026,7.0619,7.3288,7.298,7.8366,7.5294,7.5398,7.5751,7.5841,8.8174,9.5085,9.4455,9.0388,8.0713,7.862,7.603,6.887,7.1458,7.5598,7.0123,6.5786,4.9324,5.7782,4.4546,4.6238,4.4745,3.7483,4.6085,4.3868,4.179,3.6285,3.4852,3.511,3.3192,3.833,3.9468,5.8804,6.0032,5.82,6.9307,7.1464,21.906,5.8335,7.4172,6.0664,7.3859,10.175,16.228,30.947,27.798,18.723,7.369,6.703,6.0725,6.2198,7.005,7.3653,6.8072,6.3833,9.9093,7.5189,6.3367,5.7967,12.385,9.3002,13.701,8.9804,12.685,9.439,8.2175,7.3316,3.5458,2.8538,5.4817,8.3273,7.392,9.6639,6.5437,6.951,5.9163,3.8927,6.5315,7.0792,7.0828,7.0565,16.916,17.651,9.5946,7.5602,5.7091,5.2302,6.1471,7.5897,6.6619,10.347,10.825,11.811,22.955,26.173,15.282,8.7451,9.4071,8.7732,8.7602,8.3848,8.5046,8.7071,8.4589,8.5606,8.6296,8.5038,11.157,7.7978,7.7201,9.1453,9.4648,9.5728,7.6294,10.207,15.539,13.069,12.571,23.877,16.423,14.779,14.677,8.7039,5.3171,7.3335,7.5926,10.746,6.902,6.7415,8.3906,4.556,9.4195,8.0157,1.5507,9.3495,3.4481,6.0727,7.8131,11.428,8.293,7.9915,7.8152,4.8174,7.129,7.8485,7.6101,7.3063,7.0852,7.4113,7.7175,7.295,7.1685,7.1169,8.7119,9.4,9.3974,9.7329,9.5421,9.4612,8.5197,8.4121,11.63,11.678,10.733,8.8715,12.945,10.796,8.7529,7.5892,7.8759,7.3471,7.1421,7.1247,7.2048,7.4579,7.4858,7.3667,7.8803,7.8598,7.427,7.8782,7.3812,7.4882,7.1323,7.0847,7.1075,7.0721,7.0768,7.0693,7.0697,7.0793,7.0781,7.0729
1994,3,23.749,11.65,11.7,10.461,2.6488,6.1682,9.9326,1.1756,7.1243,1.0426,1.2901,1.1473,1.2821,1.3396,1.1917,1.875,17.848,11.815,15.66,2.7503,20.766,16.103,13.044,9.6968,30.711,2.5166,1.1332,1.3148,1.5735,1.8701,1.8662,2.1121,1.8397,2.0435,2.0749,2.0972,1.8873,1.9938,2.003,2.0355,1.9879,1.9356,2.4932,15.399,1.7983,2.0192,5.6436,1.8864,2.1067,2.0639,2.0023,1.9457,1.8706,1.8634,2.3757,2.5916,2.7709,3.1224,2.8776,2.8663,3.0397,3.1472,2.9956,3.8226,3.9474,3.896,4.1628,3.9638,4.2141,4.1227,3.4178,3.5142,3.9624,3.917,4.3919,4.3475,4.3463,4.3386,10.314,11.907,11.271,14.468,8.4529,5.2289,4.1512,4.0834,4.1247,4.2144,4.1333,4.0424,4.3863,4.3714,3.0609,3.1845,2.7746,2.6692,2.6524,2.6232,2.6142,2.6107,2.624,2.7232,2.7118,2.9119,2.7978,2.8488,2.8147,2.8181,3.2763,3.5331,3.5097,3.3586,3.3585,2.9213,2.8251,2.5591,2.6552,2.8091,2.6056,2.4445,1.8328,2.3194,1.6552,1.7181,1.6626,2.2708,2.0788,1.63,1.5528,2.9167,1.3267,1.3046,1.3002,1.4242,1.4665,2.185,2.2306,2.1626,2.5753,2.6554,44.937,2.1676,39.336,33.398,39.051,46.809,60.519,92.599,85.129,67.854,19.595,6.8527,2.2564,2.3111,10.707,16.501,3.677,56.357,57.117,57.09,57.133,63.403,47.95,48.104,27.834,4.7582,31.27,10.274,29.864,4.3792,1.3472,1.2801,5.0173,5.1476,2.7467,24.853,2.4315,2.5828,2.6503,1.6816,2.427,2.6305,2.6318,2.622,35.499,39.571,29.033,27.998,23.203,17.333,19.235,9.0224,28.78,5.1767,5.8636,8.2939,17.761,18.78,10.559,3.2495,4.2054,3.2633,3.5792,3.1156,3.1601,3.2354,3.1431,3.1809,3.2066,3.1598,17.289,7.342,3.5282,3.3982,6.1571,9.2438,17.124,27.557,41.541,42.998,21.597,69.745,52.258,23.804,44.908,5.2683,2.3683,5.7851,8.0559,26.33,9.6212,52.428,22.099,22.615,8.7974,3.1148,1.5901,30.331,9.6625,18.687,24.96,32.251,4.3357,12.068,2.9039,2.9299,2.649,3.4302,2.8277,2.7151,2.6327,3.0213,13.393,2.7106,3.1345,2.6665,3.4249,3.4928,3.4919,3.6331,3.5456,3.5156,3.1657,3.1257,4.6746,4.658,3.9882,3.3083,6.9439,5.6706,3.3312,2.82,2.9378,2.73,2.6538,2.6474,2.6772,21.694,13.213,15.861,24.039,21.781,9.9728,4.0218,2.7427,2.7824,2.6502,2.6325,2.641,2.6278,2.6296,2.6268,2.6269,2.6305,2.63,2.6281
1994,4,12.536,5.9654,5.5981,5.9611,1.4637,3.6528,5.8345,0.49075,2.6601,0.38739,0.47936,0.4263,0.47641,0.49775,0.44282,1.0046,9.2894,6.7797,8.4303,1.9138,12.642,8.6944,7.2156,5.586,13.682,1.4129,0.42106,0.59946,0.58897,0.6949,0.69344,0.78886,0.68359,0.75933,1.1319,0.87114,0.70127,0.74086,0.74428,0.75635,0.73867,0.71921,0.94829,8.3258,0.66821,0.75029,3.6938,0.70093,0.7872,0.76691,0.744,0.72299,0.69508,0.69238,0.88276,0.96298,1.0296,1.1602,1.0692,1.065,1.1295,1.1694,1.1131,1.4204,1.4668,1.4477,1.5468,1.4729,1.5659,1.5319,1.27,1.3058,1.4723,1.4555,1.6319,1.6154,1.615,1.6121,6.0553,6.842,6.5386,8.0052,4.9783,2.6372,1.5425,1.5173,1.5326,1.566,1.5358,1.5021,1.9581,2.1398,1.1374,1.1833,1.031,0.99182,0.98556,0.97471,1.0469,1.0823,0.97503,1.0119,1.0076,1.082,1.2905,2.4116,1.0459,1.0471,1.2174,1.3128,1.3041,1.248,1.4582,1.0924,1.0497,0.95088,0.98661,1.0438,0.96819,0.9083,0.68101,0.96485,0.61504,0.6384,0.61779,1.3294,0.98664,0.60569,0.57699,1.8918,0.51223,0.48476,0.52353,0.52922,0.54493,0.81191,0.82885,0.80356,0.95691,0.9867,17.146,0.80542,15.488,13.55,14.693,16.45,19.252,24.592,23.554,20.52,9.8743,4.266,0.83843,0.85876,6.3344,8.7979,1.9834,17.181,17.668,17.379,17.278,17.999,16.602,16.256,12.582,2.5112,13.307,6.0371,12.708,2.4725,0.51862,0.60628,3.2068,2.9214,1.0206,11.583,0.90349,0.95972,1.2465,0.76435,0.9018,0.97742,0.97792,0.97429,15.088,15.86,12.689,12.286,10.902,9.0765,9.7213,5.4798,12.373,2.609,3.5538,9.0795,14.688,12.223,5.1779,1.2074,1.7656,1.2146,1.5203,1.1577,1.1742,1.2022,1.1679,1.182,1.1915,1.1741,9.0734,4.489,1.6845,1.2627,3.5148,5.4678,9.0232,12.235,15.737,15.778,10.6,20.954,17.786,11.341,16.346,2.9587,1.1089,3.518,4.935,11.961,5.8376,16.678,10.661,10.693,5.2237,1.2392,1.1437,12.977,6.0171,9.5416,11.455,14.005,2.2781,7.4747,1.079,1.7021,0.98429,1.5702,1.0507,1.009,0.97825,1.2807,8.2009,1.0072,1.4369,1.0042,1.3846,1.2979,1.2975,1.36,1.3175,1.3063,1.1763,1.1615,1.9437,1.9181,1.4819,1.2365,3.6203,2.9541,1.2854,1.0478,1.0985,1.0144,0.9861,0.9837,0.99477,10.832,7.4985,8.5881,11.757,11.122,5.9905,2.0861,1.0191,1.0339,0.98475,0.97817,0.98133,0.97644,0.97709,0.97606,0.97611,0.97743,0.97726,0.97656
1994,5,7.8329,2.2166,2.1388,19.379,1.1102,1.445,2.168,0.18235,3.4655,0.14395,0.17812,0.1584,0.17702,0.18495,0.16454,0.3733,3.4517,2.5192,3.1325,0.71114,8.6219,4.2734,2.6812,2.0756,5.2788,0.52502,0.15646,0.22275,0.21885,0.25821,0.25767,0.29312,0.25401,0.28215,0.42059,0.3237,0.26058,0.27529,0.27656,0.28104,0.27447,0.26724,0.35236,16.921,0.24829,0.27879,2.1702,0.26045,0.2925,0.28497,0.27645,0.26865,0.25827,0.25727,0.32801,0.35782,0.38257,0.43111,0.3973,0.39575,0.41968,0.43453,0.4136,2.9194,0.54501,0.53792,0.57476,0.54728,0.58184,0.56922,0.47189,0.4852,0.54709,0.54082,0.60639,0.60025,0.60009,0.59902,23.55,25.423,25.588,29.779,22.55,12.543,0.90461,1.0602,0.56949,0.58188,0.57068,0.55813,12.934,22.067,12.956,4.5343,8.968,10.29,9.9587,41.564,45.693,46.174,39.948,36.321,24.339,50.873,54.107,60.552,45.244,33.799,13.78,11.383,12.377,21.211,29.296,54.799,39.512,39.7,47.503,37.879,16.459,27.314,6.7094,34.812,18.754,5.113,0.22955,34.605,33.501,4.5268,0.21439,39.016,25.626,0.18013,25.727,0.19664,8.4246,0.30169,0.30798,0.29858,0.35557,0.36663,6.3709,0.29928,9.5292,6.3501,5.5,6.1123,7.1798,9.4855,9.1054,7.7096,3.669,1.5851,0.31154,0.3191,2.3537,3.2691,0.73698,15.717,25.6,16.957,14.154,15.25,22.599,16.061,9.4593,0.93311,31.7,25.541,19.596,25.816,5.7593,21.805,1.2294,1.0855,0.37924,4.3681,0.33572,0.35661,0.46319,8.0262,0.33509,0.36319,0.36337,0.36202,13.701,12.951,8.1073,5.6686,5.868,5.8126,6.5125,2.6743,9.4669,2.7854,3.9469,9.2384,11.989,8.6495,1.924,0.44866,0.65604,0.45133,0.56491,0.43017,0.43632,0.44671,0.43397,0.43919,0.44273,0.43627,3.9408,1.668,0.6259,0.46918,1.306,2.4381,5.7636,9.2734,15.215,15.779,9.0019,22.471,14.598,9.9121,12.624,1.1019,0.41203,1.3224,2.1212,8.4618,3.1282,13.577,11.085,15.844,11.298,2.2904,17.413,20.827,21.529,22.55,21.945,15.082,10.883,11.188,0.40094,0.63245,0.36574,1.0729,0.39042,0.37494,0.36349,1.0692,16.574,0.37426,25.956,22.919,23.103,8.9183,14.658,17.407,0.63922,6.921,5.3032,24.127,0.82584,1.4648,0.55821,10.274,23.388,24.55,24.16,11.619,24.481,20.151,21.297,15.821,15.031,40.084,33.917,38.241,40.96,42.791,36.583,27.25,12.104,16.313,8.6716,13.463,6.5564,14.847,25.375,22.074,30.915,3.825,8.2191,28.055
1994,6,34.279,14.09,26.952,32.118,10.093,15.086,3.0215,1.1474,13.115,0.3287,0.93574,0.81262,0.22382,0.068724,0.12603,0.91887,1.2826,0.93606,1.164,0.26424,34.661,14.1,3.2574,3.6827,3.3999,0.19508,0.058135,0.082767,0.081319,0.095944,0.095743,0.10892,0.094383,0.10484,0.15628,0.12028,0.096824,0.10229,0.10276,0.10443,0.10199,0.0993,0.76743,11.704,0.092259,0.10359,1.662,0.096776,0.10869,0.10589,0.10272,0.099822,0.095969,0.095596,0.12188,0.13296,0.14215,0.16019,0.14763,0.14705,0.15594,0.16146,0.15368,2.2223,0.20251,0.19988,0.21357,0.20336,0.2162,0.21151,0.17534,0.18029,0.20328,0.20096,0.22532,0.22304,0.22298,0.22258,11.575,12.306,12.418,13.679,12.068,8.2326,0.5307,0.68009,0.21161,0.21621,0.21205,0.20739,8.7752,14.011,13.04,8.2974,14.576,16.852,17.108,27.131,26.769,26.548,25.97,26.23,21.375,27.66,29.028,30.34,26.927,23.865,10.888,9.5709,10.488,14.792,17.886,28.026,24.095,22.091,24.918,24.369,14.903,18.771,9.2861,21.107,16.73,7.4001,0.085297,22.202,21.406,6.9683,0.20157,24.264,20.961,0.17915,21.962,0.073068,12.52,0.1121,0.11444,0.11095,0.13212,0.13623,76.951,18.016,71.981,68.776,68.306,72.209,70.225,53.053,55.303,56.391,42.467,33.222,6.8058,8.5167,25.538,26.64,6.7133,23.32,34.537,21.83,18.367,17.953,31.584,20.424,29.68,1.8905,18.706,16.215,16.122,16.804,9.5775,18.458,4.2292,1.7035,0.14092,26.144,0.12474,0.13251,2.3548,12.678,0.12451,0.13495,0.13502,0.13452,135.7,141.4,132.75,103.42,79.464,62.269,42.296,20.901,21.508,29.777,32.059,40.299,45.629,47.649,43.77,10.085,35.109,34.468,44.309,4.9894,0.21777,6.6534,1.258,6.8179,13.3,6.8953,97.457,70.246,4.9435,0.80713,12.504,8.5631,11.573,10.484,11.322,12.264,7.3721,16.702,11.353,9.2696,9.8704,0.41094,0.1531,0.50059,0.9578,6.1264,1.6883,14,8.4399,10.843,7.861,1.7697,9.1671,12.344,11.21,11.798,11.813,9.2562,6.609,6.6285,0.14898,0.235,0.1359,0.681,0.14507,0.13932,0.13507,0.73565,8.8297,0.13907,16.792,15.848,15.072,7.8977,11.204,12.294,0.3272,7.5028,8.1956,21.264,0.36927,1.1842,0.21202,8.7634,18.921,17.8,20.21,16.915,19.882,22.523,24.44,22.628,21.199,15.456,13.93,15.092,15.952,17.261,16.958,17.365,16.85,19.298,16.965,21.525,14.913,22.497,26.254,25.526,25.959,11.435,15.613,24.564
1994,7,55.9,26.323,26.178,26.75,14.106,18.116,7.8678,2.1054,13.709,0.543,1.8797,1.4584,0.89041,0.21948,0.72506,5.3822,1.0915,0.34782,2.1097,0.13244,75.442,39.844,29.25,38.476,16.567,21.61,0.023763,2.2211,5.3624,1.9462,0.035576,13.036,0.32757,3.7677,13.024,18.019,13.711,7.697,9.9515,8.3184,4.5584,0.036898,81.42,75.462,19.516,17.326,48.881,6.7117,13.176,2.6354,0.40529,0.037092,0.03566,0.035521,2.5567,9.7706,0.052821,6.8769,0.054855,0.05464,0.96988,0.059996,0.057105,11.397,4.1464,0.42294,3.8995,3.8534,4.3153,2.903,0.2008,0.61925,9.5854,27.453,0.97721,0.088759,0.26617,0.37723,20.741,20.431,22.432,23.271,24.909,19.809,11.889,10.006,2.5227,1.6226,1.406,10.511,24.179,27.61,36.129,37.069,48.934,51.831,51.498,72.002,78.036,79.501,74.49,65.175,67.228,68.047,69.764,70.528,68.758,67.329,71.922,62.306,64.599,72.25,78.26,68.36,70.313,80.2,77.273,69.288,72.968,80.23,94.203,95.108,107.49,100.14,82.343,111.63,105.76,102.75,93.454,122.77,131.97,112.86,143.69,114.61,139.76,92.813,94.849,115.04,69.182,48.379,165.52,149.17,185.73,181.74,176.38,173.92,173.61,172.8,173.77,172.36,168.04,159.06,147.43,150.45,161.46,160.94,147.36,150.45,161.37,146.96,142.61,139.59,157.85,141.84,160.25,133.98,98.784,92.253,113.02,90.828,110.07,111.32,127.9,132.21,98.444,160.8,81.902,115.72,128.22,131.19,59.294,50.772,33.38,53.356,129.4,123.76,130.38,154.59,173.83,181,176.28,163.11,154.24,72.792,73.931,77.82,85.021,93.984,109.49,125.3,96.9,130.33,131.01,101.82,101.78,113.4,108.79,127.83,133.71,130.2,127.45,144.47,140.92,121.48,124.08,135.99,134.87,107.39,92.871,86.281,96.726,109.48,80.418,111.83,78.706,71.179,40.014,55.503,59.531,70.201,61.912,125.75,90.554,73.492,71.34,47.164,35.622,57.629,38.919,42.114,43.293,55.852,22.659,44.669,26.525,47.504,27.817,28.978,10.892,25.745,11.801,16.72,25.535,4.6044,85.839,85.06,78.462,61.866,65.72,70.774,42.471,49.981,45.214,44.346,60.418,52.299,37.872,34.594,38.482,36.954,40.768,45.832,41.737,52.211,53.093,48.995,49.774,27.191,26.319,27.755,27.16,30.253,33.531,36.669,47.14,46.395,48.092,48.141,47.708,48.569,55.284,52.737,63.887,47.093,52.519,64.671
1994,8,38.764,29.312,26.037,27.342,16.001,18.024,18.17,10.418,17.63,7.8255,9.4744,8.919,8.6077,7.411,8.9426,19.211,18.295,12.613,22.398,15.14,42.474,38.785,37.846,38.969,40.736,41.05,23.75,31.844,28.98,19.322,3.2327,29.385,15.162,20.153,43.516,36.668,33.92,25.872,28.214,22.826,15.269,0.017169,61.289,63.646,25.388,17.438,51.43,12.467,10.88,2.5182,0.61864,0.013782,0.01325,0.013199,2.1879,6.6768,0.019627,5.1654,0.020383,0.020303,0.86297,0.022293,0.021219,8.9432,4.6865,0.59321,5.2588,4.5209,5.9362,4.1911,0.15602,0.54645,8.0158,14.39,2.7956,0.63313,1.2315,1.4937,12.485,12.636,13.285,13.598,14.532,13.204,10.583,9.256,3.5406,2.8029,2.2089,9.2523,14.671,17.44,21.568,22.905,26.27,27.661,28.381,27.724,26.833,26.608,27.075,28.692,27.583,29.808,29.333,29.57,29.095,28.635,36.756,31.876,31.523,33.859,37.272,29.616,29.904,32.739,31.885,29.413,30.151,32.625,41.218,43.952,50.196,50.175,47.903,53.821,50.707,51.655,51.193,59.231,64.286,61.892,70.302,67.439,72.091,76.78,78.143,77.406,86.455,87.174,54.385,72.867,51.382,52.095,54.351,56.701,55.324,50.053,50.677,53.683,65.66,64.482,82.551,78.107,72.254,64.886,69.047,86.774,77.942,89.145,92.537,97.282,76.044,84.687,61.891,62.606,61.003,50.626,72.749,46.445,56.687,54.079,68.289,65.779,70.688,60.623,80.521,75.907,66.434,66.398,77.08,86.244,81.23,86.481,83.819,85.49,82.272,68.44,57.387,52.961,56.358,59.523,75.107,42.004,42.401,44.261,44.039,42.893,40.388,33.35,42.814,41.973,45.405,33.197,30.54,33.064,33.695,41.074,38.256,44.213,64.677,67.341,62.698,43.837,54.724,67.945,76.61,66.977,65.541,57.169,69.276,66.47,49.712,70.262,50.17,68.536,66.287,62.939,61.391,53.363,47.118,91.412,70.19,66.998,51.225,48.759,54.666,49.722,40.344,32.345,25.133,23.24,12.829,17.848,13.018,48.443,15.839,13.627,7.2574,12.877,7.6659,9.7229,12.815,3.6334,42.962,42.25,39.609,31.531,32.812,36.588,25.754,27.15,25.22,23.815,41.893,33.556,32.322,28.886,20.359,21.695,22.167,25.566,23.498,28.103,30.205,30.782,29.436,14.667,14.283,15.647,14.624,16.552,19.94,21.121,26.16,26.263,29.21,31.037,28.875,31.33,30.773,31.225,28.913,28.086,28.307,28.358
1994,9,31.474,32.414,21.353,22,17.05,19.63,33.714,16.923,16.559,12.88,13.434,13.294,13.255,12.957,13.992,21.707,55.286,44.929,43.247,26.285,37.954,44.362,49.474,47.511,46.534,33.949,17.484,20.623,22.063,20.805,11.182,27.374,18.421,21.008,24.691,24.548,23.088,20.131,21.605,18.498,13.166,0.0084874,30.262,24.851,12.06,8.9126,20.978,7.1092,5.4928,1.1281,0.37992,0.0051212,0.0049235,0.0049044,0.84732,2.7703,0.007293,10.333,0.025453,0.17761,1.4602,0.7141,0.17003,13.563,5.4498,1.803,3.1986,2.8516,3.654,2.6678,0.47465,0.20305,3.9362,6.5801,2.0019,0.57534,1.0149,1.1873,24.098,22.376,21.611,21.873,17.068,13.002,6.4438,7.1143,2.3696,1.7765,1.4077,6.3695,13.901,26.19,29.391,21.023,27.346,29.055,28.078,22.984,20.82,20.333,22.074,26.881,24.684,29.872,27.386,27.603,27.727,27.683,56.002,51.239,45.732,46.117,54.403,30.297,32.738,44.155,38.887,30.282,38.266,44.309,48.502,57.221,56.021,58.305,56.752,65.917,62.109,58.522,57.025,61.913,56.529,52.479,53.237,54.798,58.862,69.984,72.17,78.311,80.127,80.584,29.314,89.824,41.874,37.653,31.983,29.626,29.129,28.062,29.131,32.631,58.234,62.908,113.36,105.26,92.921,75.808,97.155,39.786,40.289,47.424,49.034,48.395,60.134,64.615,90.519,113.74,59.032,67.234,64.969,70.411,83.12,79.587,96.442,107.12,111,75.995,101.94,104.94,104.21,77.233,92.098,83.671,82.377,81.316,35.476,35.451,35.501,34.744,38.181,40.388,35.306,29.736,34.526,33.655,33.076,30.582,31.684,33.045,34.644,35.738,35.305,36.516,36.475,37.938,34.382,35.609,34.665,33.338,34.74,32.251,35.834,34.281,32.006,33.495,36.026,33.501,35.097,34.447,33.938,35.207,35.091,37.354,30.403,38.357,29.42,30.482,25.642,27.249,27.228,27.869,21.892,45.487,58.17,47.72,62.637,67.603,67.231,40.144,48.509,39.31,33.469,17.512,30.487,11.028,5.8304,19.514,7.5386,7.6023,3.2212,5.5852,3.2103,4.3739,9.062,1.4312,66.756,63.565,59.082,49.169,49.617,53.985,50.867,56.462,45.206,52.902,63.762,65.82,68.066,74.175,72.398,68.979,54.414,39.309,50.564,32.94,29.079,29.577,30.614,37.381,38.054,41.733,35.9,41.341,50.045,51.138,33.436,36.114,28.82,28.885,27.985,28.736,27.672,28.116,25.087,26.708,26.215,24.665
1994,10,75.477,58.463,54.361,49.636,43.973,45.987,49.917,72.253,36.418,72.666,59.539,66.034,60.845,62.184,68.59,71.944,41.952,39.998,46.451,54.001,76.835,63.081,56.471,59.354,47.325,54.265,43.369,45.354,58.307,60.71,61.466,67.626,58.336,53.176,45.345,51.332,48.632,41.231,45.854,45.959,45.363,25.627,41.757,32.212,19.063,18.032,29.73,26.89,18.784,16.309,19.793,14.903,3.2525,4.9173,10.266,3.8027,0.0027099,24.082,2.6787,2.5886,5.1248,3.0474,0.51324,22.14,8.949,4.9866,2.0788,2.3098,2.2689,1.8018,1.431,0.31647,2.4407,3.6905,1.1552,0.3487,0.63382,0.76168,46.336,42.682,42.778,43.273,34.026,24.11,8.1253,9.9413,4.7705,1.26,2.9024,11.96,26.742,41.754,43.839,31.233,39.734,40.841,39.095,42.22,43.423,43.784,43.305,46.039,46.897,56.918,52.189,52.74,53.497,53.925,90.493,88.307,82.278,81.861,85.579,60.172,63.492,77.564,70.559,58.579,70.084,75.702,64.625,78.385,67.521,71.114,69.167,75.214,75.923,69.699,66.971,67.779,59.312,54.887,52.856,54.274,57.437,62.374,63.419,64.327,61.508,62.711,68.316,88.911,75.401,72.402,69.545,71.17,65.136,45.066,48.721,55.562,69.166,77.217,82.898,75.743,66.576,62.894,63.831,60.512,69.066,59.022,55.697,52.099,67.369,59.185,63.506,58.056,80.08,88.939,72.207,91.701,79.403,82.175,62.952,59.111,62.595,61.289,65.427,63.216,66.94,68.513,63.327,63.407,63.031,62.514,60.241,59.15,63.484,72.634,77.758,79.719,80.944,79.407,66.591,85.796,85.036,81.793,82.456,83.208,83.701,82.688,83.419,79.276,77.913,78.825,79.529,81.988,77.236,78.366,79.886,76.968,69.324,69.402,68.241,70.923,57.221,58.666,56.193,45.548,36.847,43.919,35.85,36.744,36.825,35.814,34.767,32.701,26.011,28.551,28.849,32.316,27.141,56.221,77.188,72.689,90.012,97.416,109.83,66.012,83.295,67.345,55.083,38.478,58.173,26.325,14.924,20.463,12.084,19.447,9.5836,7.9675,2.8901,7.319,18.506,2.3491,90.626,88.497,91.537,91.438,91.998,90.744,86.619,81.55,66.905,60.56,83.715,80.613,84.395,86.234,70.774,73.605,60.535,48.858,59.988,43.787,38.403,36.828,39.425,72.341,72.952,75.612,67.918,69.041,73.213,65.9,45.141,46.788,37.648,35.703,37.203,35.395,37.197,36.272,39.858,36.828,37.881,40.445
1994,11,24.36,20.731,19.205,19.887,18.232,17.882,19.702,23.331,15.842,22.956,20.793,21.906,21.076,21.413,22.524,24.189,18.244,17.767,19.775,21.423,24.959,23.125,22.012,22.431,20.648,21.843,20.322,20.796,23.832,24.377,23.335,25.962,23.779,23.515,20.905,23.491,22.832,21.28,22.28,21.42,19.903,12.58,17.133,14.215,9.7387,9.3532,13.481,12.219,9.5636,8.6795,9.8203,8.2483,2.6374,3.6991,6.3742,2.6861,0.0010069,11.474,2.2286,2.1102,3.542,2.2673,0.39744,10.882,5.3404,3.3762,1.2116,1.4149,1.2773,1.0611,1.0838,0.26051,1.4422,2.0343,0.66859,0.21055,0.38746,0.47138,19.112,18.276,18.65,19.01,16.215,11.956,4.9503,5.818,3.3394,0.81003,2.2008,6.918,13.491,22.538,27.175,24.657,31.794,33.375,32.818,38.901,41.335,41.963,40.135,35.224,36.346,32.756,34.643,34.641,34.376,34.334,27.123,27.7,28.203,28.162,27.51,32.622,32.28,29.906,31.049,33.321,31.227,30.202,26.467,26.104,24.353,24.172,23.752,25.066,25.086,23.949,23.415,23.805,22.126,21.05,20.73,21.006,21.862,22.9,23.149,23.562,23.001,23.206,21.345,27.287,23.398,22.705,21.809,21.72,20.891,17.504,18.31,19.822,23.557,24.862,27.161,25.967,24.226,23.116,23.791,21.199,22.51,21.467,20.951,20.215,23.48,22.213,24.098,24.007,25.429,27.211,24.308,27.706,26.393,26.582,24.108,23.874,24.179,22.827,24.189,24.101,25.184,24.613,23.563,23.404,23.245,23.193,22.565,22.151,22.189,22.595,23.414,23.81,23.505,22.709,21.626,27.398,26.976,25.291,25.283,25.195,24.72,23.81,25.597,23.706,23.634,23.66,23.302,23.825,23.117,23.196,23.454,22.978,23.082,22.392,21.628,22.275,20.646,20.409,20.104,18.053,16.294,18.079,16.124,16.222,15.839,16.086,15.197,14.823,12.333,13.227,13.316,14.409,12.625,20.851,24.9,24.075,27.591,29.845,34.102,23.396,28.312,24.334,19.931,15.481,20.002,12.084,8.2071,10.267,7.0005,9.8511,5.9768,5.0323,1.9372,4.724,9.5428,1.7863,27.318,26.957,27.492,27.639,27.699,27.506,27.816,28.879,30.202,32.902,26.295,27.521,29.276,34.095,33.028,33.556,32.809,33.277,33.005,33.352,31.946,30.403,31.62,28.964,29.714,30.411,27.759,29.58,31.843,32.136,32.57,32.319,31.299,29.961,31.437,29.851,32.053,31.037,35.746,31.87,33.155,36.386
1994,12,11.584,8.256,9.9638,16.424,9.4318,9.4868,9.8976,9.9418,6.3628,9.7513,8.7177,9.2431,8.8691,9.0641,9.557,10.343,8.3991,7.6481,9.5832,9.0873,10.597,9.4545,8.889,8.9671,13.186,9.1661,9.1557,9.2921,10.614,10.886,10.437,11.49,10.652,10.623,9.282,10.63,10.362,9.805,10.17,9.7012,8.8786,5.3578,6.4755,9.0069,3.6187,3.4754,5.6362,4.7053,3.5536,3.2251,3.6896,3.1021,0.98001,1.3745,2.3685,0.99808,0.00037416,4.2634,0.82811,0.78409,1.3161,0.84248,0.14768,4.0434,1.9844,1.2545,0.45019,0.52574,0.4746,0.39427,0.4027,0.0968,0.5359,0.75589,0.24843,0.078234,0.14397,0.17515,7.9124,7.604,7.8991,8.3125,6.9077,4.6915,1.8394,2.1618,1.2408,0.30099,0.81776,2.5773,5.6215,10.432,12.648,11.768,14.449,14.989,14.786,16.617,17.258,17.418,16.96,15.632,15.979,14.836,15.496,15.499,15.413,15.401,10.827,11.489,12.124,12.094,11.363,14.777,14.621,13.258,13.99,15.047,14.084,13.45,11.554,10.519,9.7373,9.2767,9.1,9.5941,9.6616,9.1695,8.9424,9.0698,8.3879,7.9555,7.8336,7.9199,8.2671,8.5294,8.6178,8.8162,8.5467,8.6228,8.003,10.141,8.6943,8.4365,8.1039,8.0707,7.8455,10.1,9.5442,8.0717,8.7531,9.2382,10.092,9.6489,9.2495,8.5893,8.8597,12.535,16.59,12.253,10.756,10.493,13.277,10.398,9.437,9.5751,10.833,10.647,9.2895,10.9,10.194,10.243,9.2714,9.3828,9.2536,8.5026,9.0127,9.1382,9.7954,9.4483,8.7744,8.6964,8.6372,8.6179,9.2952,9.0416,8.7598,8.4846,8.7002,8.8472,8.8435,8.4554,9.099,11.701,11.456,11.512,10.724,10.328,9.7351,8.9487,10.438,8.9927,9.0056,8.9615,8.7363,9.0125,8.6827,8.7244,8.8089,8.6645,9.0903,8.553,8.0365,8.3535,7.8356,7.5999,7.4703,6.7134,10.355,7.1501,6.4562,15.863,9.5121,6.1674,8.273,5.6411,4.592,4.9254,4.9527,6.5085,4.8327,9.4389,9.4194,9.3514,11.011,12.382,14.755,10.945,12.116,10.222,7.8833,8.2111,7.4797,4.4901,3.0496,3.815,2.6012,3.6604,2.2208,1.8699,0.7198,1.7553,3.5459,0.66376,10.718,10.586,10.995,11.369,11.376,11.164,11.678,12.463,13.613,14.86,10.289,11.438,12.488,15.093,14.813,15.032,14.836,15.023,14.914,15.015,14.492,13.951,14.391,13.578,14.229,14.356,12.834,13.784,14.549,14.601,14.755,14.672,14.267,13.789,14.309,13.749,14.514,14.165,15.695,14.448,14.876,15.89
1995,1,5.1296,3.229,4.8981,9.0845,4.4209,4.684,4.6895,3.7326,3.4667,3.6234,3.2393,3.4345,3.2956,3.368,3.5511,3.8447,3.7967,3.1632,4.3867,3.3766,4.1933,3.5859,3.3434,3.332,7.9338,3.4059,3.402,3.4527,3.9441,4.0448,3.8783,4.2695,3.9581,3.9473,3.449,3.9546,3.8502,3.6433,3.7791,3.6047,3.2991,1.9908,2.4061,5.4482,1.3446,1.2914,2.3997,1.7484,1.3486,1.1984,1.371,1.1527,0.36415,0.51074,0.88008,0.37086,0.00013903,1.5842,0.30771,0.29135,0.48905,0.31304,0.054874,1.5024,0.73735,0.46615,0.16728,0.19535,0.17635,0.1465,0.14964,0.035969,0.19913,0.28087,0.092312,0.02907,0.053496,0.065083,2.94,2.8315,2.9351,3.1989,2.5686,1.7433,0.68348,0.80329,0.46107,0.11184,0.30386,0.95765,2.0888,3.8782,4.6998,4.3725,5.3688,5.5694,5.4942,6.1744,6.4127,6.4722,6.302,5.8083,5.9376,5.5127,5.758,5.7592,5.7271,5.7225,4.0229,4.2689,4.5048,4.4939,4.2221,5.4908,5.433,4.9262,5.1984,5.5913,5.2334,4.9977,4.2933,3.9085,3.6182,3.447,3.3814,4.5647,3.8724,3.4072,3.3228,5.4273,3.6654,2.9561,3.8247,2.9429,3.0719,3.1693,3.2022,3.2759,3.1757,3.204,3.0166,6.2303,3.2306,3.1348,3.0112,2.9989,2.9653,5.2859,4.8083,3.3972,3.2525,3.462,7.0129,4.0822,3.8774,3.1916,3.292,6.4701,8.5744,6.2714,5.3364,5.2415,6.7128,4.9079,3.6046,3.5579,4.9028,4.0432,3.5953,4.0572,3.788,3.9761,3.445,3.4864,3.4384,3.1594,3.3489,3.3956,3.6397,3.5108,3.2603,3.2314,3.2094,3.2022,3.4539,3.3596,3.2549,3.1527,3.2328,3.2874,3.352,3.1418,3.9576,4.3479,4.2568,4.8543,4.1924,3.9063,3.6173,3.3251,3.8784,3.3415,3.3463,3.3299,3.2462,3.3488,3.2263,3.2418,3.2732,3.2195,3.3778,3.1781,2.9862,3.104,2.9115,2.8239,2.7758,2.4962,5.7984,2.7946,2.5216,11.525,5.3129,2.2917,4.3354,2.0961,1.7063,1.8302,1.8403,3.0385,1.8807,4.368,3.5024,3.5083,4.0913,4.6008,5.4825,4.8512,4.516,3.8381,3.5772,9.2612,2.7793,3.847,1.1331,1.4177,0.96656,1.3601,0.82521,0.69481,0.26746,0.65224,2.9941,0.24664,3.9826,3.9335,4.0856,4.2244,4.2269,4.1482,4.3393,4.631,5.0582,5.5215,3.8232,4.2502,4.6402,5.6081,5.5113,5.5985,5.5216,5.5822,5.5463,5.5793,5.385,5.1839,5.3474,5.3918,5.7771,5.747,5.0046,5.3934,5.5568,5.4857,5.4826,5.452,5.3011,5.1237,5.3168,5.1087,5.3931,5.2635,5.8318,5.3686,5.5276,5.9044
1995,2,49.763,26.582,16.798,23.341,5.9526,15.263,52.774,15.939,4.1836,8.9793,6.0098,8.089,6.0122,5.3626,8.3107,26.208,112.47,108.36,106.3,56.991,51.603,55.448,74.415,66.872,129.4,54.612,32.572,42.338,26.126,10.53,2.113,20.009,8.4211,4.2201,26.644,18.549,14.09,2.6222,5.3966,3.1502,1.712,0.73975,0.89407,2.7066,0.49963,0.47985,1.6879,0.64965,0.51818,0.44529,0.50942,0.42831,0.13531,0.18978,0.32702,0.1378,5.1659e-05,0.58864,0.11434,0.10826,0.18172,0.11632,0.02039,0.58601,0.27398,0.17321,0.062158,0.072589,0.065528,0.054437,0.055601,0.013365,0.073991,0.10437,0.034301,0.010802,0.019878,0.024183,1.0934,1.2664,1.0906,1.2773,0.95444,0.64776,0.25397,0.29848,0.17132,0.041557,0.11291,0.35584,0.77616,1.441,1.7464,1.6247,1.9949,2.0695,2.0415,2.2943,2.3828,2.4049,2.3417,2.1582,2.2063,2.0484,2.1395,2.14,2.1281,2.1264,1.4948,1.5862,1.6739,1.6698,1.5844,2.0403,2.0188,1.8305,1.9316,2.0776,1.9446,1.857,1.5953,1.4523,1.3444,1.2808,1.2564,3.7303,1.8939,1.266,1.2347,6.9772,3.8439,1.0984,6.0532,1.0935,2.8392,1.2046,1.5469,3.4868,2.2043,1.489,11.401,3.4785,2.1059,1.3578,2.8383,7.1165,13.814,29.952,26.259,16.653,1.6375,1.3316,4.0385,1.8032,1.9002,2.4569,1.2232,4.7766,9.0953,5.8279,4.4727,4.3403,9.7565,7.4646,8.3983,1.5588,23.553,14.485,12.088,5.2972,1.4075,2.218,1.2801,1.4579,1.2776,7.304,1.2444,2.3181,2.5917,3.9276,1.2115,1.2603,1.1925,1.4891,1.2834,1.2484,1.2095,1.1715,1.2012,1.2215,1.2479,1.1674,1.4706,6.9996,9.4352,7.1176,24.741,37.308,34.519,20.274,12.256,15.503,12.104,22.348,7.0505,19.571,6.504,1.2046,12.551,1.2221,2.8103,1.1809,1.1096,1.3277,8.3157,1.0493,1.0314,0.92752,4.9293,1.0384,1.0452,22.163,3.3198,1.2991,2.0954,0.77887,0.63402,0.68005,0.68381,1.129,0.69882,5.1063,8.1196,1.3036,11.144,3.0871,2.0372,1.8026,1.6781,1.4262,2.1177,6.6252,1.0327,2.5043,0.42105,0.52678,0.35915,0.50539,0.30663,0.25818,0.099382,0.24236,2.1818,0.091645,2.0759,1.4616,1.6402,1.5697,1.5706,1.5675,1.6124,1.7208,1.8795,3.5944,16.855,12.124,4.6146,2.5839,12.894,6.7803,3.7689,2.0742,2.6035,2.0732,2.001,1.9262,1.987,2.0035,2.1466,2.1355,1.8626,2.4637,2.0965,2.0912,2.0372,2.0258,1.9698,1.9038,1.9756,1.8983,2.004,1.9558,2.167,1.9948,2.0539,2.194
1995,3,33.348,31.6,25.308,43.615,28.204,32.785,59.583,41.838,37.927,34.257,33.46,34.621,31.765,28.871,32.672,46.484,79.258,80.43,79.609,64.248,35.625,46.641,60.405,55.807,86.457,59.978,59.105,62.256,41.371,21.358,5.4119,27.707,19.587,7.6123,43.247,26.769,22.329,3.7065,9.1714,5.6047,3.7133,0.27487,0.71171,21.241,2.9364,3.5395,19.491,5.4758,5.1127,2.4328,1.7859,0.30222,0.050278,0.070517,0.52802,5.3031,1.9195e-05,10.404,0.19675,0.040227,0.067522,0.043222,0.0075764,7.6122,0.19756,0.06436,0.023096,0.026972,0.024349,0.020227,0.02066,0.0049662,0.027493,0.03878,0.012745,0.0040137,0.0073861,0.008986,30.314,32.234,28.925,33.975,20.146,12.513,0.63042,1.1446,0.063659,0.015442,0.041954,0.24662,8.1654,7.2334,0.6489,0.60371,0.74127,0.76897,0.75858,0.85249,0.94608,1.0422,0.87011,0.80195,0.8198,3.9642,3.0087,4.9173,1.8364,0.85131,13.967,10.971,9.1434,13.925,25.979,6.0904,4.4636,19.806,15.1,2.2075,2.7971,12.582,5.6552,36.259,24.02,15.013,4.3689,52.684,44.8,14.961,6.3931,57.085,41.031,8.8622,48.845,12.534,38.427,14.339,16.39,20.384,8.1382,4.7897,9.2776,1.3479,1.4913,0.61961,2.2568,6.08,11.286,22.717,20.622,14.694,1.4852,0.6964,1.5006,0.67005,1.8176,2.469,0.45453,4.3232,10.13,5.3905,3.7297,3.5737,9.8182,7.4318,6.9404,0.71968,36.089,39.627,25.565,39.756,17.302,45.218,0.54847,0.63889,0.47474,6.9045,0.46238,2.945,6.0032,32.077,0.49435,3.2013,0.55106,4.8626,1.576,2.6608,0.44941,0.43529,0.44635,0.45389,0.46511,0.43379,0.54643,8.3796,10.896,8.8942,21.588,26.591,24.796,17.126,13.423,15.908,13.941,20.354,7.8428,17.209,7.4971,0.44759,12.159,0.47142,5.8014,0.4388,0.4123,0.60403,10.505,0.3899,0.38325,0.34464,13.336,1.9272,2.4601,27.63,11.391,1.9772,8.7431,0.31083,0.40103,0.55622,1.1321,5.7608,5.4785,4.6007,12.178,2.1075,19.864,7.5329,2.9023,9.3744,7.6723,15.976,32.908,39.057,22.402,34.286,5.6568,5.0621,1.0673,13.498,4.3278,3.3913,6.0012,12.301,45.246,5.715,34.254,29.234,23.462,6.5452,9.9723,15.458,3.0493,16.036,1.6834,18.331,25.644,32.489,21.374,23.647,68.165,49.928,24.032,0.77073,14.345,0.77034,0.74351,0.71573,0.73831,44.653,31.821,36.595,49.273,48.23,29.794,19.548,0.75698,0.75275,0.73192,0.70742,0.73409,0.70535,0.74462,0.72673,0.80519,0.74124,0.76319,0.81522
1995,4,15.027,14.3,12.003,18.151,13.427,14.734,23.195,17.844,14.369,15.043,14.132,14.828,13.656,12.747,14.221,19.624,29.045,30.619,31.246,28.406,16.518,20.184,25.83,24.918,36.116,31.883,37.083,36.593,22.916,12.132,3.722,13.728,11.542,4.9313,26.979,17.917,15.958,3.2691,7.353,4.7382,3.8029,0.10214,0.48602,17.25,2.9483,4.7878,15.444,9.1824,8.7179,5.9645,4.7409,0.80484,0.11172,0.58065,1.7079,4.4825,7.1326e-06,10.741,0.32344,0.49067,0.43015,0.61331,0.46072,20.505,9.6044,4.1921,7.4502,6.7527,9.0925,6.7904,0.91342,0.098188,3.8724,7.1764,4.7704,1.9194,2.8416,3.6102,24.463,27.47,25.883,28.145,25.863,25.561,14.561,15.542,3.9872,2.9696,2.2488,8.4135,19.717,13.341,0.75201,0.22433,0.27544,0.28573,0.28187,0.80007,1.2632,1.4324,0.67981,1.28,0.30462,11.647,9.6099,13.271,6.6951,2.8425,15.009,15.007,14.673,18.077,20.358,15.075,9.9147,15.937,16.315,6.5291,3.4752,10.795,4.0059,17.193,11.29,8.2347,3.2429,17.766,16.922,8.2161,4.4551,18.617,15.071,5.7273,16.727,7.3106,14.63,8.1339,9.0721,10.53,5.5067,3.6447,5.3445,4.35,1.2377,0.24063,1.2403,3.2416,7.98,28.476,23.894,15.951,6.8081,4.6401,6.9256,3.617,7.8631,4.0999,0.16889,4.9547,15.474,4.3861,2.1018,1.8226,9.0528,4.2641,3.3821,0.26742,32.54,27.389,15.786,22.544,9.0233,15.742,0.24782,0.2374,0.1764,3.962,0.17181,1.8769,3.9755,13.349,0.2105,2.5066,0.26974,3.6247,1.3932,2.8269,0.16699,0.16174,0.16585,0.16866,0.98885,0.24538,0.69087,4.7065,5.9447,5.0273,10.842,12.969,12.285,8.8804,7.1249,8.806,8.0803,10.558,4.3146,8.9218,4.1868,0.16631,7.5811,0.17615,4.7572,0.16305,0.1532,0.74492,12.588,0.14488,0.14241,0.88582,31.699,10.772,21.498,58.8,23.99,31.663,20.328,1.7151,0.24796,0.99856,2.4117,11.279,7.3017,2.593,9.8095,1.6147,16.455,5.1268,2.123,7.6748,5.1123,10.227,21.139,25.228,14.126,21.078,5.5844,4.6672,1.9035,10.284,3.4335,4.7949,4.5101,7.8762,20.312,4.192,19.607,17.499,21.065,11.5,15.605,20.638,4.7802,15.211,2.8223,14.949,24.248,23.479,14.09,11.038,23.916,19.432,16.522,0.40532,12.266,0.28624,0.28502,0.26595,0.27434,19.935,16.053,17.032,22.507,21.941,15.347,13.121,0.28128,0.30589,0.27196,0.26286,0.27277,0.26209,0.56785,0.47322,0.29919,0.27543,0.28358,0.30292
1995,5,5.6786,5.4219,4.4606,7.7946,5.54,5.8365,10.295,7.7005,6.3171,6.2161,5.7156,6.031,5.3473,4.8569,5.6075,8.3355,15.05,14.975,14.769,12.908,6.8453,9.5672,12.681,11.716,17.091,14.476,16.348,16.224,10.67,5.3072,1.383,5.6001,5.1119,1.9874,12.588,8.6367,7.8212,1.7019,3.6975,2.3759,2.0275,0.037952,0.18059,21.311,10.686,14.606,14.588,8.6289,16.902,12.366,5.7142,0.74639,0.52937,2.4303,9.3965,1.9897,2.6503e-06,5.7158,0.21473,0.45713,0.39566,0.56834,0.43623,10.256,6.0944,3.2484,5.0841,4.725,5.8723,4.7451,0.8389,0.094563,3.0474,4.9442,3.6104,1.6678,2.3512,2.8775,11.741,12.862,12.283,13.106,12.226,11.997,8.074,8.4309,3.1178,2.4404,1.9139,5.5394,9.9864,7.3904,0.57342,0.083354,0.10235,0.10617,0.10474,0.65911,1.2168,1.3575,0.48052,1.1882,0.11319,9.052,8.3843,10.679,6.1833,2.7911,7.8532,7.9993,7.9444,9.3282,10.042,10.839,6.7851,8.0382,8.6604,5.2415,2.0334,5.5076,1.4885,7.9082,4.3955,3.0599,1.205,7.2109,7.1711,3.0529,1.6554,7.4125,5.7149,2.1281,6.3688,2.7164,5.6289,3.1071,3.5774,4.1681,2.2024,1.4942,4.0702,13.498,2.1936,0.12263,0.59691,1.3675,4.7723,15.991,14.238,10.423,7.7788,8.9412,14.113,7.8703,9.8253,4.3585,0.062757,7.5573,15.954,5.8921,2.6356,2.0362,9.3961,2.6973,1.2676,0.099366,16.013,12.821,7.4578,10.725,3.3602,6.1,0.092083,0.088211,0.065547,1.8709,0.063841,0.69742,1.4772,5.0752,0.078215,0.97392,0.10023,1.4287,0.64474,1.4831,0.062049,0.0601,0.061627,0.062668,2.0764,0.14865,1.5968,1.7488,2.2089,1.868,4.1696,5.067,4.8202,3.4427,2.6474,3.5997,3.3816,4.1821,1.6032,3.4408,1.5631,0.061799,3.4598,0.065455,2.2978,0.060585,0.056926,0.57382,8.0936,0.053833,0.052915,1.1027,22.438,9.4377,18.362,29.183,15.224,20.556,13.915,4.6274,1.0624,2.8207,4.6606,10.188,12.004,1.8359,5.4608,0.6,8.2797,2.0814,0.78886,4.5457,1.8996,4.646,10.27,16.059,6.7881,12.461,4.6989,12.351,13.754,5.23,1.3496,10.609,1.7922,3.2954,9.4494,1.5799,9.4213,8.4564,10.405,6.5252,8.3167,10.324,2.949,7.8482,1.8953,7.6048,11.663,11.26,6.7853,4.165,10.539,8.4708,8.1116,0.22212,6.2893,0.10636,0.11124,0.098821,0.10194,9.255,7.3931,7.7668,10.571,10.274,7.0446,6.3472,0.10452,0.12957,0.10106,0.097673,0.10136,0.097387,0.45789,0.33908,0.11117,0.10234,0.10537,0.11256
1995,6,21.795,12.188,4.6345,6.599,4.3039,6.2042,10.404,2.9971,4.9082,2.3717,2.2629,2.3093,2.0231,1.8063,2.0915,3.1243,18.237,15.321,12.667,7.3417,29.098,24.404,22.85,22.67,16.258,14.837,8.4873,7.8502,3.9647,1.9721,0.5139,2.0809,1.8994,0.73847,5.7212,3.2092,2.9062,0.63239,1.3739,0.88284,0.75337,0.014102,12.176,22.968,10.349,12.282,14.691,5.8984,12.156,9.0505,3.4819,0.33868,0.44732,1.9383,9.4573,4.5751,9.8479e-07,11.49,7.5199,13.915,14.738,21.935,29.579,32.648,33.668,29.7,35.19,35.896,38.276,36.229,27.889,13.326,16.204,10.082,29.05,22.249,25.18,28.346,22.518,25.946,24.52,25.479,26.034,29.862,30.052,33.963,19.313,22.566,16.368,20.933,24.94,24.577,11.982,5.4468,2.0543,1.7122,2.3926,17.542,19.375,19.721,16.655,18.379,9.6633,28.727,28.704,30.709,26.459,21.964,17.156,19.926,23.072,24.411,18.813,30.008,24.803,17.42,22.634,24.277,12.075,13.729,1.6538,10.36,4.2493,1.6751,0.44775,5.0763,6.479,1.4309,0.61511,5.8275,4.7934,0.79076,6.6878,1.4813,7.5011,9.5522,11.688,16.529,19.626,18.07,71.916,48.493,73.472,67.195,70.966,72.079,81.18,96.778,94.492,88.525,70.559,61.861,46.908,50.045,64.123,67.411,41.923,45.416,54.924,45.535,40.774,38.109,57.457,44.292,59.258,20.273,40.089,25.455,28.936,16.012,6.7891,3.7971,12.866,18.956,9.8964,65.008,17.242,27.877,20.205,10.132,10.522,18.541,8.6832,18.466,20.879,19.806,9.8281,23.782,37.321,42.076,53.074,33.628,37.343,19.061,21.49,23.308,29.605,28.877,24.433,14.768,20.213,16.812,17.356,17.027,8.9207,15.716,11.67,4.8333,20.661,12.086,20.172,7.4193,2.7013,23.878,37.852,24.711,15.834,30.875,51.011,39.425,54.193,68.603,42.001,69.458,40.032,29.163,12.078,21.242,23.978,31.392,23.209,32.41,30.265,9.6151,25.532,11.203,0.29312,20.376,4.0979,14.635,18.178,20.777,7.9432,16.375,10.721,16.33,14.821,9.361,2.7633,14.446,2.875,3.1885,8.2976,1.4478,13.155,12.205,20.692,19.24,22.004,25.238,10.819,14.929,10.44,13.294,26.484,19.707,13.408,3.2968,6.5362,6.5159,12.129,7.4317,12.97,6.9448,12.495,11.048,6.7106,13.783,11.352,11.433,16.012,15.152,10.737,10.81,3.5576,7.8319,3.2779,10.385,1.8615,12.202,16.996,16.538,12.461,0.26129,1.4051,8.813
1995,7,120.81,61.652,56.121,70.045,68.052,60.127,44.038,35.146,9.9108,27.369,21.52,25.114,19.931,15.877,21.586,24.558,29.744,28.147,30.652,33.141,124.72,82.983,61.813,68.069,35.005,52.955,35.749,33.334,19.346,6.7389,0.41743,5.0033,7.2107,0.2744,26.237,6.4758,4.7962,0.23498,0.52646,0.32804,0.94763,0.0052399,62.13,45.107,23.821,23.569,35.572,16.907,20.068,15.602,9.045,3.3199,3.6668,6.0684,18.64,6.8715,3.6592e-07,12.653,11.577,17.888,22.237,24.741,30.572,25.465,24.101,23.544,23.632,25.567,24.148,24.397,27.284,19.412,16.667,11.959,19.53,17.451,18.608,19.914,42.014,42.381,45.109,46.945,43.783,34.093,26.33,25.886,21.49,18.546,18.797,26.344,37.905,43.766,31.446,14.333,11.152,9.7105,9.6115,21.337,22.328,22.613,21.205,21.024,15.588,23.729,23.627,24.322,22.683,20.965,41.434,33.842,32.917,36.182,44.162,23.192,25.179,36.197,32.571,23.707,28.654,37.103,46.106,54.149,61.434,55.459,42.486,70.481,63.471,57.065,48.717,76.107,78.537,63.965,86.845,86.631,101.73,147.18,154.31,165.02,203.64,212.18,245.83,268.42,233.23,221.8,207.17,200.86,200.56,189.78,193.5,197.13,212.65,235.61,248.28,238.05,227.73,219.57,226.83,178.41,186.91,183.6,182.55,179.62,204.79,191.12,234.78,231.61,87.617,73.081,123.49,66.525,112.33,86.428,191.21,223.89,223.08,225.5,223.28,225.88,197.71,125.74,208.58,214.5,207.75,210.6,273.17,266.42,248.97,230.11,227.35,225.76,204.73,178.63,173.67,154.88,153.43,141.9,143.57,141.88,134.18,118.68,150.94,140.75,150.21,109.64,107.08,118.09,111.59,136.93,128.01,145.44,205.74,205.98,139.93,121.48,97.282,136.83,144.18,113.54,80.446,85.648,79.868,90.083,85.482,87.988,83.585,63.647,46.035,58.311,60.884,73.796,52.17,151.82,97.452,83.553,64.693,50.932,18.201,64.693,43.417,58.813,49.972,42.725,23.174,19.126,16.941,34.8,27.438,12.717,5.4927,21.215,3.9135,3.072,6.7523,1.1611,58.083,54.309,47.492,29.601,31.065,40.292,28.531,36.633,25.455,35.929,66.812,59.296,53.531,37.518,44.043,42.563,40.811,23.592,38.964,18.128,18.192,16.693,15.119,64.315,64.762,62.687,62.745,60.614,52.039,45.413,17.245,23.305,10.303,15.559,7.904,16.463,19.484,18.931,17.891,3.9724,6.9625,15.748
1995,8,25.29,19.013,17.316,19.21,18.66,18.053,16.096,13.533,5.9495,11.824,10.31,11.27,9.8408,8.5407,10.321,11.163,13.394,12.831,13.387,13.573,26.141,22.555,19.969,20.768,14.667,17.995,14.195,13.606,9.7117,4.5966,0.28963,3.5659,4.8575,0.10196,11.77,4.3582,3.3498,0.087313,0.20532,0.12189,0.72982,0.001947,19.093,17.254,11.343,11.313,14.683,8.9455,10.119,8.4241,5.7032,2.6447,2.8674,4.2091,9.5924,4.0788,1.3597e-07,6.7683,6.4739,9.2131,10.925,11.855,13.862,12.207,11.597,11.407,11.348,12.152,11.538,11.67,12.784,9.8581,8.578,6.4984,9.5488,8.7329,9.2141,9.7689,16.622,16.874,17.33,17.736,17.118,14.961,12.452,12.297,10.63,9.2691,9.5529,12.4,15.759,17.098,13.797,8.1497,6.9313,6.2834,6.1614,11.426,11.988,12.147,11.452,10.884,8.7038,11.567,11.649,11.901,11.243,10.569,16.722,14.634,14.558,15.691,17.771,11.237,12.238,16.008,15.011,11.701,13.696,16.383,19.191,20.213,22.156,20.342,18.142,23.802,22.112,20.834,19.683,25.089,25.642,23.3,27.402,26.443,28.937,32.029,32.725,34.381,35.751,35.617,36.195,48.34,33.002,32.421,32.319,32.285,32.805,33.42,33.412,33.641,37.294,41.247,47.952,45.095,42.304,39.185,40.993,30.315,31.55,31.162,30.787,30.311,34.192,33.107,39.122,41.121,25.217,23.793,28.625,22.783,29.172,26.736,35.562,39.466,39.55,37.969,39.19,40.286,38.332,31.798,36.289,36.2,34.745,35.792,31.707,31.121,29.273,30.349,31.078,31.2,31.221,29.092,29.268,26.853,27.024,26.622,27.219,27.071,26.291,24.423,26.755,25.903,26.427,24.07,22.918,24.492,23.596,24.03,25.593,25.579,29.008,27.409,23.813,25.44,24.743,26.595,26.238,25.898,24.301,24.427,24.198,26.309,24.757,25.767,24.349,20.575,16.664,19.315,19.901,22.419,18.542,28.399,25.298,21.88,21.911,18.596,9.3761,20.783,15.652,19.095,18.112,16.919,11.134,9.6961,8.891,14.62,12.593,6.9713,3.5086,10.549,2.3505,1.6451,3.4263,0.51904,20.836,19.913,18.405,13.387,13.889,16.569,12.805,15.093,11.967,14.992,22.798,20.518,18.903,14.424,15.841,15.584,15.939,11.634,15.643,9.7952,9.7519,9.0568,8.5097,19.5,19.299,19.046,19.517,19.155,17.527,16.543,9.3608,11.501,6.3873,8.5435,5.2472,8.9036,10.254,9.9717,9.8343,3.1111,4.828,8.9963
1995,9,12.68,8.8065,7.3837,7.1379,6.9337,6.8969,5.9808,5.0286,2.2107,4.3937,3.8308,4.1877,3.6566,3.1735,3.8352,4.1478,4.9771,4.7679,4.9744,5.0435,10.23,8.4249,7.4199,7.7169,5.4498,6.6864,5.2746,5.0558,3.6087,1.708,0.10762,1.325,1.8049,0.037886,4.3734,1.6194,1.2447,0.032444,0.076293,0.045293,0.27118,0.00072347,8.6957,7.2229,4.2149,4.2038,5.4781,3.3239,3.76,3.1302,2.1192,0.98272,1.0655,1.564,3.5643,1.5156,5.0523e-08,2.5149,2.4055,3.4234,4.0595,4.4063,5.1558,4.5923,4.3334,4.2604,4.2204,4.52,4.2953,4.343,4.7571,3.663,3.1874,2.4147,3.5495,3.2449,3.4239,3.6322,6.2055,6.3048,6.4548,6.6031,6.3648,5.5762,4.6279,4.5833,3.95,3.4442,3.5497,4.6076,5.8586,6.406,5.2372,3.171,2.734,2.4918,2.4397,4.9772,5.4975,5.6512,5.1281,4.3709,3.5823,4.4172,4.5642,4.6554,4.3786,4.1134,7.2269,5.637,5.657,6.4423,8.1266,4.2282,4.8661,7.625,6.6742,4.6309,6.3671,8.1894,11.846,11.237,13.849,12.907,12.107,15.182,13.457,13.47,13.285,16.39,17.284,16.554,18.836,18.543,19.557,20.67,21.014,22.131,22.52,22.364,24.273,36.328,13.798,14.514,16.627,18.227,18.389,17.777,17.695,19.072,26.059,29.873,36.427,33.755,30.26,27.001,28.899,14.857,15.619,16.878,16.78,16.228,19.863,19.586,24.445,27.945,11.176,11.623,15.225,12.038,18.691,17.605,23.792,26.788,27.766,24.021,26.915,26.838,25.158,20.995,24.104,23.131,22.632,22.611,23.462,21.719,19.045,17.018,13.991,12.782,13.376,12.968,13.45,12.522,12.083,10.319,10.773,11.16,11.466,11.959,12.906,12.913,13.394,10.584,11.148,11.507,11.505,12.618,12.27,12.876,16.405,14.283,10.774,11.653,11.23,11.821,12.253,12.061,10.724,11.202,10.24,11.463,11.479,10.75,11.455,8.953,7.7133,8.8875,9.1758,10.99,7.7644,13.565,11.046,9.4329,9.4875,7.7557,3.5461,8.7587,6.0063,7.3615,7.1788,6.5829,4.1517,3.6028,3.3037,5.5109,4.6791,2.5904,1.3037,3.9199,0.87341,0.61129,1.2731,0.19286,10.825,10.268,8.2586,5.0778,5.289,6.6167,4.8296,5.7799,4.495,5.766,10.171,8.7673,7.8315,5.5319,6.145,5.9273,6.1055,4.5628,5.9833,3.8725,3.8455,3.5381,3.341,7.2458,7.171,7.0771,7.2521,7.1192,6.5324,6.2173,3.652,4.4662,2.5014,3.3315,2.0496,3.4715,4.0529,3.9176,4.05,1.1923,1.9138,3.7548
1995,10,44.01,43.798,17.642,2.7338,2.9459,15.099,22.784,17.093,8.584,16.007,12.584,13.922,12.098,11.689,13.349,21.794,32.521,32.954,40.305,23.556,43.141,43.43,38.931,37.465,60.864,31.293,28.567,25.553,20.918,11.02,5.8159,21.178,11.421,8.7187,24.76,25.244,21.012,10.682,13.892,12.022,9.4445,2.9436,15.782,18.893,8.2446,7.5214,16.805,10.654,7.1912,7.0404,7.5286,6.275,5.4456,6.4467,7.0001,3.1513,0.055874,7.0325,5.8799,6.8214,5.7922,7.0191,6.9692,6.4265,4.9064,4.9021,2.8707,3.634,2.8991,3.1419,5.9386,3.3332,1.7527,0.98065,1.985,1.8488,1.9808,2.1913,4.1701,4.1079,3.5728,3.4852,2.9289,3.1716,2.2632,3.3356,1.9818,2.0379,1.8418,2.0869,2.5505,2.5344,1.946,1.1783,1.0159,0.9259,0.90655,2.0058,2.3215,2.4166,2.1214,1.6705,1.4047,1.671,1.7485,1.7836,1.6741,1.5736,5.3964,4.0163,3.3842,3.8743,5.4702,1.6264,2.1236,4.6776,3.5462,1.8652,3.492,4.9161,6.7923,7.5712,8.5148,8.7219,8.3634,10.029,9.1059,8.999,8.914,10.432,10.667,10.3,11.348,11.541,12.217,13.707,14.097,15.474,15.872,15.867,18.916,26.501,20.106,19.505,18.847,18.5,18.444,18.702,19.025,19.74,24.647,24.157,30.424,29.61,28.08,25.601,26.689,19.702,19.892,21.601,21.919,21.799,23.148,22.557,25.589,26.065,11.682,8.8012,14.366,9.0239,14.783,12.305,22.822,25.387,24.751,24.236,22.151,22.423,20.892,14.613,18.97,16.883,16.744,16.179,24.537,23.052,21.268,19.51,18.68,18.423,17.686,15.114,16.52,41.457,43.35,54.104,50.134,43.913,36.07,23.522,34.225,24.909,24.683,27.545,22.759,25.851,22.333,18.032,20.47,17.117,23.434,17.703,13.958,15.804,16.284,14.639,16.505,19.622,17.931,21.187,14.581,15.416,21.599,12.226,21.659,14.186,14.438,15.881,16.475,21.577,16.744,16.682,10.363,15.863,7.4711,5.8799,4.9435,17.083,8.7113,9.5329,13.157,19.031,6.6837,10.628,6.2005,10.324,7.3862,5.7716,3.7086,5.9874,2.085,2.2019,9.3723,1.3705,7.9807,7.5668,6.3612,3.9725,4.1616,4.9055,3.5813,3.9884,2.0952,2.6583,5.888,5.5329,5.3062,4.4445,4.6809,4.1091,2.7991,1.7041,2.5469,1.4413,1.4289,1.3147,1.2414,3.0377,2.9404,2.9864,3.1664,3.0762,2.9845,2.7673,1.357,1.6595,0.92944,1.2379,0.76157,1.2899,1.506,1.4557,1.5412,0.44303,0.71111,1.4435
1995,11,17.948,19.077,9.2142,1.065,1.3106,8.2691,16.401,9.9622,6.6327,9.2336,7.8899,8.3296,7.4451,7.1424,7.84,11.161,39.971,34.999,31.622,15.189,22.557,27.772,31.773,29.203,35.769,18.245,12.772,11.776,10.177,6.6809,4.211,10.181,6.8492,5.6989,11.782,11.288,10.131,6.5703,7.8268,7.1172,6.0248,2.424,10.035,12.812,7.0655,7.086,10.2,7.6003,6.8857,6.6867,6.0892,4.902,5.0105,5.9701,8.1083,6.0382,2.7112,20.978,15.583,16.518,16.069,17.057,15.486,18.686,14.815,14.347,8.5841,10.18,8.55,9.0889,14.622,10.285,6.9096,5.0516,6.8242,6.7584,6.9562,7.3169,7.8738,7.5608,5.5564,4.9792,3.7529,6.7435,5.5511,9.7377,5.5789,7.1948,5.8578,4.5198,3.5493,2.5907,2.2827,2.9744,2.6617,2.4756,2.1864,4.8801,5.9612,6.2957,5.4414,3.6577,4.042,4.4106,4.8579,6.9648,3.8549,3.8422,5.0757,4.1265,3.9314,4.495,6.4113,5.0705,4.2009,6.0523,5.6567,4.0906,5.5863,6.4456,7.0408,6.9083,7.0891,6.8724,6.713,8.7802,7.3824,7.0422,7.0182,9.2029,7.9743,7.7543,8.4297,8.9104,9.5685,11.142,11.493,12.253,12.712,12.929,12.03,13.504,12.792,12.423,11.944,11.734,11.507,11.31,11.26,11.624,12.791,12.892,14.233,14.073,13.827,13.559,14.161,11.17,12.539,11.792,11.557,11.171,13.768,12.314,15.522,15.806,13.184,10.648,9.3783,9.2486,11.173,9.9647,13.885,15.336,14.864,14.309,14.033,14.719,14.515,11.435,13.851,13.268,13.185,13.063,12.882,12.722,12.513,12.22,12.379,12.696,13.151,12.656,10.874,18.96,19.297,21.147,20.741,19.857,18.7,15.657,17.899,15.765,15.552,18.767,15.415,16.711,14.873,13.264,14.497,12.913,14.196,12.04,10.354,11.955,11.352,10.782,10.718,13.861,13.374,17.384,10.504,12.322,17.991,8.6323,17.47,9.4464,9.1407,10.585,11.158,16.042,13.723,9.3055,7.6804,14.326,7.9622,7.857,10.423,18.925,12.605,11.923,19.111,27.844,17.819,20.822,12.766,8.1148,10.017,14.108,9.912,9.145,4.8891,7.2946,19.965,5.5099,7.3261,6.6294,6.051,4.1481,4.333,4.8814,3.781,4.2852,2.9647,3.7861,4.9516,5.2109,5.9191,6.5084,5.579,5.1997,3.585,2.988,3.4033,2.7077,2.2291,1.7576,2.0526,1.8257,1.5469,1.7611,2.1809,2.0844,2.6467,2.9076,2.4626,2.4659,1.7569,1.6078,1.6569,1.6108,2.2943,1.9922,3.4556,1.4355,2.0553,3.6244
1995,12,7.5874,8.5592,3.4238,0.39574,0.487,3.0726,8.1128,4.2331,3.0525,3.7872,3.2687,3.3825,2.9686,2.7767,3.0506,4.549,16.458,15.212,14.322,7.3474,10.635,12.977,14.366,13.5,15.8,8.7329,5.044,4.5384,3.7816,2.4825,1.5647,3.7829,2.545,2.1176,4.674,4.2041,3.7645,2.4414,2.9083,2.6446,2.2387,0.9007,4.5194,6.1906,3.5301,3.7014,4.4795,3.4282,3.6089,3.4729,2.8456,2.107,2.4491,2.9999,4.5105,3.8363,2.2602,10.4,8.4265,8.7874,8.6254,8.9976,8.3705,9.6007,8.1422,7.9509,5.4185,6.1508,5.399,5.6505,8.0372,6.2146,4.6468,3.6846,4.5731,4.5481,4.6433,4.8166,4.9,4.7315,3.5984,3.2387,2.5137,4.3901,3.8121,5.9625,3.8589,4.7672,4.039,3.1917,2.4534,1.7656,1.6524,2.2954,2.0866,1.9591,1.7392,3.4953,4.1275,4.3149,3.8333,2.7201,3.0125,3.2265,3.5062,4.7324,2.8557,2.8587,2.8568,2.4044,2.4642,2.807,3.8653,3.6443,3.0025,3.7997,3.7374,2.9833,3.6977,4.0421,4.2549,3.9261,3.9964,3.7364,3.6782,4.8637,4.0274,3.8246,3.828,5.1121,4.2928,4.1994,4.5316,4.8027,5.1358,5.9017,6.0656,6.3551,6.5846,6.7114,5.7159,5.5984,5.9873,5.7966,5.5518,5.471,5.3106,5.2586,5.0097,5.1807,5.2861,5.4914,5.4466,5.4692,5.5492,5.7632,6.0738,4.7861,5.8311,4.9761,4.7133,4.3877,6.2936,5.2481,7.2277,7.3641,7.3384,6.0187,4.371,5.1879,5.693,5.2969,6.4301,7.1236,6.8788,6.5431,6.6481,7.0687,7.1064,5.9511,6.9125,6.8,6.7605,6.7559,5.3803,5.5039,5.6231,5.661,5.8752,6.1261,6.5142,6.4847,5.0868,8.5102,8.6528,9.4691,9.3477,9.0327,8.6741,7.8548,8.2285,7.5143,7.3912,9.1921,7.7595,8.1578,7.2943,6.553,7.0954,6.4287,6.5745,5.7748,5.0879,5.9453,5.4586,5.2982,4.9607,6.7715,6.6278,8.6994,5.0847,6.2267,8.991,4.0913,8.7193,4.3325,4.0236,4.9373,5.2805,7.9416,6.953,3.7563,3.7595,7.3748,4.5077,4.6605,6.1341,9.5892,6.9665,6.5516,9.7415,12.85,9.2875,10.396,7.1903,3.9496,5.6663,7.8123,5.9562,5.3191,3.8655,5.6176,11.379,5.3376,4.0783,3.653,3.3939,2.3949,2.4956,2.7889,2.2116,2.5427,2.0663,2.5896,2.7881,2.9933,3.5069,3.9883,3.3312,3.1912,2.4166,2.2342,2.3571,2.061,1.6919,1.327,1.5807,0.96351,0.74661,0.91103,1.2215,1.1645,1.6339,1.9084,1.8859,1.8429,1.3916,1.2146,1.3375,1.208,1.7316,1.4968,2.5941,1.2082,1.6663,2.7241
1996,1,79.156,49.351,84.958,61.13,46.776,72.757,41.705,47.453,42.297,45.429,42.497,45.481,39.424,33.296,40.522,41.956,13.773,11.861,20.515,18.537,32.413,23.09,13.313,11.115,31.434,10.593,8.0326,12.64,17.129,9.2083,3.9635,19.068,6.6003,5.711,16.161,16.474,12.849,4.4799,7.2855,5.8303,4.0171,0.33468,5.1704,34.474,12.558,12.443,24.978,6.135,8.7515,2.671,1.4489,0.7829,0.91004,1.1147,4.0448,2.1579,0.85208,3.8645,3.1311,3.2652,3.205,3.3433,3.1103,3.5674,3.0255,2.9544,2.0134,2.2855,2.0062,2.0996,2.9864,2.3092,1.7266,1.3691,1.6993,1.69,1.7253,1.7897,1.8207,1.7581,1.3371,1.2034,0.93404,1.6313,1.4165,2.2155,1.4339,1.7714,1.5008,1.1859,0.91162,0.65605,0.61398,0.85293,0.77534,0.72796,0.64623,1.2988,1.5337,1.6033,1.4244,1.0107,1.1194,1.1989,1.3028,1.7585,1.0611,1.0622,1.0615,0.89341,0.91562,1.043,1.4362,1.3541,1.1157,1.4119,1.3887,1.1085,1.374,1.5019,1.581,1.4588,1.485,1.3884,1.3667,1.8072,1.4965,1.4211,1.4224,1.8995,1.5951,1.5604,1.6839,1.7846,1.9083,2.1929,2.2538,2.3614,2.4467,2.4938,16.512,3.9331,8.4391,5.0444,5.7474,9.0241,15.283,28.802,26.067,17.531,5.9598,5.3547,2.7867,2.5363,5.8696,4.4722,2.2569,1.7784,2.5298,1.849,1.7514,1.6304,2.928,1.9501,4.5455,2.7363,3.0697,2.2364,1.6242,1.9277,2.1154,1.9682,2.3893,2.647,2.556,5.5248,2.4703,2.6266,2.6406,2.2113,2.5685,2.5267,2.512,2.5104,10.774,10.292,3.9255,4.0173,3.3871,2.6767,2.4208,2.4096,1.8901,12.738,16.135,15.634,30.74,33.29,17.067,3.09,8.7957,3.0869,3.1624,3.448,3.0486,3.0971,2.7846,2.4349,2.6365,2.3887,5.7385,2.1458,1.8905,2.2091,3.9986,1.9687,1.8433,2.5161,16.091,4.4299,6.6632,23.175,10.9,2.9781,9.9659,3.7977,4.7795,4.431,5.4618,8.9478,15.481,1.3958,1.397,2.7403,1.675,1.7317,2.2793,5.1476,2.5886,2.4344,5.2677,28.262,3.451,21.43,8.7043,20.883,18.658,7.1479,2.5305,12.805,2.3614,3.0092,11.645,2.7887,1.5154,1.3574,1.2611,0.88988,0.92732,1.0363,0.82178,0.94481,0.7678,0.96225,1.036,1.1122,1.3031,1.482,1.2755,1.1858,0.89795,0.83018,0.87586,0.76583,0.62867,0.49309,0.58734,0.35802,0.27742,0.33852,0.45388,0.43271,0.60714,0.70913,0.70076,0.68477,0.51709,0.45131,0.49698,0.44886,0.64343,0.55616,0.96392,0.44892,0.61915,1.0122
1996,2,22.559,16.543,21.442,19.22,17.135,20.983,15.128,15.741,14.826,15.391,14.876,15.367,14.326,13.149,14.524,14.997,7.4615,6.5356,10.274,9.5105,13.641,11.078,7.3288,6.2392,16.394,6.2396,5.1044,7.3115,10.024,6.7301,2.942,18.176,4.6945,4.4332,8.7471,11.816,8.8836,3.1908,5.2015,4.562,3.3711,0.12436,3.4233,13.604,7.2931,7.243,11.328,4.1393,5.5635,1.7173,0.76668,0.29091,0.33815,0.41419,2.6321,1.2002,0.31661,1.436,1.1634,1.2133,1.1909,1.2423,1.1557,1.4897,1.1242,1.0978,0.74813,0.84923,0.74588,0.78016,1.1097,0.85804,0.64158,0.50873,0.63141,0.62795,0.6411,0.66503,0.98156,1.8312,1.0763,1.7997,0.84129,1.3105,0.52953,0.86138,0.53279,0.65821,0.55766,0.44067,0.33874,0.24377,0.22814,0.31693,0.2881,0.27049,0.24012,0.48259,0.56988,0.59575,0.52926,0.37556,0.41594,0.44548,0.4841,0.6534,0.39429,0.3947,0.39444,0.33197,0.34022,0.38755,0.53367,0.50316,0.41455,0.52463,0.51601,0.4119,0.51053,0.55809,0.58748,0.54207,0.55178,0.51588,0.50784,0.67152,0.55606,0.52806,0.52854,0.70583,0.5927,0.57981,0.62568,0.66311,0.70909,0.81485,0.83747,0.87744,0.90914,0.92663,11.042,2.6122,5.2652,3.1871,3.6941,5.6372,9.3727,19.598,17.325,11.35,3.8656,3.6056,1.4626,1.2327,4.0302,2.7768,0.8386,0.66081,1.2242,0.68704,0.65077,0.60581,1.4306,0.7246,2.62,1.0168,1.3554,0.831,0.6035,0.71628,0.78603,0.73133,0.88779,0.98355,0.94975,3.4321,0.9179,0.97597,0.98117,0.82167,0.95441,0.93887,0.93342,0.93279,6.4691,6.2365,2.3798,2.4457,1.9022,1.2279,0.89972,0.89534,0.70233,7.2666,8.6841,8.4619,13.422,13.99,9.0067,1.1482,5.3111,1.3207,1.4169,1.2812,1.1328,1.1508,1.0347,0.90477,0.97966,0.8876,3.5751,0.79732,0.70248,0.82086,2.4615,0.73152,0.68492,0.93494,8.6452,2.2866,4.3155,10.907,6.3813,1.8661,5.9163,2.4721,3.2153,2.858,3.5341,5.4157,8.4169,0.51864,0.51908,1.0182,0.62238,0.64347,0.84692,2.7277,0.96186,0.90458,2.7997,12.529,1.2823,10.504,5.3317,10.177,9.5255,4.3666,1.126,7.3672,1.2024,1.3621,6.5532,1.0362,0.56309,0.50437,0.46859,0.33066,0.34457,0.38506,0.30536,0.35107,0.2853,0.35755,0.38496,0.41328,0.48419,0.55067,0.49688,0.4406,0.33366,0.30848,0.32545,0.28456,0.2336,0.18322,0.21824,0.13303,0.10308,0.12578,0.31872,0.24036,0.2256,0.2635,0.26039,0.25445,0.19214,0.1677,0.18467,0.16679,0.23908,0.20666,0.35817,0.16681,0.23006,0.37612
1996,3,32.692,6.2737,8.7627,10.614,7.2749,8.8786,5.6376,5.8497,7.4191,5.719,5.5276,5.7101,5.3231,4.8858,5.3968,5.8002,2.7725,2.4285,3.8234,3.5339,45.451,10.599,4.591,3.7788,10.065,2.3185,1.8967,2.7168,4.2874,2.9933,1.0932,9.282,1.8723,1.9009,3.3009,5.771,4.068,1.1856,2.1471,2.0044,1.5243,0.046209,1.272,7.7716,2.71,2.6913,4.7132,1.5381,2.0673,0.6381,0.28488,0.10809,0.12565,0.1539,0.97803,0.44597,0.11765,0.53357,0.43231,0.45082,0.44251,0.46161,0.42943,0.65172,0.41772,0.40791,0.27799,0.31556,0.27742,0.28989,0.41234,0.31883,0.2384,0.18903,0.23462,0.23333,0.23822,0.24711,0.5443,1.3665,0.73089,1.3967,0.59752,0.8838,0.19871,0.34322,0.19797,0.24458,0.20721,0.16374,0.12587,0.090581,0.084772,0.11776,0.10705,0.10051,0.089225,0.17932,0.21176,0.22137,0.19666,0.13955,0.15455,0.16553,0.17988,0.24279,0.14651,0.14666,0.674,0.26623,0.22975,1.0831,2.8008,0.18696,0.15404,0.20029,0.19174,0.15305,0.1897,0.20737,0.21829,4.7219,2.1167,0.4694,0.1887,10.553,8.7927,0.5562,0.19639,18.18,16.715,0.6298,23.801,1.4807,14.21,3.1975,4.2794,7.0927,3.5459,1.7915,5.1869,1.103,1.9564,1.1842,1.3726,2.1134,4.0421,9.6332,8.4718,5.2856,1.4401,1.4398,0.54346,0.45805,1.649,1.0318,0.3116,0.75331,2.4577,1.5679,1.084,1.159,3.3983,2.7547,2.0984,0.3778,16.572,10.254,6.0216,5.587,0.30449,3.4367,0.32988,0.36546,0.3529,1.2755,0.34107,0.92869,1.0287,8.5756,0.35464,0.99885,0.34684,1.7951,2.4037,2.3173,0.88429,0.90875,0.70681,0.45625,0.33431,0.33269,0.26097,21.715,32.872,85.975,79.94,60.036,24.248,0.42663,4.4395,0.49076,0.5265,0.47606,0.42092,0.42762,0.38447,0.33619,0.36402,0.32981,1.3284,0.29627,0.26103,0.30501,0.91464,0.27181,0.2545,0.3474,3.2124,0.84964,1.6036,4.0575,2.3712,0.69339,2.1984,0.91858,1.1947,1.062,1.3132,2.0124,3.1275,0.97752,2.3709,0.37835,3.0874,0.2391,0.3147,1.0136,0.35741,0.33612,1.1057,6.111,0.47648,4.4132,1.9811,3.7814,3.5395,1.6225,0.4184,2.7375,0.44678,0.50611,3.0981,0.38503,3.5368,2.5952,3.4752,0.12287,0.32759,2.714,0.11346,0.13045,0.10601,0.13286,2.4787,0.66808,0.17991,0.20462,0.18463,0.16372,0.12398,0.11462,0.12093,0.10574,0.0868,0.068081,0.081094,0.049431,0.038303,0.046739,0.20919,0.13737,0.083827,0.097909,0.096754,0.094546,0.071394,0.062312,0.068618,0.061974,0.088837,0.076788,0.13309,0.061982,0.085485,0.13976
1996,4,121.34,75.96,121.99,164.25,110.18,106.64,67.907,61.325,89.862,61.021,66.959,65.169,62.452,56.403,59.629,67.488,32.3,35.687,54.986,51.854,111.41,67.794,53.867,60.705,87.237,73.865,57.613,70.44,63.89,39.429,15.202,59.114,33.995,26.282,70.605,60.431,52.077,24.329,33.884,35.983,42.486,28.227,83.05,127.18,69.386,73.829,104.65,68.583,79.835,68.664,57.012,42.24,40.993,46.855,53.206,16.217,0.043715,11.586,0.9961,1.8234,0.18947,1.1858,0.36898,15.068,3.4468,0.94113,0.26455,0.80824,0.63428,0.35423,0.43485,0.11847,0.088583,0.070239,0.087178,0.086701,0.088516,0.09182,12.359,15.991,10.428,13.64,5.6812,6.7361,0.1874,2.6583,0.073562,0.090878,0.076996,0.060843,1.1697,4.1105,0.75284,0.05642,0.36032,0.64955,0.51045,3.8974,2.3185,1.9253,2.1276,5.2606,0.35439,11.095,11.352,15.483,7.0309,2.7703,1.4609,0.97862,2.1716,5.8713,10.009,11.814,4.4733,3.84,7.3222,4.0418,0.070489,0.76386,0.081112,9.1049,3.9075,0.42812,0.070117,13.693,11.149,0.60277,0.072975,19.766,19.537,1.1995,25.631,5.7724,25.443,32.806,39.029,47.615,66.604,67.195,68.123,16.413,13.7,10.962,24.027,45.145,56.316,59.475,56.582,49.842,20.913,19.35,6.4061,7.4884,25.898,28.464,18.083,97.941,106.3,103.36,98.555,100.4,100.28,93.771,62.843,36.13,59.598,28.359,55.89,14.996,6.2081,8.7967,31.491,38.227,19.181,45.141,30.284,51.26,38.304,27.104,36.355,60.727,43.247,65.114,69.332,77.684,50.754,36.331,15.472,9.2091,35.194,43.074,70.067,99.533,105.69,115.27,123.46,131.25,135.03,97.359,97.705,106.51,102.4,88.679,66.831,97.17,72.819,54.696,92.131,61.545,82.824,37.957,31.569,64.702,116.11,53.075,54.961,71.356,132.14,90.759,106.54,167.47,121.04,103.06,115.22,75.453,61.806,70.393,76.62,100.08,86.806,82.305,42.871,56.195,24.111,7.7829,19.369,82.133,32.12,39.776,61.945,107.66,11.182,67.305,30.951,78.191,56.216,29.479,9.4022,46.255,10.188,9.7816,41.34,1.7883,9.7731,6.1693,8.3884,0.045654,0.46963,6.3813,0.04216,2.7586,0.27089,10.276,9.4026,6.7917,3.0217,6.8496,15.978,13.239,8.893,2.0692,8.011,4.4938,5.2302,4.2168,3.2094,5.9403,0.70412,3.2115,10.048,12.711,8.5913,5.8819,1.3673,3.0858,0.7658,3.2762,0.17992,3.9437,6.5473,6.1372,3.8648,0.023031,0.038011,2.2967
1996,5,26.46,19.387,23.098,25.749,22.203,22.15,18.49,17.757,21.016,17.708,18.376,18.193,17.842,17.053,17.509,18.485,12.943,13.599,16.773,16.322,26.361,19.52,16.91,17.68,21.155,18.775,16.936,18.47,17.911,14.328,8.3001,17.811,13.232,11.541,18.545,17.644,16.399,11.021,13.228,13.627,14.741,11.902,19.511,23.671,18.36,18.809,21.632,18.16,19.319,18.079,16.714,14.591,14.386,15.315,16.284,8.6393,0.016243,6.9369,0.83431,1.5232,0.085628,0.9936,0.26173,8.2494,2.7223,0.79053,0.19479,0.69023,0.54067,0.27772,0.32782,0.04402,0.032915,0.026099,0.032393,0.032216,0.03289,0.034118,7.246,8.5761,6.4477,7.7342,4.099,4.6651,0.13796,2.1759,0.027334,0.033768,0.02861,0.022608,1.0399,3.194,0.68543,0.028671,0.32228,0.58977,0.46534,3.048,1.9423,1.6394,1.7997,3.8909,0.30667,6.7408,6.8463,8.389,4.8635,2.2826,1.0432,0.80674,1.804,4.062,6.0744,7.0333,3.416,3.0075,5.0108,3.1439,0.026192,0.67155,0.030139,5.3935,2.5057,0.21319,0.026054,7.3698,6.1254,0.33465,0.027116,9.9364,9.8637,0.85303,12.176,3.9351,11.999,13.286,14.682,16.499,19.241,19.046,18.47,8.714,7.7558,6.6669,10.952,15.213,16.966,17.885,17.397,16.184,10.109,9.6514,4.508,5.0818,11.435,12.009,9.2368,20.718,21.697,21.312,20.852,21.005,21.484,20.887,17.738,13.544,19.134,12.725,17.575,8.1873,4.414,5.3811,12.626,13.925,9.5719,15.146,12.372,16.09,14.059,12.307,13.584,17.843,14.913,18.718,18.324,19.139,15.94,13.618,8.3902,5.9119,13.364,14.744,18.187,23.778,25.11,27.939,28.536,28.377,26.37,20.552,21.369,21.191,20.919,19.895,17.863,20.538,18.475,16.423,20.154,17.264,19.498,13.872,12.638,17.62,21.84,16.204,16.45,18.326,23.024,20.112,21.319,24.684,22.643,20.983,22.183,18.785,17.376,18.3,18.936,20.963,20.027,19.54,15.086,16.619,11.179,5.2401,9.6266,19.404,12.758,14.195,17.456,23.777,6.7717,18.925,12.61,19.338,16.908,12.269,6.0012,15.436,6.35,6.1693,14.926,1.5056,5.8868,3.955,5.1433,0.016964,0.31049,4.0624,0.015666,2.2763,0.23808,6.3954,5.7993,4.6588,2.4568,4.7657,8.556,7.5855,5.7771,1.767,5.3575,3.4331,3.8773,3.2637,2.599,4.2846,0.65096,2.6045,6.2944,7.3853,5.6374,4.2487,1.2105,2.512,0.69954,2.647,0.15933,3.09,4.6125,4.3914,3.0316,0.0085579,0.01793,1.9361
1996,6,10.081,7.2036,8.5827,9.5676,8.2501,8.2304,6.8706,6.5982,7.8089,6.5801,6.828,6.7602,6.6298,6.3366,6.5058,6.8687,4.8093,5.0531,6.2323,6.0649,10.249,7.2532,6.2835,6.5695,7.8607,6.9762,6.2931,6.8631,6.6555,5.3241,3.0841,6.6183,4.9167,4.2882,6.8911,6.5562,6.0936,4.0953,4.9151,5.0635,5.4772,4.4225,7.2499,8.7957,6.8221,6.9889,8.0381,6.7477,7.1835,6.7177,6.2104,5.4216,5.3454,5.6908,6.0506,3.2102,0.0060357,2.5776,0.31001,0.56599,0.031817,0.3692,0.097252,3.5298,1.0116,0.29374,0.07238,0.25647,0.2009,0.10319,0.12181,0.016357,0.012231,0.0096979,0.012037,0.011971,0.012221,0.012677,2.6924,3.2104,2.3958,2.8738,1.5231,1.7335,0.051263,0.80852,0.010157,0.012548,0.010631,0.0084006,0.38642,1.1868,0.25469,0.010654,0.11975,0.21914,0.17291,1.6606,1.068,0.8686,0.79562,1.5298,0.11395,2.5287,2.9889,3.9922,1.8133,0.84818,0.38762,0.29977,0.67033,1.5094,2.2571,2.614,1.2693,1.1175,1.8619,1.1682,0.0097323,0.24953,0.011199,2.0041,0.93104,0.079218,0.0096811,2.7384,2.2761,0.12435,0.010076,3.6921,3.6651,0.31697,4.5242,1.4622,4.5408,6.7551,7.8297,8.3855,13.335,14.36,10.556,3.2379,2.8819,2.4773,4.2068,8.1478,8.9838,7.5078,7.2586,7.0113,3.7564,3.5862,1.6751,1.8883,4.2489,4.4621,3.4322,7.6983,8.062,7.9192,7.748,7.8052,7.9829,7.7612,6.597,5.0326,7.1096,4.7284,6.5304,3.0422,1.6401,1.9995,4.6916,5.1744,3.5567,5.7209,5.5983,7.4345,5.3227,4.573,7.2237,12.992,10.594,13.688,9.0712,9.4533,7.119,5.8336,3.1176,2.1967,4.9659,5.4784,6.7577,11.025,11.612,12.99,13.088,12.695,11.321,7.7152,9.3266,8.3538,8.2993,7.3925,6.6376,7.7395,6.865,6.1024,7.4888,6.4149,8.197,5.1547,4.6961,6.5471,8.1154,6.0209,6.1124,6.8095,8.5699,7.6165,7.9218,9.1745,9.2775,7.7969,8.8461,6.9801,6.4567,6.7999,7.0362,7.8708,7.4417,7.2606,5.6058,6.1753,4.1539,1.9471,3.577,7.6065,4.7406,5.2744,7.2172,12.087,2.5162,7.7151,4.6858,7.1856,6.2826,4.5588,2.2299,5.7355,2.3595,2.2924,5.6555,0.55946,2.1874,1.4696,1.9111,0.0063034,0.11537,1.5095,0.005821,0.84584,0.088466,2.3764,2.1549,1.7311,0.91289,1.7708,3.1792,2.8186,2.1466,0.65656,1.9907,1.2757,1.4852,1.2127,0.96574,1.592,0.24188,0.96778,2.3389,2.7442,2.0947,1.5787,0.4498,0.9334,0.25993,0.98355,0.059202,1.1482,2.0289,1.8053,1.3265,0.0031799,0.0066622,0.72299
1996,7,3.8937,2.6767,3.1891,3.5551,3.0656,3.0582,2.5529,2.4517,2.9016,2.445,2.5371,2.512,2.4635,2.3545,2.4174,2.5522,1.787,1.8776,2.3158,2.2536,4.071,2.6951,2.3348,2.4411,2.9209,2.5922,2.3384,2.5502,2.473,1.9783,1.146,2.4592,1.8269,1.5934,2.5606,2.4361,2.2642,1.5217,1.8263,1.8815,2.0352,1.6433,2.6939,3.2683,2.5349,2.5969,2.9868,2.5073,2.6692,2.4961,2.3076,2.0145,1.9862,2.1146,2.2483,1.1928,0.0022427,0.95777,0.11519,0.21031,0.011823,0.13719,0.036136,1.5803,0.37587,0.10915,0.026895,0.095299,0.07465,0.038344,0.045262,0.0060779,0.0045446,0.0036035,0.0044725,0.004448,0.0045412,0.0047107,1.0004,1.2396,0.89023,1.0756,0.56595,0.64411,0.019048,0.30043,0.003774,0.0046624,0.0039501,0.0031215,0.14358,0.441,0.094637,0.0039586,0.07931,0.39678,0.58425,7.0023,6.4177,6.0523,5.3224,3.9326,0.19878,1.9978,4.2874,5.3346,2.1582,0.47371,0.14403,0.11139,0.24908,0.56084,0.83869,1.447,0.47164,0.41524,0.69184,0.45553,0.0036163,0.09272,0.0041613,0.74468,0.34595,0.029436,0.0035973,1.0175,0.84573,0.046204,0.0037438,1.3719,1.9977,0.11778,5.0073,1.3616,5.4962,7.339,7.9761,7.7892,10.854,11.172,5.5167,1.2031,1.0708,0.92049,1.6456,4.2028,4.5789,3.2673,3.1403,3.1502,1.3958,1.3326,0.62242,0.70163,1.5788,1.658,1.2753,3.3246,3.6356,3.6632,3.4799,3.4406,3.812,3.4855,2.7056,2.0538,2.6418,1.7569,2.4266,1.1304,0.60943,0.74297,1.7435,2.1711,1.4583,2.2073,4.3969,5.4731,2.7437,2.9091,6.1325,10.41,9.074,10.879,4.46,4.6337,3.2851,2.6002,1.1584,0.81625,1.8452,2.0356,2.616,5.1585,5.4113,6.0429,6.0345,5.7636,5.0021,3.2796,4.193,3.765,3.7154,2.7469,2.4664,3.0911,2.551,2.2774,2.989,2.3939,3.6358,1.9153,1.745,2.4328,3.0155,2.2372,2.2712,2.5303,3.1844,2.912,2.9436,3.409,3.8219,2.8971,3.5514,2.5936,2.3992,2.5267,2.6145,2.9598,2.7652,2.7184,2.083,2.2946,1.5435,0.72349,1.3291,3.0574,1.7615,1.9598,3.0728,5.6368,0.93497,3.0841,1.7411,2.67,2.3345,1.6939,0.82858,2.1312,0.87674,0.85179,2.1014,0.20788,0.81279,0.54606,0.71013,0.0023422,0.042869,0.56089,0.002163,0.31429,0.032872,0.88301,0.8007,0.64323,0.33921,0.658,1.1813,1.0473,0.79763,0.24396,0.73971,2.4733,4.9104,3.9405,2.5455,0.59157,0.089878,0.3596,0.86907,1.0197,0.77835,0.58661,0.18493,0.57987,0.8179,3.5475,0.18493,4.22,6.7464,6.2378,6.0347,0.0011816,0.07738,4.4789
1996,8,3.3958,0.9946,1.185,1.321,1.1391,1.1364,0.94862,0.91101,1.0782,0.9085,0.94274,0.93338,0.91538,0.87489,0.89825,0.94835,0.66402,0.69768,0.86049,0.83738,4.3223,1.0014,0.86755,0.90705,1.0853,0.9632,0.86889,0.94758,0.91892,0.73509,0.42582,0.91378,0.67885,0.59207,0.95144,0.9052,0.84134,0.56543,0.67862,0.69911,0.75624,0.61061,1.001,1.2144,0.94193,0.96496,1.1098,0.93165,0.99182,0.92751,0.85746,0.74856,0.73804,0.78573,0.83541,0.44322,0.00083334,0.65838,0.042803,0.078146,0.004393,0.050975,0.013427,3.5265,0.64868,0.040557,0.0099934,0.035411,0.027738,0.014248,0.016818,0.0022584,0.0016887,0.001339,0.0016619,0.0016528,0.0016874,0.0017504,1.3445,1.8379,0.86517,1.1214,0.33337,1.2278,0.0070778,0.64616,0.0014023,0.0017324,0.0014678,0.0011599,0.053353,0.16386,0.035165,0.0014709,0.085535,0.49831,0.77613,6.2231,5.9936,5.7899,5.2392,3.785,0.25901,1.5557,3.5812,4.1729,1.942,0.30525,0.053518,0.041389,0.092552,0.2084,0.31164,0.87614,0.17525,0.15429,0.25707,0.18487,0.0013437,0.034453,0.0015463,0.2767,0.12855,0.010938,0.0013367,0.42482,0.31425,0.017168,0.0013911,1.6669,3.6246,0.36644,7.4757,4.3835,8.9398,12.744,13.526,15.783,18.82,18.545,14.649,27.759,0.3979,0.34203,2.5644,5.694,6.1274,4.6071,4.5017,6.0382,10.645,16.293,20.445,17.812,20.028,16.945,20.817,15.585,14.836,20.475,20.982,20.945,22.134,23.39,24.319,33.121,1.5412,0.65284,6.3331,0.42004,1.7869,0.67253,21.964,31.343,27.222,18.021,25.281,28.57,22.585,9.7665,22.107,19.677,19.028,19.001,7.9268,5.8572,3.5247,3.13,0.53118,0.3033,2.5198,5.6715,10.743,7.9292,7.859,7.6009,7.5758,7.3066,6.6217,4.1608,6.4968,4.6503,4.6681,2.8576,2.4136,4.0748,2.3347,2.8421,3.6415,3.1266,4.7899,2.5857,4.5327,1.7778,1.1208,2.8961,6.8673,2.4057,1.1832,1.082,1.0938,1.2667,1.4201,1.0765,1.3196,0.96374,0.89147,0.93886,0.97149,1.0998,1.0275,12.478,1.8566,2.5482,0.57353,0.26883,0.49388,1.136,0.65452,0.72823,2.9486,3.4558,1.5972,1.2773,0.64696,0.99211,0.86744,0.62943,0.30788,0.7919,0.32578,0.31651,0.79115,0.077244,0.30201,0.2029,0.26387,0.00087031,0.015929,0.20841,0.0008037,0.11678,0.012214,0.32811,0.29752,0.23901,0.12604,0.2445,0.43895,0.38916,0.29638,0.090651,0.27486,2.5316,4.6548,3.907,2.688,0.21981,0.033396,0.13362,0.32293,0.37889,0.28922,0.21797,0.092544,0.4577,1.0295,3.622,0.2757,4.1612,5.897,5.5784,5.5902,0.00043905,0.1512,4.5625
1996,9,6.8257,0.36957,0.44032,0.49085,0.42326,0.42225,0.35248,0.33851,0.40062,0.33758,0.3503,0.34682,0.34013,0.32509,0.33377,0.35239,0.24673,0.25924,0.31974,0.31115,8.3153,0.40495,0.32236,0.33704,0.69873,0.3579,0.32286,0.3521,0.34145,0.27314,0.15823,0.33954,0.25225,0.22,0.35353,0.33635,0.31262,0.2101,0.25216,0.25977,0.281,0.22689,4.0258,10.911,2.7211,4.0469,2.9477,0.34618,1.3936,0.34464,0.31861,0.27815,0.27424,0.29196,4.4779,7.7783,0.55819,44.322,10.61,9.3671,7.5774,10.023,2.4846,55.702,39.946,29.017,27.308,22.518,31.129,25.341,8.2576,2.1058,13.097,14.572,27.552,19.101,21.826,24.057,43.364,45.036,37.775,37.956,32.571,43.789,32.615,41.69,16.321,18.815,13.531,19.876,29.099,24.942,16.56,16.897,16.197,17.172,16.856,21.831,21.503,21.351,21.33,23.502,18.038,27.829,26.651,27.468,25.706,22.612,17.815,17.342,21.042,25.082,26.325,28.203,23.831,22.641,26.247,23.954,10.148,17.686,5.5388,24.011,21.497,14.05,3.4209,27.175,24.201,15.277,7.6081,30.203,30.534,21.475,31.534,29.253,34.15,36.163,36.967,43.57,38.513,35.693,66.062,54.426,62.788,63.463,71.546,72.784,74.824,83.104,82.423,80.464,70.816,65.318,53.223,59.328,72.546,79.064,74.656,142.73,134.1,142.48,144.35,148.12,124.44,128.27,96.376,89.425,78.553,49.228,93.31,35.515,50.993,33.661,92.638,92.211,71.099,86.123,55.289,65.813,69.573,46.24,51.118,38.637,38.322,37.571,38.174,37.483,42.253,54.532,59.74,63.453,96.503,112.96,131.31,13.38,13.407,14.01,14.162,14.169,14.471,13.311,14.968,16.643,18.868,9.411,10.276,12.58,11.687,27.925,22.861,37.94,30.607,56.218,102.46,38.939,18.498,98.021,122.56,95.093,40.693,70.886,27.676,52.07,66.82,24.878,61.112,9.9441,3.3512,11.599,14.792,43.479,26.732,135.58,87.068,96.932,48.558,32.143,32.874,68.211,43.162,44.85,67.197,87.659,57.501,58.995,39.926,6.0167,26.996,43.299,24.739,21.747,8.5121,18.341,41.356,6.5606,27.726,23.731,26.992,10.569,16.042,26.133,4.4117,21.327,14.554,28.348,34.334,30.512,25.135,24.955,31.296,28.495,26.98,21.152,25.684,23.03,21.35,20.284,20.526,16.061,9.378,14.154,20.775,21.486,20.904,21.482,18.177,21.367,17.063,19.329,15.014,19.618,21.228,20.808,21.178,10.599,14.181,20.488
1996,10,16.534,2.0386,0.16545,0.27831,0.15727,0.1569,0.13097,0.12578,0.14886,0.12544,0.13016,0.12887,0.12639,0.1208,0.12402,0.13094,0.09168,0.096328,0.1201,0.11562,13.919,2.6058,0.11978,0.14772,2.1803,0.13299,0.11997,0.13083,0.12687,0.10149,0.058793,0.20639,0.093729,0.081746,0.13136,0.12498,0.11616,0.078069,0.093696,0.096525,0.10441,0.084306,3.0456,6.6446,2.1411,3.0633,2.2851,0.12863,1.0761,0.12806,0.11839,0.10335,0.1019,0.10848,3.3544,5.2283,0.52678,20.061,7.5034,6.9617,6.2704,7.7024,2.2457,23.393,18.786,15.575,14.252,12.788,15.382,13.646,6.5066,1.832,8.6617,9.2347,14.187,11.26,12.297,13.109,19.003,19.331,17.151,17.121,15.362,18.715,15.53,18.52,10.078,11.212,8.8617,11.427,14.441,13.796,11.65,12.911,13.179,13.981,14.066,16.76,16.827,16.796,16.626,17.097,14.999,18.702,18.275,18.562,17.862,16.649,15.076,15.958,18.603,19.642,17.173,18.434,16.19,13.717,15.839,16.667,8.5549,11.629,5.0269,13.789,13.159,9.8756,3.2133,13.978,13.385,10.535,6.5199,16.118,17.999,15.499,20.089,18.834,20.151,19.593,19.652,20.96,20.213,19.309,31.48,33.006,28.808,28.446,29.469,29.731,30.042,30.678,30.7,30.473,31.226,32.675,31.712,30.922,30.782,29.901,28.588,28.795,28.345,29.163,29.438,29.723,28.683,29.36,28.395,27.15,35.304,28.201,29.041,20.157,18.486,14.544,25.953,27.179,26.163,28.844,24.666,25.139,23.729,20.238,22.665,20.285,20.22,19.874,31.969,31.4,30.958,29.912,28.142,26.694,26.684,25.418,27.201,22.047,21.793,21.547,20.604,19.02,16.524,11.773,19.129,14.899,16.384,9.9685,9.4583,11.933,10.147,16.658,14.767,18.455,24.242,26.067,24.164,16.402,10.173,22.859,25.695,22.743,14.955,20.2,11.952,16.861,19.459,11.187,18.553,6.2291,2.6006,6.9368,8.1544,15.53,11.708,30.657,33.299,26.607,32.491,26.046,17.67,21.234,17.794,17.601,22.831,24.448,23.364,19.963,15.142,4.2611,11.661,16.641,11.671,10.321,5.5907,9.7054,17.306,4.6203,16.445,14.87,19.371,11.526,14.936,22.13,6.292,16.125,11.866,15.884,34.602,25.854,20.984,14.719,15.476,14.628,14.995,14.6,14.853,16.166,16.028,15.547,15.465,9.6366,6.4496,8.8503,11.503,11.834,12.007,12.664,13.629,14.776,14.145,15.224,13.249,15.376,16.159,15.949,16.352,10.833,13.011,16.076
1996,11,16.815,6.6552,0.062601,0.85582,0.058439,0.058299,4.862,0.27753,1.839,0.048687,0.11738,0.10063,0.10261,0.084469,0.14494,3.5336,18.583,18.023,20.078,5.38,24.44,16.052,10.079,11.425,35.204,6.8698,0.83878,3.3489,5.6643,4.1997,0.30223,12.319,2.3425,9.8669,8.9232,19.311,17.278,18.293,17.692,15.471,9.5515,0.84335,2.0713,11.94,0.86927,1.3413,6.5482,2.6613,1.3353,0.15095,1.1707,0.26618,0.037864,0.04031,1.3339,1.9465,0.19574,13.18,4.6883,4.6937,5.372,6.0469,2.1435,15.796,13.308,11.306,9.9765,9.1613,10.641,9.5974,5.3124,1.6521,6.4575,6.8847,9.818,7.9793,8.6526,9.1802,10.351,10.55,9.0493,8.8975,8.0759,10.909,9.8194,12.259,6.653,8.0766,6.0903,6.9895,8.0228,8.0398,8.3001,10.709,11.497,12.583,13.093,12.676,12.068,11.885,12.231,12.822,11.285,12.145,12.371,12.439,12.03,11.369,7.7019,8.4533,9.9774,10.246,8.5022,11.623,9.7368,6.6539,8.3836,10.63,4.5279,5.5956,2.3967,6.4354,6.2155,4.6538,1.4609,6.295,6.1269,4.9871,3.1362,7.5209,8.6244,7.7039,9.6885,9.1359,9.6049,9.1395,9.122,9.5587,9.3054,8.9109,15.564,14.928,19.232,18.301,17.519,16.86,17.05,18.205,18.274,17.29,14.639,14.805,14.45,14.133,13.991,14.17,13.071,12.699,14.117,12.714,12.87,12.995,14.182,13.109,14.381,12.64,16.725,13.264,13.304,9.703,7.9535,6.1447,11.256,12.411,11.67,14.86,11.174,11.112,10.176,9.0985,10.175,9.332,9.3175,9.146,17.919,18.832,19.139,18.049,17.776,17.152,14.587,11.472,11.865,21.739,22.476,27.192,26.693,25.741,25.525,24.166,22.881,23.986,23.344,24.493,21.867,24.441,20.941,18.954,20.951,16.958,20.311,16.344,11.24,14.363,10.101,10.558,11.344,11.316,8.9011,11.965,6.2173,16.277,11.414,6.5374,10.721,2.6348,0.96633,2.7592,3.3991,8.454,6.0944,14.054,15.915,13.906,15.582,13.693,10.98,12.542,9.9882,9.3204,13.46,16.753,14.126,13.104,9.1859,2.1515,6.297,10.074,5.973,5.0679,2.0774,4.2767,9.6225,1.717,7.9197,7.1834,9.6094,6.2442,7.8388,11.13,3.7121,8.9107,7.8025,10.939,15.624,13.218,11.576,8.9665,9.1774,8.6814,10.067,12.025,10.17,13.64,14.557,14.943,14.212,4.1557,2.656,3.8067,5.1209,5.4519,6.1371,7.5019,11.487,12.097,13.771,15.031,13.26,15.181,14.712,15.012,13.501,11.652,12.581,13.134
1996,12,8.7698,4.3526,0.023261,2.0024,0.021715,0.021663,3.6554,0.24014,1.5829,0.019357,0.085352,0.069347,0.071836,0.055406,0.11343,2.8133,9.3848,9.213,9.8282,3.9622,11.792,8.6288,6.3103,6.8763,14.985,4.7804,0.75488,2.6887,4.1242,3.2496,0.27783,7.2319,1.9768,6.2183,5.7908,9.604,8.9796,9.296,9.1099,8.3833,6.0778,0.76566,2.091,19.025,0.85904,1.6264,7.5591,2.5144,3.8779,2.3021,1.5945,0.23418,0.20368,0.96495,0.69314,2.4077,1.1493,15.078,6.9746,6.1526,3.9753,4.8597,1.5675,9.073,6.821,5.8932,5.2061,4.8518,5.4959,5.034,3.1575,1.1397,3.623,3.8499,5.12,4.288,4.5972,4.8368,4.6839,4.8269,4.0319,3.9244,3.6381,5.1944,4.9319,6.1332,3.5261,4.3569,3.3175,3.5428,3.7754,3.8423,4.316,5.6915,6.1206,6.6699,6.9439,6.4408,6.0362,5.9172,6.1695,6.5022,5.7454,5.8525,6.0719,6.0826,5.8917,5.5963,2.8748,3.3035,4.0631,4.1008,3.211,5.5312,4.5065,2.5629,3.5364,5.0849,1.8472,2.1334,0.89057,2.3913,2.3095,1.7292,0.54282,2.3391,2.2766,1.8531,1.1653,2.7946,3.2046,2.8626,3.6,3.3947,3.5689,3.396,3.3895,3.5518,3.4577,3.3111,6.4372,5.5469,9.2187,8.7167,8.1475,7.6881,7.7814,8.4685,8.5081,7.8974,5.6771,5.5011,5.3692,5.2516,5.2026,5.6222,4.9506,5.1001,6.4087,5.0659,5.1283,5.1673,6.3241,5.2627,6.3336,5.2632,7.2535,5.004,5.0518,3.6054,2.9553,2.2832,4.3808,5.0788,4.3947,6.4897,4.1519,4.1552,3.8183,3.3808,3.7807,3.4675,3.4622,3.3984,8.156,8.7938,9.0059,8.4234,8.4277,8.2025,6.6463,4.7085,4.7318,10.69,10.994,12.772,12.661,12.451,12.833,13.64,11.333,12.519,11.885,13.17,12.735,13.414,12.656,9.7362,11.635,8.7306,10.003,7.7644,4.798,8.657,10.169,4.5687,4.6399,5.9814,26.079,12.64,17.333,56.799,16.223,28.403,14.127,3.6444,0.71856,2.2674,3.2798,8.9552,5.4933,5.595,6.398,6.1569,6.3021,5.7987,5.2856,6.6944,4.7085,4.2794,11.89,20.284,9.8919,21.456,8.0842,2.7507,3.4829,10.747,7.0582,3.3614,2.3943,6.3941,29.461,3.4043,2.9428,2.6692,3.6054,2.3624,2.9934,4.3141,1.4146,3.7763,3.8061,5.5419,6.1053,5.4303,4.957,4.3067,4.4434,4.22,5.0994,6.3219,5.1715,7.0957,7.5987,7.8305,7.4563,1.5463,0.98689,1.419,1.9524,2.1642,2.6819,3.6273,6.0862,6.3444,7.3073,7.8925,7.0948,7.9593,7.669,7.8397,6.9795,6.4033,6.7367,6.7879
1997,1,3.34,1.6173,0.0086433,1.4288,0.0080686,0.0080493,4.2868,0.089229,0.58816,0.0071927,0.031715,0.025768,0.026693,0.020588,0.042149,1.0453,33.226,30.781,27.566,4.8212,4.6837,5.1299,10.596,7.432,43.749,4.8586,0.42912,2.5134,2.8039,1.5862,0.10323,6.9981,0.79578,2.6632,6.0657,6.9997,5.488,3.7496,4.2957,3.9423,2.7374,0.2845,1.2256,17.729,0.60263,1.1538,8.0836,1.1155,2.7459,1.9148,0.90888,0.087016,0.18877,0.88,0.34429,1.7515,1.0102,9.3552,5.3918,5.2829,2.7814,3.9039,1.4125,6.3794,3.2658,2.3154,2.1195,2.3858,2.3961,2.1218,1.576,0.4235,1.3462,1.4306,1.9025,1.5933,1.7082,1.7972,1.7404,1.8364,1.4982,1.4582,1.3518,1.9616,1.8326,2.5504,1.3102,1.6189,1.2327,1.3164,1.4029,1.4277,1.6037,2.1148,2.2743,2.4784,2.5802,2.3932,2.2429,2.1987,2.2924,2.4161,2.1348,2.1746,2.2562,2.2601,2.1892,2.0795,1.0682,1.2275,1.5097,1.5238,1.1931,2.0553,1.6745,0.95231,1.3141,1.8894,0.68637,0.79273,0.33091,0.88853,0.85817,0.64254,0.2017,0.86915,0.84594,0.68857,0.43301,1.0384,1.1908,1.0637,1.3377,1.2614,1.3261,1.2619,1.2595,1.3198,1.2848,1.2303,2.3919,2.0611,3.4254,3.2389,3.0274,2.8567,2.8914,3.538,3.2934,2.9345,2.1095,2.0441,1.9951,1.9514,1.9331,2.0891,1.8395,1.8951,2.4333,1.8824,1.9056,1.92,2.3608,1.9555,2.3534,1.9557,2.9809,1.8594,1.8771,1.3397,1.0981,0.84839,1.6278,1.8872,1.633,2.4114,1.5427,1.544,1.4188,1.2562,1.4048,1.2885,1.2865,1.2628,3.0306,3.2676,3.3464,3.1299,3.1315,3.0479,2.4696,1.7496,1.7582,3.972,4.0852,4.7903,4.79,4.7877,5.2016,6.115,4.3097,5.1998,4.7391,5.7276,5.7336,5.9025,5.7876,3.6646,4.9585,3.2441,3.7171,2.8851,1.7828,3.7795,5.515,1.6976,1.7241,2.6812,11.935,6.9026,9.1024,18.693,8.621,12.42,7.712,2.523,0.47736,1.453,2.1254,5.1515,3.1713,2.079,2.3773,2.2878,2.3417,2.1547,1.964,2.8318,1.7496,1.5901,6.4082,10.188,5.0884,11.269,4.4485,1.928,1.3957,6.022,4.3085,1.7059,1.721,4.162,17.917,2.5356,1.0935,0.9918,1.3397,0.8778,1.1123,1.603,0.52564,1.4032,1.4142,2.0592,2.2686,2.0178,1.8419,1.6003,1.6511,1.5681,1.8948,2.3491,1.9216,2.6366,2.8235,2.9096,2.7706,0.57455,0.36671,0.52729,0.72547,0.80418,0.99654,1.3478,2.2615,2.3574,2.7152,2.9327,2.6363,2.9575,2.8496,2.913,2.5934,2.3793,2.5032,2.5222
1997,2,75.933,24.864,52.864,79.589,49.32,49.293,33.056,47.695,136.8,54.507,74.448,64.369,64.612,52.997,51.609,38.175,19.923,19.1,27.043,14.494,45.984,21.704,17.393,15.574,43.404,13.362,4.0323,9.407,6.4785,0.83408,0.03836,5.7391,0.33276,1.196,10.361,7.6656,5.1708,1.5673,2.1708,1.9458,1.3245,0.10571,0.73942,15.765,0.22392,0.42873,9.2222,0.43857,1.0203,0.71151,0.33772,0.032333,0.070143,0.32699,0.12793,0.65081,0.37537,4.1666,2.5607,2.725,1.5028,2.1568,0.94915,3.4781,1.5969,0.92079,0.898,1.2193,1.0976,0.93727,0.79767,0.15736,0.50022,0.53156,0.70691,0.59205,0.63473,0.66781,0.64671,0.69594,0.55669,0.54184,0.50231,0.74803,0.68094,1.1081,0.48685,0.60156,0.45805,0.48915,0.52127,0.5305,0.59591,0.78582,0.84506,0.92091,0.95874,0.88927,0.83341,0.81699,0.85182,0.89775,0.79326,0.80805,0.83834,0.83982,0.81346,0.77268,0.6723,0.45611,0.56099,0.56619,6.225,0.76369,0.6222,3.0494,1.2247,0.70207,0.25504,1.4073,0.12296,13.495,4.8621,1.1037,0.074947,30.878,20.111,1.0229,0.1609,21.029,4.0343,0.39523,0.88083,0.4687,0.50583,0.46889,0.46799,0.49039,0.4774,0.45716,37.691,22.133,17.099,8.744,8.1219,14.294,18.334,12.678,13.321,10.897,5.3723,10.739,10.742,5.2604,6.6748,2.9424,0.72752,7.8445,13.296,7.6444,6.4091,6.7781,11.213,8.6184,7.1891,0.72669,8.4743,14.734,21.667,24.21,24.457,49.063,2.2359,0.70123,0.60677,4.3053,0.57325,0.5737,3.3824,10.944,0.522,0.47876,0.47802,0.46922,72.713,74.761,46.812,27.228,14.794,9.1449,6.2818,0.65014,1.8774,17.966,22.489,20.238,43.183,52.148,38.449,11.741,22.715,21.218,23.238,8.9563,2.9879,11.304,3.7947,1.6585,8.2037,1.8902,44.479,12.247,0.66246,1.4044,5.8088,0.6308,0.64062,0.99628,7.4354,2.5648,3.3823,14.962,5.4845,4.6151,4.3431,0.93749,0.17738,0.53989,0.78975,2.3897,1.1784,4.5259,1.8462,0.85426,1.1549,0.80062,0.72977,1.5502,0.65009,0.59085,2.3811,5.4629,1.8907,4.5539,1.6529,0.76049,0.51861,2.2376,1.6009,0.63388,0.6395,1.5465,8.5733,0.94216,20.145,13.089,3.8067,0.32617,0.41329,0.59565,0.19531,0.52139,0.5255,0.76516,0.84295,0.75511,0.68441,0.59462,5.0879,1.6076,0.70408,0.87286,0.71402,0.9797,1.0491,1.0812,1.0295,0.21349,0.13626,0.19593,0.26957,0.29882,0.37029,0.50082,0.84032,0.87596,1.0089,1.0897,0.97958,1.0989,1.0588,1.0824,0.96365,0.8841,0.93013,0.9372
1997,3,19.079,11.176,16.152,19.222,15.663,15.659,13.405,15.749,23.262,17.032,19.109,18.114,17.793,16.183,16.102,13.965,9.5624,9.2115,12.699,8.0122,15.578,10.524,9.0813,8.4016,17.67,7.5392,3.085,5.8429,4.2441,0.32421,0.014254,2.8712,0.12365,0.44442,6.0247,4.3768,2.9423,0.58239,0.85058,0.73575,0.51078,0.039281,0.44235,8.0841,0.083205,0.1593,5.2256,0.17759,0.37912,0.26438,0.12549,0.012014,0.026064,0.1215,0.047536,0.24183,0.13948,1.5482,0.9515,1.0126,0.55839,0.80142,0.35268,1.2924,0.59336,0.34214,0.33367,0.45308,0.40784,0.34827,0.2964,0.058472,0.18587,0.19752,0.26267,0.21999,0.23585,0.24814,0.2403,0.2586,0.20685,0.20133,0.18665,0.27795,0.25302,0.41175,0.1809,0.22352,0.1702,0.18176,0.19369,0.19712,0.22143,0.29199,0.31401,0.34219,0.35625,0.33043,0.30968,0.30357,0.31652,0.33358,0.29476,0.56274,0.31151,0.34551,0.30226,0.28711,6.3832,5.7154,4.2208,6.4658,12.837,2.0215,0.30934,3.9407,2.2447,0.26087,0.094766,1.1234,0.045689,9.8236,3.5916,0.88918,0.027849,13.425,11.338,0.80939,0.059785,10.132,3.0308,0.14686,0.55126,0.17416,0.19591,0.17423,0.17389,0.18222,0.17739,0.16987,13.972,10.721,8.9756,5.5777,5.2719,7.9776,9.3705,7.3331,7.6005,6.5991,3.7921,6.5519,6.6,3.7377,4.5638,2.146,0.29701,5.1894,7.5988,5.0868,4.4172,4.6217,6.7499,5.5745,4.8178,0.27002,15.53,15.963,10.365,17.164,11.401,16.951,1.6659,0.26056,0.22546,3.0773,0.213,0.21317,2.5576,6.6579,0.19396,0.1779,0.17762,0.17435,18.733,18.959,15.57,11.828,8.1631,5.7842,4.3029,0.2416,1.3506,9.2712,10.642,10.006,15.106,16.471,14.308,7.0553,10.713,10.531,11.016,5.5568,1.5855,6.6998,2.2507,0.79118,5.2027,1.089,15.235,7.1748,0.24615,0.52183,3.7383,0.23439,0.23804,0.37019,4.1119,0.95303,1.2568,7.9462,3.1344,1.7149,2.382,0.34835,0.065909,0.20061,0.29345,1.1626,0.43786,3.2598,1.2138,0.31997,1.494,0.29749,0.27117,0.86299,0.24156,0.21955,0.88477,2.8842,0.70256,1.6921,0.6142,0.28258,0.1927,0.83145,0.59487,0.23554,0.23762,0.57465,3.1857,0.35008,16.673,13.118,13.258,6.1041,10.078,11.734,0.073837,0.48684,0.19526,0.28432,0.52926,0.28384,0.25431,0.22095,3.6588,1.1556,0.26162,0.32433,0.26531,0.36403,0.38984,0.40173,0.38253,0.079328,0.050631,0.072802,0.10016,0.11103,0.13759,0.18609,0.31224,0.32549,0.37489,0.40491,0.36399,0.40834,0.39344,0.4022,0.35807,0.32851,0.34561,0.34824
1997,4,8.2516,4.1528,6.0018,8.0115,5.8199,5.8185,4.9809,6.0369,8.8437,6.7037,7.3943,7.05,6.7364,6.0206,6.0529,5.189,3.5532,3.4228,4.7188,2.9772,5.7886,3.9106,3.3744,3.1218,6.9175,2.8014,1.1463,2.1711,1.577,0.12047,0.0052963,1.0669,0.045944,0.16514,2.2386,1.6263,1.0933,0.2164,0.31606,0.27339,0.18979,0.014596,0.16437,3.2053,0.030917,0.059194,1.9417,0.06599,0.14087,0.098237,0.046628,0.0044642,0.0096846,0.045147,0.017663,0.089857,0.051827,0.57529,0.35355,0.37624,0.20748,0.29779,0.13105,0.48022,0.22048,0.12713,0.12399,0.16835,0.15154,0.12941,0.11013,0.021727,0.069065,0.073392,0.097603,0.081743,0.087637,0.092205,0.08929,0.096088,0.076861,0.074811,0.069353,0.10328,0.094017,0.153,0.067218,0.083056,0.063243,0.067537,0.071971,0.073246,0.082277,0.1085,0.11668,0.12715,0.13237,0.12278,0.11507,0.1128,0.11761,0.12395,0.10952,0.36437,0.11575,0.1487,0.11231,0.10668,4.458,4.1291,3.2178,4.539,7.2063,1.6315,0.16215,2.2692,1.5569,0.096934,0.035213,0.41742,0.016977,4.694,1.3346,0.3304,0.010348,5.483,4.9813,0.30075,0.022215,3.766,1.1262,0.05457,0.20484,0.064714,0.072796,0.064739,0.064615,0.067708,0.065914,0.063119,5.1918,4.1305,3.3351,2.0725,1.9589,2.9643,3.4819,2.7248,2.8242,2.4521,1.4091,2.4345,2.4801,1.3888,1.6958,0.7974,0.11036,1.9283,4.2342,1.8904,1.6413,1.7173,4.7024,2.2335,3.153,0.10033,8.5678,8.2956,3.8685,8.4991,4.4419,6.9655,0.61901,0.096818,0.083776,1.1434,0.079148,0.07921,0.95036,2.4739,0.072072,0.066102,0.066,0.064785,6.9606,7.0446,5.7856,4.3951,3.0332,2.1493,1.5988,0.089772,0.50185,3.445,3.9544,3.718,5.6131,6.1203,5.3164,2.7216,3.9806,4.0433,4.1794,2.0648,0.58914,2.4915,0.8363,0.29399,1.9332,0.40466,5.6608,2.666,0.091465,0.1939,1.3891,0.087094,0.08845,0.13756,1.5279,0.35413,0.46698,3.246,1.1647,0.6372,0.88509,0.12944,0.02449,0.074542,0.10904,0.432,0.1627,1.2113,0.45103,0.1189,1.0502,0.11054,0.10076,0.32067,0.089758,0.081579,0.32876,1.0717,0.26105,0.62876,0.22822,0.105,0.071604,0.30895,0.22104,0.08752,0.088295,0.21353,1.1837,0.13008,8.4191,6.8889,7.5132,4.3565,6.3026,6.9962,0.028206,0.35369,0.072556,0.10564,0.32513,0.10547,0.094495,0.082099,1.3595,0.42938,0.097211,0.12051,0.098584,0.13527,0.14485,0.14927,0.14214,0.029477,0.018813,0.027051,0.037219,0.041257,0.051126,0.069148,0.11602,0.12094,0.1393,0.15046,0.13525,0.15173,0.14619,0.14945,0.13305,0.12207,0.12842,0.1294
1997,5,41.001,1.5431,7.9269,14.436,2.1626,2.5148,1.8508,5.3495,9.6311,9.3469,8.768,8.4844,5.9752,3.5607,4.6111,4.2676,1.3203,1.2718,1.8857,1.1062,23.165,1.67,1.2538,1.16,11.092,2.5881,0.42594,1.4621,0.64665,0.044763,0.001968,0.39642,0.017072,0.061361,3.2931,1.1466,0.42026,0.08041,0.11744,0.10158,0.070523,0.0054235,4.9056,31.919,0.36766,0.047646,16.572,0.0384,0.088383,0.036503,0.017326,0.0016588,0.0035986,0.016776,0.0065633,0.033389,0.019258,0.21376,0.13137,0.1398,0.077096,0.11065,0.048695,0.17844,0.081925,0.04724,0.04607,0.062556,0.05631,0.048085,0.040923,0.0080732,0.025663,0.027271,0.036267,0.030374,0.032564,0.034261,0.033178,0.035704,0.02856,0.027798,0.02577,0.038377,0.034935,0.05685,0.024977,0.030862,0.023499,0.025095,0.026743,0.027216,0.030572,0.040315,0.043354,0.047246,0.049187,0.045623,0.042757,0.041914,0.043701,0.046058,0.040697,0.13539,0.043009,0.055253,0.041733,0.039641,1.6565,1.5343,1.1957,1.6866,2.6777,0.60621,0.060251,0.84319,0.57851,0.036018,0.013084,0.1551,0.0063082,1.7442,0.4959,0.12277,0.003845,2.0706,1.8509,0.11175,0.0082545,1.4114,0.41845,0.020277,0.076112,0.024046,0.027049,0.024055,0.024009,0.025159,0.024492,0.023454,5.7318,1.5348,2.696,0.77011,0.72789,1.1015,1.3581,3.0566,2.7945,0.93844,0.52358,0.90461,0.92154,0.51606,0.63012,0.29629,0.041008,2.9805,15.032,2.1985,0.62902,0.63812,10.93,1.4842,5.1819,0.037282,4.2124,3.1206,1.4374,3.1581,1.6505,2.5882,0.23001,0.035975,0.031129,0.42488,0.029409,0.029433,0.35313,0.91925,0.02678,0.024562,0.024524,0.024073,80.546,84.701,59.548,14.941,3.561,2.107,5.9221,1.7235,0.77493,15.716,15.271,6.0136,19.568,33.535,29.108,32.524,27.988,41.065,43.368,15.759,15.259,26.418,16.956,16.281,24.095,13.474,60.819,29.048,0.033986,0.072049,11.219,0.032362,0.032866,0.051112,15.923,1.9922,1.02,19.89,14.13,0.23677,11.197,0.11489,1.0602,0.79288,1.7954,8.8971,4.8642,0.45008,0.16759,0.044179,0.39023,0.041074,0.03744,9.4443,0.033352,0.047483,7.3794,25.014,0.097001,3.8223,0.084802,3.6074,0.026606,0.1148,0.082133,0.03252,0.032808,0.079341,1.4718,0.048336,3.1283,2.5598,2.7917,1.6188,2.3419,2.5996,0.010481,0.13142,0.02696,0.039255,0.12081,0.03919,0.035112,0.030506,0.50516,0.15955,0.036121,0.04478,0.036632,0.050262,0.053825,0.055467,0.052816,0.010953,0.0069906,0.010052,0.01383,0.01533,0.018997,0.025694,0.043111,0.04494,0.05176,0.055906,0.050256,0.056379,0.054322,0.055532,0.049439,0.045357,0.047719,0.048081
1997,6,66.217,8.448,12.733,16.801,0.80355,3.7474,3.8791,5.2104,5.7487,7.1851,6.0421,6.1823,4.0134,2.0234,3.1096,4.8971,7.1273,7.888,15.452,3.9053,73.299,33.111,22.566,24.95,37.197,22.498,4.7458,10.751,2.5493,0.016633,0.00073125,0.15397,0.0063434,0.0228,12.911,2.1296,0.34818,0.029878,0.043638,0.037746,0.026205,0.0020152,29.917,40.905,6.9793,4.4211,30.476,3.1208,4.3513,0.68883,0.0064379,0.00061637,0.0013371,0.0062334,0.0024388,0.012407,0.0071558,0.079429,0.048815,0.051948,0.028647,0.041116,0.018094,2.6356,0.030441,0.017553,0.017119,0.023244,0.020924,0.017867,0.015206,0.0029998,0.0095358,0.010133,0.013476,0.011286,0.0121,0.012731,0.062286,0.92489,0.010612,0.039295,0.0095755,0.01426,0.012981,0.021124,0.0092808,0.011468,0.0087318,0.0093248,0.009937,0.010113,0.01136,0.01498,0.01611,0.017555,0.018277,0.016952,0.015887,0.015574,0.016238,0.017114,0.015122,4.9407,3.0039,6.3436,0.84662,0.01473,12.138,7.0403,5.8813,13.512,26.545,7.3603,2.3401,11.743,11.225,0.55299,0.0048618,4.0953,0.002344,29.934,13.899,4.835,0.0014287,44.123,37.232,4.7182,0.0030672,46.27,28.897,0.0075344,28.075,0.01569,18.347,2.783,4.7981,14.053,5.0795,2.6911,46.219,63.226,40.703,19.824,10.359,15.512,25.66,33.496,33.267,25.944,22.025,37.513,52.124,35.615,36.867,18.363,10.609,24.703,40.664,22.891,15.324,10.595,39.272,23.87,40.034,11.351,44.514,45.351,30.792,42.107,21.616,40.009,7.9766,10.525,3.7769,27.606,5.4872,17.38,21.834,28.61,0.8111,2.6094,0.0091125,2.8897,119.61,118.06,103.95,67.569,46.015,40.24,41.427,29.018,21.024,72.917,73.28,67.119,78.346,80.917,71.203,59.502,74.384,70.588,73.926,52.813,48.404,58.886,50.607,53.42,55.155,50.697,94.376,76.681,0.87133,12.948,41.277,4.7305,2.6874,17.589,55.81,46.579,31.182,59.076,64.772,12.211,59.952,19.33,20.987,24.689,29.296,51.557,29.724,9.7449,21.517,39.609,38.313,21.512,39.453,72.293,36.152,27.268,36.315,48.223,0.27721,12.863,0.03151,16.678,0.0098863,0.042656,0.030519,0.012084,0.012191,0.029481,5.8402,0.01796,35.02,27.712,25.763,7.6091,11.244,16.956,0.0038944,2.3235,0.010018,0.033713,14.374,7.7444,3.0227,2.2781,1.8044,1.2327,0.013422,0.016639,0.013611,0.018676,0.02,0.02061,0.019625,0.0040698,0.0025975,0.003735,0.0051388,0.0056963,0.0070589,0.0095473,0.016019,0.016699,0.019233,0.020773,0.018674,0.020949,0.020185,0.020634,0.01837,0.016854,0.017731,0.017866
1997,7,60.984,35.971,35.857,13.505,0.29858,11.234,13.825,21.885,5.2304,25.101,16.48,19.898,13.126,8.8169,14.181,15.379,17.949,15.678,21.893,13.753,40.309,33.871,23.711,23.364,28.184,20.144,8.9625,12.614,3.2706,0.0061804,0.00027172,0.06127,0.0023571,0.0084721,11.168,1.5361,0.2389,0.011102,0.016215,0.014026,0.0097371,0.00074882,15.952,18.246,4.7922,3.3895,15.357,2.5402,3.3406,0.63763,0.0023922,0.00022903,0.00049685,0.0023162,0.00090619,0.00461,0.0026589,0.029514,0.018139,0.019302,0.010645,0.015278,0.0067232,4.2755,0.011311,0.0065223,0.0063609,0.008637,0.0077747,0.0066391,0.0056502,0.0011147,0.0035433,0.0037653,0.0050074,0.0041937,0.0044961,0.0047304,0.053421,0.84609,0.0039432,0.032199,0.003558,0.0052986,0.0048234,0.0078492,0.0034485,0.0042611,0.0032446,0.0034649,0.0036923,0.0037577,0.0042211,0.0055663,0.0059859,0.0065232,0.0067911,0.0062991,0.0059034,0.0057871,0.0060338,0.046869,0.005619,6.9405,5.296,8.3216,2.318,0.019037,11.783,7.5123,6.9342,12.209,18.322,8.2808,3.9359,11.171,11.006,1.6368,0.0018065,6.155,0.62033,19.896,14.785,8.0378,0.0029244,25.52,22.763,8.0959,0.72151,25.819,21.055,0.3874,20.615,0.90258,17.027,5.6303,7.7363,13.295,6.8422,4.5616,26.94,23.498,24.123,16.856,11.272,13.874,17.518,18.069,18.282,15.952,13.207,18.501,18.882,15.451,15.574,10.778,7.0757,16.666,21.171,15.171,12.386,10.4,18.923,14.84,17.091,7.0454,25.259,26.414,22.262,25.422,17.893,25.488,6.6348,6.8902,3.0505,14.207,5.0037,11,13.374,19.81,1.0593,4.0969,0.003386,4.6266,54.851,52.227,45.865,33.98,26.708,24.077,22.227,17.198,15.028,55.316,51.791,35.204,38.539,40.249,36.155,29.158,45.661,32.202,33.425,27.574,25.065,29.56,25.269,26.666,26.491,25.407,42.27,35.221,2.0182,11.467,20.4,5.7548,4.0657,12.292,22.137,18.979,15.853,23.62,23.238,9.7126,22.245,11.857,11.908,13.255,14.62,20.353,14.006,11.415,17.355,17.525,22.097,15.214,15.15,22.199,14.289,12.235,15.358,18.706,0.24601,7.3389,0.011709,9.2309,0.0036735,0.01585,0.01134,0.0044901,0.0045298,0.010955,3.9999,0.0066737,22.636,19.776,18.135,7.3758,9.6358,13.837,0.0014471,3.7607,0.0037223,0.81501,17.706,11.601,5.6322,2.7719,3.2999,1.9433,0.0049873,0.0061828,0.0050577,0.0069396,0.0074315,0.0076583,0.0072923,0.0015122,0.00096518,0.0013878,0.0019094,0.0021166,0.0026229,0.0035475,0.0059524,0.0062048,0.0071465,0.0077189,0.0069387,0.0077842,0.018413,0.0076672,0.0068259,0.0062625,0.0065885,0.0066385
1997,8,44.077,27.04,18.207,7.6639,0.11095,9.5977,19.509,21.488,10.374,22.645,18.646,20.149,15.817,12.066,15.776,15.741,34.572,31.417,32.012,21.463,45.72,40.973,36.876,36.042,34.589,26.805,14.718,15.599,2.9552,0.0022965,0.00010096,0.022767,0.00087583,0.003148,11.176,0.57964,0.088768,0.0041253,0.006025,0.0052116,0.0036181,0.00027824,15.887,13.012,4.2354,3.3314,12.971,3.4912,3.604,1.6613,0.093154,8.5102e-05,0.00018462,0.00086064,0.00033672,0.001713,0.00098799,9.1268,1.7833,8.8642,19.077,19.702,28.296,21.256,15.326,10.774,8.2676,14.683,9.0679,9.5623,21.221,7.3316,2.1726,1.1464,0.39093,0.0015583,0.094258,0.66905,2.6382,4.8694,1.9718,3.2842,1.4471,4.6127,1.8049,8.5411,0.0012814,0.85978,0.0012056,0.0012875,0.3254,0.67729,0.34458,2.4703,6.2269,8.5673,7.5364,35.539,39.458,40.119,34.551,35.396,24.999,53.399,53.061,55.967,49.593,41.064,57.405,51.716,52.482,59.137,63.808,56.441,54.957,69.245,65.539,50.062,47.101,65.162,53.367,70.305,67.396,61.709,44.715,72.165,71.282,61.644,50.687,72.393,70.043,48.96,70.37,54.642,72.397,76.411,80.048,84.912,91.344,92.137,73.577,57.329,54.828,54.934,58.025,63.37,66.457,68.485,67.74,66.71,57.058,60.102,47.2,50.161,58.572,63.38,62.262,66.849,73.27,68.506,64.67,60.383,76.988,69.646,80.212,79.767,54.93,57.866,59.059,63.056,70.467,73.335,72.484,78.56,70.612,74.958,76.385,86.532,85.864,77.79,78.681,89.518,75.367,91.193,49.992,48.399,49.918,55.998,55.594,56.183,67.522,75.049,69.064,53.972,52.284,43.045,44.161,44.468,41.217,34.329,47.705,36.123,37.66,34.869,31.358,35.343,30.669,41.238,37.256,44.996,45.642,55.01,51.085,34.285,25.073,44.007,47.467,29.655,18.107,19.666,15.116,19.729,18.756,12.49,17.823,11.835,10.118,11.514,12.267,16.203,11.222,53.031,48.06,36.786,44.761,37.899,34.102,24.678,22.53,15.047,13.622,13.866,2.5656,8.447,0.0043506,7.0809,0.001365,0.15204,0.0042137,0.0016684,0.0016832,0.0040705,9.4007,0.0024798,64.222,64.344,60.338,55.189,57.284,54.835,34.215,39.228,19.844,24.014,40.273,36.511,30.901,24.767,25.192,21.994,14.029,9.3397,13.54,16.262,16.207,10.893,11.007,0.00056191,0.00035864,0.00051569,0.00071066,1.757,3.9146,4.8107,6.2579,8.3232,5.7657,8.815,4.1654,9.8246,19.653,16.282,25.303,2.1962,5.7987,22.998
1997,9,18.771,13.332,8.536,3.3087,0.041225,4.9918,10.386,10.823,6.1602,11.204,9.6069,10.192,8.3759,6.6797,8.302,8.1824,15.573,14.178,14.422,10.663,18.636,17.425,16.066,15.774,15.28,12.616,7.9894,8.2654,1.6848,0.00085332,3.7516e-05,0.0084595,0.00032544,0.0011697,6.1371,0.21538,0.032984,0.0015329,0.0022388,0.0019365,0.0013444,0.00010339,12.936,10.381,3.2104,2.2839,8.2232,2.4913,2.4661,1.3618,0.09026,3.1622e-05,6.86e-05,0.0003198,0.00012512,0.0006365,0.00036712,5.8879,1.5592,5.7673,9.5313,9.7624,12.145,10.832,8.6382,6.7088,5.5271,8.282,5.9866,6.1737,10.321,5.0252,1.8619,1.0418,0.37217,0.00057902,0.090862,0.6261,2.1995,3.5972,1.7084,2.6559,1.2918,3.5152,1.5783,5.6453,0.00047614,0.79514,0.00044797,0.00047839,0.31127,0.63367,0.32912,2.0835,4.4677,5.7525,5.2886,14.314,14.85,14.909,13.925,14.552,11.777,18.678,18.512,19.29,17.586,15.67,18.411,17.268,17.478,18.968,19.93,19.296,18.196,19.974,19.853,17.329,15.715,18.847,16.435,20.84,19.988,18.535,15.003,21.554,21.206,18.54,16.077,21.691,21.162,16.002,21.478,17.208,21.478,21.408,22.179,23.367,24.932,25.249,58.813,64.697,47.251,50.335,57.73,64.59,63.207,56.076,56.086,56.98,59.195,63.759,62.672,55.951,48.301,43.872,36.479,29.605,35.217,26.919,24.472,22.42,30.579,23.868,29.566,23.809,19.557,19.747,19.821,20.375,20.602,21.691,20.953,23.471,25.798,35.117,28.319,26.208,23.172,22.064,23.481,25.561,23.416,25.05,20.403,19.638,21.577,36.931,44.019,43.969,46.746,45.712,35.026,20.735,20.282,17.633,18.087,18.285,17.446,15.618,19.21,16.03,16.531,15.738,14.824,15.881,14.72,19.208,17.751,21.865,18.909,25.831,30.06,19.941,16.358,27.459,25.563,18.509,13.454,12.874,12.406,13.597,11.517,10.739,11.264,11.685,11.445,10.905,10.873,11.445,8.0555,20.407,17.961,16.973,17.34,15.433,15.607,13.758,11.799,8.5269,7.5156,7.3194,2.121,5.1778,0.0016166,5.7743,0.0005072,0.1441,0.0015657,0.00061994,0.00062543,0.0015125,5.8679,0.00092143,20.266,20.017,19.439,17.92,18.484,18.401,13.261,14.577,9.8222,10.98,15.925,14.703,13.01,11.254,11.436,10.474,7.8761,5.9858,7.6976,9.0607,9.5208,7.3782,7.1647,0.00020879,0.00013326,0.00019162,0.00026476,1.5409,3.0773,3.6354,4.4619,5.5315,4.3472,6.3778,3.2904,6.9701,10.926,9.8198,12.172,1.8793,4.2939,11.373
1997,10,57.131,60.241,67.414,71.332,57.748,65.161,52.651,48.512,44.116,45.951,45.488,45.561,40.635,33.341,37.437,25.975,40.109,30.307,29.063,22.197,42.59,45.425,37.13,34.619,34.29,18.638,6.6408,6.1698,1.3966,0.00031708,1.394e-05,0.12733,0.00012093,0.00043465,6.0073,0.42741,0.022839,0.00056958,0.00083187,0.00071956,0.00049954,3.8417e-05,36.548,31.003,19.108,15.329,20.8,5.6876,11.155,7.7285,1.4247,1.175e-05,0.52343,2.5491,3.3467,0.42704,0.00013641,11.89,6.643,11.3,9.7861,13.752,14.905,15.446,12.791,11.09,8.5155,10.913,9.4904,9.4493,13.296,4.9984,1.6075,0.38712,2.5835,0.80001,1.6978,3.139,6.4915,8.3166,5.2953,6.4532,3.6362,6.6879,3.3099,8.939,0.15097,2.2528,0.058201,0.050123,1.6458,2.8069,0.91275,1.6146,2.4564,3.053,2.8237,5.9553,5.9306,5.9236,5.5978,7.3771,5.371,11.366,9.9886,10.418,9.8709,8.9796,14.165,18.652,16.82,14.597,11.289,12.399,10.542,8.6619,9.3729,9.8472,6.9955,7.593,6.154,8.2628,7.4886,7.056,5.6187,8.0127,7.9605,6.9994,6.0311,8.1128,8.0731,6.1803,8.502,7.1119,8.9245,12.812,13.828,15.762,24.73,27.254,88.375,170.39,88.83,87.283,85.119,84.32,84.225,83.81,84.17,86.016,123.69,137.95,192.07,166.92,131,99.56,95.339,44.718,52.192,40.438,37.232,34.026,47.903,34.947,53.201,41.735,26.208,13.598,15.143,9.482,8.2405,8.0597,24.7,39.096,58.143,66.243,59.622,42.414,22.426,9.6336,32.644,31.33,30.881,27.004,94.924,87.883,90.057,91.581,88.058,84.747,74.014,63.624,50.87,49.382,48.229,43.669,42.75,40.982,36.75,28.931,44.479,35.934,39.629,30.849,28.144,30.184,30.051,42.096,35.434,46.774,62.445,74.648,49.005,40.904,40.553,51.689,45.38,46.002,49.464,44.122,49.928,53.774,43.811,53.048,44.081,43.039,38.969,40.695,40.766,42.898,35.282,29.567,20.008,21.585,17.446,12.642,9.7512,25.088,13.431,16.339,19.497,22.306,6.4312,15.049,2.6398,29.091,4.9732,6.1386,0.064689,2.7079,0.50358,1.0853,15.918,0.035229,9.1454,9.3084,14.336,20.125,20.452,20.089,17.11,16.699,10.291,9.7096,16.852,15.649,12.848,9.3338,11.684,10.247,7.7271,4.2723,7.0672,5.5073,5.7664,5.1191,4.6826,0.085946,4.9517e-05,0.0055929,1.4264,3.9254,4.5823,4.7511,3.0512,4.196,2.7495,4.5282,1.9384,4.9203,6.3171,6.1097,5.6098,0.89589,2.0021,5.0202
1997,11,52.592,54.952,65.656,63.422,65.895,66.955,49.736,69.039,58.249,70.931,66.629,68.579,64.268,60.301,64.452,51.792,27.873,23.533,26.305,31.199,40.338,37.923,31.811,32.066,29.842,26.525,15.43,13.99,13.52,8.2225,2.4992,21.087,5.3774,6.5051,17.227,16.029,11.976,4.7452,7.6154,6.3985,4.0802,1.4275e-05,39.434,35.983,29.259,25.773,29.202,12.483,18.305,12.106,4.2029,0.33108,0.7923,3.1567,11.796,8.8535,2.2193,33.441,22.159,23.892,16.834,19.784,16.414,21.076,14.052,12.567,6.718,9.1252,7.097,7.4247,14.462,6.5254,1.8146,0.23941,2.1873,0.74333,1.5172,2.6768,11.827,12.097,8.3317,8.8865,4.4549,7.6984,3.0261,8.7836,0.14644,2.1207,0.056765,0.048894,1.9378,2.8265,0.82939,1.0674,1.35,1.6015,1.4762,2.2949,2.2037,2.2011,2.0957,3.4953,2.3544,6.594,5.2068,5.4607,5.3653,5.0069,9.23,11.998,10.73,9.2249,6.6149,7.6074,6.1844,4.0144,4.6978,5.5613,3.2695,3.1021,2.2867,3.6841,2.7826,2.6953,2.1053,3.6786,3.4501,2.6339,2.2512,3.8553,3.0158,2.3334,3.3204,3.1575,4.0878,10.554,11.783,14.772,24.287,26.163,63.352,81.612,54.014,54.588,56.858,60.071,57.43,47.163,48.396,51.975,61.601,70.947,76.012,70.225,62.669,57.684,58.458,44.632,46.454,44.445,43.71,42.575,47.618,41.382,50.65,49,18.881,8.8233,14.288,5.1017,4.7838,3.2145,33.493,46.774,50.977,51.303,46.322,41.906,27.712,6.1562,32.917,29.365,29.277,26.261,54.236,50.737,52.034,58.186,56.488,53.115,50.147,46.848,44.91,45.082,44.716,43.759,43.779,43.495,42.905,40.929,44.611,42.765,43.556,39.414,40.224,40.805,40.817,43.924,42.16,44.426,47.125,48.981,43.926,42.061,41.315,43.74,43.362,44.34,42.917,41.66,40.768,41.325,43.164,38.838,43.628,39.661,38.905,39.705,40.083,43.139,43.747,32.594,15.824,22.846,10.616,7.1448,5.3034,26.08,12.593,19.862,35.122,49.757,25.185,42.54,23.956,39.481,25.654,31.106,11.951,18.927,10.194,15.497,39.354,8.0831,4.5545,4.7694,9.1791,13.573,13.782,12.674,11.156,10.089,6.8117,5.7191,9.2247,8.6599,7.265,5.3923,6.6562,5.9808,4.7662,2.594,4.4188,3.0107,3.0831,2.9926,2.6739,0.73668,1.8399e-05,0.087965,3.1438,4.4611,3.9552,3.4941,1.8751,2.6515,1.5905,2.696,1.1062,2.9058,3.2342,3.2996,2.4053,0.45063,0.95183,2.085
1997,12,344.95,300.47,195.67,109.37,97.159,160.6,232.34,127.12,91.132,110.36,103.86,106.84,109.84,119.43,117.8,164.19,356.63,342.56,313.83,259.93,382.68,380.75,362.75,346.04,365.55,279.16,276.63,272.38,237.14,224.71,179.88,239.98,221.86,229.86,247.9,255.73,252.27,240.33,242.85,225.56,199.36,133.39,115.87,111.86,97.474,102.13,135.98,150.32,109.81,109.35,130.25,121.06,94.091,94.36,100.5,96.614,92.825,156.52,129.12,126.01,125.47,111.24,95.369,109.77,83.522,79.571,49.036,60.93,45.485,50.05,88.036,84.196,66.707,75.774,32.137,31.481,33.476,35.049,104.98,97.579,91.478,90.564,73.98,75.373,50.529,67.404,44.53,45.304,43.911,48.627,64.088,68.113,67.034,50.429,58.31,61.039,62.483,45.21,39.018,37.242,39.756,63.435,56.71,96.384,86.738,94.531,81.249,78.018,72.937,89.987,80.431,82.165,86.128,107.98,87.803,84.35,90.744,80.499,64.218,63.667,16.181,69.38,28.395,26.623,22.883,50.248,57.442,22.811,18.733,41.188,19.913,8.3115,12.879,9.9316,12.354,33.012,36.473,53.326,62.422,60.011,145.47,89.464,164.19,164.19,164.85,166.34,164.08,165.59,162.35,159.98,132.22,112.82,87.048,104.87,134.21,156.87,155.33,137.18,133.22,152.64,161.4,166.74,163.92,166.94,200.1,214.45,97.994,63.783,91.932,61.118,58.472,48.151,171.38,202.98,161.01,183.04,110.74,139.85,138.1,44.782,98.618,67.011,66.657,63.269,164.92,157.49,153.61,161.68,160.12,148.4,119.47,92.474,115.59,386.44,395.31,442.19,415.15,373.92,310.84,199.37,308.6,203.94,199.8,240.26,192.13,223.11,185.31,142.17,168.89,131.64,180.27,132.7,112.76,129.56,126.29,108.01,118.72,108.43,97.542,94.848,100.66,104.63,84.377,102.41,82.898,95.18,81.485,81.819,81.127,79.163,89.708,125.72,74.489,90.084,42.397,24.549,51.192,76.374,71.883,88.61,128.56,128.77,160.51,149.58,123.22,92.153,102.73,140.35,114.51,101.9,97.24,117.66,153.51,102.18,67.824,67.425,78.96,104.17,103.19,81.64,96.229,88.056,95.408,87.363,18.622,37.684,36.478,62.795,98.935,92.019,81.971,70.202,80.181,68.461,70.497,75.986,71.892,87.196,67.288,79.461,92.061,90.167,87.587,84.116,68.484,73.912,68.853,76.282,66.074,76.905,69.053,72.986,52.814,60.287,58.208,49.595
1998,1,268.22,304.18,305.39,316.26,343.49,336.35,367.47,487.61,424.65,502.77,476.25,488.15,473.98,471.63,484.25,454.44,325.72,322.55,339.02,367.44,264.2,293.27,300.85,291.99,314.28,277.91,287.55,290.07,348.42,370.64,411.12,381.45,360.41,402.24,299.93,377.66,379.81,413.49,401.32,375.81,323.11,246.05,127.11,121.37,113.41,116.59,152.58,186.97,122.32,117.05,170.08,180.21,107.45,92.052,108.29,50.311,26.258,38.844,30.501,28.639,25.506,24.9,22.86,26.034,21.515,20.948,16.343,18.322,15.804,16.58,21.98,20.574,18.092,18.762,12.88,12.649,13.11,13.512,24.43,23.24,21.797,21.736,19.238,19.857,16.163,19.109,14.96,15.278,14.855,15.567,17.788,18.869,21.443,20.509,26.094,29.255,31.536,32.037,31.953,31.446,30.681,32.497,31.463,34.888,35.293,36.465,33.419,32.418,23.36,25.582,25.959,27.098,26.693,35.199,31.492,28.738,31.148,31.578,26.3,25.406,10.487,23.151,13.73,12.317,11.109,19.473,20.13,11.12,9.6959,18.029,10.174,5.4041,7.4822,6.1374,7.213,14.804,15.844,21.276,22.424,21.424,62.597,31.069,79.016,76.868,74.41,74.647,71.794,63.731,64.694,64.597,48.426,39.967,29.432,34.313,43.399,52.666,49.086,77.432,79.923,75.728,74.87,74.191,76.841,69.633,71.377,65.269,41.19,27.455,40.89,22.923,26.322,20.29,58.244,64.224,48.881,63.287,34.848,43.322,45.408,20.041,32.027,23.269,23.164,22.361,114.23,117.06,108.9,94.13,86.371,83.983,81.917,81.955,79.578,248.85,250.71,260.85,257.1,250.92,241.89,220.74,232.59,207.28,198.97,237.94,217.86,227.92,207.29,170.47,191.16,153.94,156.14,109.91,92.644,144.15,137.34,80.473,75.855,68.724,71.46,59.815,72.733,64.993,49.44,61.82,49.054,84.293,75.761,65.248,62.365,50.828,75.915,63.178,36.457,46.892,20.261,12.78,21.478,39.284,26.698,30.676,44.65,77.782,42.459,75.963,81.721,99.994,122.16,67.775,54.684,94.038,44.239,40.82,45.846,29.374,22.9,22.445,24.544,27.139,27.092,24.752,25.527,23.839,27.216,24.811,10.241,15.494,14.91,19.019,22.421,22.158,23.232,26.861,23.8,30.489,33.804,34.324,32.389,20.802,18.262,20.177,21.553,21.652,22.282,22.593,27.089,28.022,32.765,34.844,32.755,35.197,34.847,35.234,32.937,32.4,32.649,32.09
1998,2,84.468,101.91,104.11,88.839,89.661,99.078,91.558,76.961,67.5,72.862,71.353,72.327,70.876,69.504,71.187,69.698,87.72,79.238,76.449,70.392,75.093,82.325,80.773,79.286,73.638,66.121,55.108,54.723,55.588,54.531,56.33,56.713,54.046,49.538,52.213,49.776,48.566,44.622,46.538,46.192,45.879,41.8,43.011,39.097,40.316,42.156,43.21,43.512,41.138,38.184,40.12,39.292,32.425,30.485,41.089,21.204,11.76,17.025,13.14,11.905,9.7353,9.4875,8.4942,10.448,7.9946,7.7838,6.0728,6.8081,5.8723,6.1606,8.1673,7.6448,6.7226,6.9714,4.786,4.7001,4.8712,5.0208,9.7972,9.0455,8.2805,8.2341,7.1485,7.3783,6.0057,7.1005,5.5587,5.6771,5.5199,5.7842,6.6097,7.3235,9.4751,9.4192,12.193,13.519,14.381,14.485,14.403,14.226,14.001,14.728,14.346,15.63,15.761,16.183,15.084,14.71,10.258,11.154,11.628,12.264,12.048,15.744,14.315,13.145,14.17,14.377,12.204,11.78,4.8181,10.41,5.9426,4.948,4.3773,8.6724,8.8315,4.3873,3.7298,8.1241,3.9636,2.008,2.8149,2.2805,2.6965,6.0517,6.5227,9.3481,9.4062,8.6959,47.994,13.069,66.386,60.719,54.951,56.324,49.171,30.547,31.67,33.081,21.789,17.906,12.073,14.798,18.792,21.801,20.746,33.928,34.707,30.862,30.757,31.081,29.976,26.798,27.161,24.889,17.826,12.68,17.669,10.446,12.252,9.3137,22.931,24.583,20.65,25.575,15.302,18.749,19.364,9.1882,14.171,9.635,9.5764,9.2431,108.44,107.8,102.97,87.097,76.103,67.334,48.81,37.271,34.553,70.028,70.191,71.435,72.249,73.294,75.769,80.174,76.273,84.721,85.627,80.348,78.259,79.454,76.499,75.76,72.909,67.917,92.509,75.716,38.708,54.208,49.626,32.314,31.261,27.516,27.066,24.28,27.364,26.297,20.47,24.291,20.276,30.178,27.132,24.594,23.869,20.703,29.516,26.235,16.172,22.001,9.352,5.5037,10.28,18.266,12.194,13.782,19.344,32.024,18.681,31.865,34.777,36.653,51.051,28.441,23.273,39.855,18.963,17.769,20.397,13.155,10.277,9.9952,10.857,11.78,11.761,10.8,11.01,10.13,12.199,10.98,4.1865,6.3363,6.0006,7.6752,8.9075,8.9653,10.119,12.412,10.542,13.984,15.2,15.394,14.7,8.2226,7.0138,8.0884,8.468,8.5789,9.2576,9.6466,12.543,12.916,14.83,15.571,14.82,15.692,15.545,15.69,14.83,14.679,14.757,14.531
1998,3,137.62,211.08,154.29,105.31,99.231,141.82,222.11,133.23,135.29,120.86,124.39,121.58,131.04,144.06,134.93,166.19,343.33,324.04,287.84,224.55,144.13,222.19,255.99,234.05,285.81,195.03,185.23,186.75,192.34,207.77,206.27,227.94,209.47,176.87,159.45,162.92,154.2,122.72,140.6,133.26,124.37,89.85,35.658,35.975,30.861,33.842,51.993,59.347,36.673,36.005,50.853,58.143,32.947,29.228,35.757,9.1636,4.3696,6.3263,4.8825,4.4237,3.6174,3.5253,3.1563,3.8823,2.9706,2.8923,2.2565,2.5297,2.182,2.2891,3.0348,2.8406,2.4979,2.5904,1.7784,1.7465,1.81,1.8656,3.6404,3.3611,3.0768,3.0596,2.6562,2.7416,2.2316,2.6384,2.0655,2.1095,2.0511,2.1493,2.456,2.7213,3.5207,3.4999,4.5306,5.0233,5.3436,5.4059,5.357,5.2864,5.2026,5.4727,5.3306,5.9128,6.3204,7.4272,5.6049,5.4659,3.8117,4.1446,4.3206,4.557,4.4768,5.9343,5.319,4.8845,5.2651,5.3421,4.5347,4.3772,1.7903,3.8683,2.2081,1.8386,1.6265,3.3475,3.2816,1.6302,1.3859,3.2962,1.4728,0.74614,1.0459,0.84739,1.002,2.2487,2.4237,3.4735,3.4951,3.2312,27.845,4.8561,25.818,25.265,26.044,29.825,25.09,13.574,14.087,14.906,8.7866,6.9137,4.4859,5.4985,6.9827,8.1064,7.7087,28.088,32.981,26.083,24.224,24.825,28.1,21.546,14.799,9.2482,10.714,5.3388,11.164,3.8988,4.5526,3.5445,8.5472,9.2199,7.6731,10.233,5.6858,6.9668,7.1954,3.4141,5.2657,3.5801,3.5584,3.4345,62.474,60.963,54.461,44.423,33.582,28.896,28.368,30.708,29.393,104.64,105.42,110.39,108.68,105.79,102.02,94.115,98.797,89.862,86.959,119.44,93.706,100.37,86.102,75.637,80.858,67.45,71.962,49.825,35.539,55.942,45.048,25.463,25.825,19.746,14.644,13.758,13.381,17.63,10.845,10.035,10.61,16.986,14.35,12.42,12.023,10.721,19.812,17.312,6.0406,10.69,3.475,2.0451,4.0503,7.7914,4.5799,5.1215,7.3154,22.532,7.09,16.052,19.929,24.138,38.854,13.245,9.928,28.774,7.2375,6.6034,8.0928,4.8882,3.8187,3.714,4.0343,4.3772,4.3701,4.0131,4.0911,3.7642,4.533,4.0799,1.5556,2.3544,2.2297,2.8519,3.3098,3.3313,3.7598,4.6122,3.9171,5.196,5.6479,5.72,5.4623,3.0553,2.6062,3.0055,3.1465,3.1877,3.4399,3.5845,4.6608,4.7993,5.5107,5.7857,5.5067,5.8308,5.7762,5.8302,5.5105,5.4542,5.4833,5.3994
1998,4,184.58,216.32,226.4,222.56,217.23,222.14,209.39,169.69,196.83,162.51,173.48,168.04,170.67,166.47,163.59,164.11,210.06,207.82,203.85,191.94,178.21,190.47,203.24,206.98,209.81,213.35,206.07,202.44,167.32,146.13,132.36,138.3,149.12,128.31,169.18,146.09,144.26,123.01,128.92,117.75,109.61,85.831,109.77,74.617,45.149,46.1,92.613,79.978,46.897,44.692,61.173,64.965,40.937,36.135,45.097,16.748,1.6236,2.3507,1.8142,1.6437,1.3441,1.3099,1.1728,1.4426,1.1038,1.0747,0.83847,0.93998,0.81079,0.85059,1.1277,1.0555,0.92818,0.96254,0.66081,0.64895,0.67257,0.69322,1.3527,1.2489,1.1433,1.1369,0.98699,1.0187,0.82921,0.98036,0.76748,0.78383,0.76213,0.79863,0.9126,1.0112,1.3082,1.3005,1.6835,1.8666,1.9856,2.7787,3.4107,3.4818,2.3912,2.1005,1.9807,5.089,5.572,8.3892,2.9702,2.031,42.615,15.983,15.225,31.269,63.419,4.8618,4.2859,35.945,23.551,2.81,5.139,27.885,26.085,78.29,61.457,44.979,22.017,116.28,96.714,45.576,27.131,108.78,74.688,17.133,63.351,15.215,50.159,16.15,19.239,41.009,12.321,7.5639,147.59,2.869,236.53,217.5,195.63,197.42,173.13,110.43,118.12,109.71,48.49,18.871,1.6669,2.2954,25.029,46.467,35.607,163.65,188.03,149.93,140.42,134.19,172.76,141.8,155.34,102.44,108.23,112.12,130.44,113.12,114.79,136.81,111.8,105.32,55.729,107.31,22.916,53.015,99.131,94.712,30.722,9.4549,9.067,9.9677,298,307.6,309.25,279.15,267.29,261.47,238.5,225.7,187.15,157.64,157.18,154.74,162.49,174.16,195.75,237.39,194.47,246.96,251.44,228.24,231.91,229.26,227.98,260.7,239.01,252.86,276.21,280.68,200.78,209.99,162.52,164.78,157.49,121.45,83.346,88.36,78.114,100.06,89.092,75.283,87.011,73.096,52.321,60.165,61.534,75.456,59.677,122.51,67.841,58.427,61.869,18.398,1.505,40.921,3.4615,9.6136,14.676,43.415,2.6345,14.766,23.884,46.175,50.719,11.334,10.381,42.303,11.159,3.1404,8.5004,1.8164,99.455,83.368,63.876,9.7436,16.041,37.492,1.5588,5.1057,1.6843,1.516,65.066,31.08,8.1701,1.0597,1.2299,1.2378,1.3971,1.7138,1.4555,1.9307,2.0986,2.1254,2.0297,1.2106,0.96839,1.1168,1.8956,2.0334,1.2782,1.3319,1.7319,1.7833,2.0476,2.1498,2.0462,2.1666,2.1463,2.1663,2.0476,2.0267,2.0375,2.0063
1998,5,131.9,118.36,89.03,71.673,80.762,94.671,110.32,89.515,78.284,84.609,82.71,83.779,82.881,82.704,83.864,89.091,130.22,125.62,119.57,106.77,164.96,147.59,145.79,147.71,120.87,120.11,99.488,98.568,88.465,82.443,79.59,81.369,83.25,73.954,89.658,78.479,77.136,68.198,71.65,70.474,71.55,67.055,92.731,65.04,44.834,44.105,68.367,61.611,46.664,49.066,57.096,60.237,53.697,52.953,42.878,22.764,0.6033,0.87346,0.67412,0.61077,0.49945,0.48674,0.43578,0.53603,0.41015,0.39933,0.31156,0.34928,0.30127,0.31606,0.41901,0.3922,0.34489,0.35766,0.24554,0.24113,0.24991,0.25758,0.55371,1.1514,0.42947,1.1464,0.36674,0.37853,0.30811,0.36428,0.28518,0.29125,0.28319,0.29675,0.3391,0.37572,0.48611,0.48323,0.62553,0.69357,0.73779,4.102,6.2288,6.5753,3.5516,1.2917,0.73599,5.4763,6.29,8.8354,2.7544,0.75468,22.925,12.672,12.812,20.249,28.812,4.8575,4.4764,23.717,18.909,2.3989,6.2214,21.363,24.17,34.435,34.532,29.482,21.357,41.852,38.534,30.055,24.279,42.635,39.207,21.829,38.587,23.19,38.344,36.181,39.803,51.486,49.471,47.261,125.15,53.636,157.91,149.66,137.06,131.95,128.22,117.08,119.69,116.03,96.117,80.384,30.555,45.008,77.37,86.924,76.933,90.432,99.049,84.711,82.089,79.936,95.113,80.673,102.67,83.666,42.173,37.078,53.796,36.209,48.498,45.32,72.221,82.026,75.996,100.98,63.356,72.319,70.561,50.589,63.185,49.958,49.527,49.399,238.71,247.74,237.11,189.68,168.02,158.97,132.75,114.1,97.988,148.62,154.08,181.04,177.49,171.98,168.89,166.19,163,183.33,187.83,165.82,162.13,166.02,161.72,169.51,159.6,159.68,212.94,190.14,106.22,127.82,113.58,93.179,88.364,80.483,71.504,71.246,70.125,78.195,74.018,71.946,74.007,69.417,59.496,63.515,64.006,70.406,57.071,69.572,39.226,47.333,29.879,14.983,0.55922,45.393,8.2813,20.591,36.001,51.929,1.2218,25.974,27.58,46.032,36.776,21.078,18.713,33.162,17.15,7.6544,21.577,1.0546,34.631,32.694,27.526,8.0587,11.918,20.659,0.60262,5.4392,0.62587,0.56331,28.985,21.243,9.1106,0.39376,0.45698,0.45995,0.51912,0.6368,0.54083,0.71741,0.7798,0.78976,0.75417,0.5709,0.35983,0.41496,2.1291,2.1252,0.47495,0.4949,0.64352,0.66264,0.76085,0.79883,0.76031,0.80505,0.79751,0.80496,0.82605,0.75306,0.75708,0.7455
1998,6,183.65,191.58,177.35,166.81,176.95,182.84,212.48,259.33,190.59,263.89,239.97,251.72,236.47,230.12,244.5,234.77,216.61,217.32,223.49,228.94,185.78,197.17,205.42,203.73,213.26,203.82,202.7,199.46,176.96,149.76,155.73,140.66,149.8,124.3,173.05,141.22,138.59,114.54,121.94,112.36,107.15,86.983,139.7,111.51,68.559,58.558,119.34,84.389,53.369,51.761,64.02,68.801,53.574,51.649,42.523,16.37,0.22417,0.32456,0.25049,0.22695,0.18558,0.18086,0.16193,0.19918,0.1524,0.14838,0.11577,0.12978,0.11195,0.11744,0.15569,0.14573,0.12815,0.1329,0.091237,0.089599,0.092861,0.095713,0.23671,1.1037,0.16241,1.5433,0.13627,0.14065,0.11449,0.13536,0.10597,0.10822,0.10523,0.11027,0.126,0.13961,0.18063,0.17956,0.23243,0.25771,0.27415,3.9859,5.1333,5.2536,3.3711,2.5856,0.27348,11.299,9.4311,11.393,6.4351,1.5241,45.158,35.833,31.845,36.177,44.385,11.515,12.252,32.758,26.168,7.7033,16.854,30.231,35.495,49.35,49.638,52.143,48.096,57.134,55.667,52.59,49.98,58.354,57.943,50.382,58.424,52.693,59.644,65.819,68.09,78.475,81.716,79.556,117.85,106.18,152.7,145.32,137.37,139.39,128.27,89.942,96.465,106.26,111.19,101.26,109.35,110.71,114.42,114.15,120.48,155.55,149.75,156.34,159.62,163.33,151.08,151.83,144.36,141.7,79.134,57.877,101.31,52.189,78.046,61.204,131.38,141.34,128.49,126.37,109.04,117.41,111.68,73.843,99.417,83.596,83.542,81.541,153.04,149.41,150.39,156.38,159.56,157.23,146.5,137.29,147.8,181.71,180.5,174.71,176.68,179.48,183.23,188.7,181.86,181.22,177.69,190.73,187.42,188.52,182.54,171.62,176.73,163.42,161.05,150.13,147.7,158.49,149.41,134.95,144.13,130.76,113.49,114.47,110.83,112.09,114.93,107.58,115.82,117.57,116.08,115.08,114.42,117.04,93.382,145.15,92.026,109.23,58.838,46.114,25.382,95.792,54.072,55.392,48.902,54.811,0.60139,18.736,20.233,82.121,39.398,14.262,12.535,28.002,11.713,5.2651,11.183,0.61356,51.499,50.925,47.09,32.233,35.659,42.498,16.933,26.222,0.23256,1.8442,49.555,40.808,32.973,3.278,7.8517,3.3021,0.37512,0.23662,0.20096,0.26657,0.28976,0.29346,0.28023,2.636,0.13371,0.6294,5.1969,6.9181,1.4932,0.18389,0.23912,0.24622,0.28272,0.29683,0.28251,0.29914,0.29634,0.29911,0.46464,0.27982,0.28131,0.27701
1998,7,98.325,100.61,98.369,79.196,83.23,92.821,88.099,103.77,98.61,107.52,104.54,105.79,100.99,95.861,99.615,88.192,76.079,73.327,76.591,79.869,92.494,88.685,82.41,82.406,73.645,76.853,69.694,68.295,58.873,48.512,50.634,44.31,48.361,42.689,69.237,49.268,49.014,43.576,44.971,46.327,51.629,58.749,118.41,123.53,117.56,111.55,109.9,84.272,98.969,90.941,75.835,70.356,79.077,80.982,98.727,79.92,37.796,24.201,26.7,21.413,0.85355,4.9549,2.9038,12.542,1.4509,0.056754,0.043016,0.55602,0.045609,0.043638,1.1526,0.054151,0.047619,0.049381,0.033902,0.033293,0.034505,0.035565,46.859,48.562,47.532,54.341,34.676,16.893,0.21329,2.2586,0.039374,0.040213,0.0391,0.040972,14.064,32.894,19.262,6.7812,14.319,16.297,16.233,28.887,28.14,27.993,28.25,37.858,25.486,60.557,51.734,53.598,52.027,46.695,109.41,108.18,95.231,93.671,103.84,66.764,69.904,94.456,83.287,60,77.922,89.614,77.992,104.87,91.956,101.13,97.977,104.64,106.71,99.3,95.515,96.796,87.58,81.27,80.289,82.761,88.121,109.07,112.63,122.6,131.38,133.11,118.96,128.73,109.31,110.75,111.73,110.37,113.52,124.22,122.89,122.82,124.89,127.92,125.34,131.17,141.46,145.01,153.7,134.02,122.6,147.17,154.22,159.23,145.18,159.74,164.35,184.15,109.3,100.03,127.39,105.36,129.97,114.86,170.82,180.02,166.28,154.56,148.86,161.2,161.78,115.74,147.37,135.54,135.32,133.88,109.84,108.3,107.05,106.29,105.22,102.67,97.746,91.525,115.47,90.258,92.308,102.58,100.02,96.101,91.642,84.594,89.941,89.711,91.117,85.549,86.027,85.629,88.654,86.545,86.207,87.312,98.864,99.713,105.87,92.59,103.48,113.99,128.14,144.14,139.37,150.37,130.85,129.58,156.14,120.67,155.86,130.6,137.46,140.66,142.2,153.26,138.14,140.29,114.66,144.09,93.995,88.463,102.34,148.58,128.42,127.84,111.32,121.69,48.77,77.694,85.5,127.23,113.73,72.006,72.734,100.53,75.806,60.68,55.788,46.615,109.88,110.69,108.09,112.33,113.11,104.92,105.37,107.91,63.325,76.46,77.823,91.61,93.733,94.845,111.94,101.51,73.316,29.8,63.191,27.829,19.344,15.556,17.14,87.958,72.662,84.232,87.489,91.969,84.549,64.408,20.622,27.535,15.729,14.74,15.401,14.564,20.465,16.939,24.443,15.101,15.848,22.09
1998,8,73.888,51.337,40.77,37.652,41.342,42.912,47.555,58.234,45.318,59.288,54.5,56.801,53.147,50.901,54.196,49.252,45.475,43.232,44.332,44.56,85.292,67.017,58.288,59.649,41.637,44.168,33.782,33.255,30.487,25.543,28.537,23.285,25.164,22.687,34.03,25.709,25.561,23.291,23.85,23.968,25.208,25.864,56.57,46.57,37.095,34.192,41.139,31.088,30.836,28.906,27.556,26.91,26.655,26.662,29.231,23.112,14.357,11.226,11.775,10.297,0.75545,3.7069,2.3759,7.3684,1.2701,0.022075,0.015984,0.4989,0.019393,0.016215,1.0202,0.020121,0.017694,0.018349,0.012597,0.012371,0.012821,0.013215,15.977,16.341,16.026,17.234,13.621,8.9839,0.18131,1.908,0.014631,0.014942,0.014528,0.015224,7.9087,13.318,9.7225,4.7312,7.9973,8.6881,8.65,12.365,12.224,12.189,12.157,14.578,11.483,20.698,18.369,18.922,18.314,16.864,36.811,36.621,33.626,32.917,33.299,21.992,22.431,27.437,25.358,20.111,23.655,26.239,24.458,30.569,28.073,30.074,29.365,30.274,30.85,29.829,29.174,29.739,28.918,27.766,28.427,30.029,31.919,46.13,48.399,52.403,67.669,72.22,139.36,188.98,126.14,125.15,122.32,119.04,122.05,131.66,130.45,128.09,149.01,168.51,186.82,170.85,149.57,131.42,125.49,73.254,79.293,71.544,69.916,67.664,81.037,70.98,96.119,88.451,49.411,40.831,49.062,35.954,40.148,32.24,68.666,84.512,98.245,108.73,97.501,85.815,67.335,40.008,77.961,76.024,76.609,71.635,134.38,130.89,127.52,122.26,121.01,118.5,102.5,87.71,77.544,93.438,94.369,99.316,96.557,92.274,85.785,74.843,89.68,84.139,87.548,73.932,72.649,75.932,73.309,82.62,75.706,82.31,107.71,109.89,77.28,68.893,60.674,68.467,68.732,61.259,52.774,54.814,50.695,49.821,56.34,47.791,56.325,51.596,51.281,52.293,52.577,55.315,46.821,61.927,50.531,53.548,44.34,39.442,34.53,50.856,39.521,38.537,34.994,37.834,16.68,23.566,24.664,42.259,31.991,21.836,21.609,27.976,21.789,18.759,18.451,16.046,34.729,34.254,37.63,37.298,37.95,39.659,34.044,33.196,21.119,21.216,41.574,37.331,35.079,26.472,26.629,24.806,20.222,12.664,18.899,12.027,9.6508,8.4251,8.9699,21.632,19.457,20.932,21.942,22.884,21.715,19.099,10.138,12.043,8.4825,8.1357,8.3651,8.0719,9.9715,8.8823,11.046,8.2577,8.5135,10.401
1998,9,104.06,102.14,102.84,94.78,101.45,102.93,95.077,120.79,83.177,122.26,109.79,116.31,107.11,101.58,110.59,98.578,74.299,69.889,75.046,82.025,95.801,90.83,82.578,82.892,68.64,70.574,58.986,57.584,54.644,44.617,53.193,41.396,43.595,35.09,53.588,39.891,38.652,31.095,33.664,30.948,29.468,23.628,65.417,51.624,33.913,28.386,47.424,27.557,22.564,19.267,19.524,19.762,15.911,15.5,19.532,11.907,6.285,5.6249,5.0559,4.213,0.28071,1.3996,0.88283,4.5061,0.87618,0.0082473,0.0059392,0.25605,0.085036,0.0087888,0.37907,0.0074766,0.0065747,0.0068181,0.0046808,0.0045968,0.0047641,0.0049104,8.4983,8.7303,8.223,8.6241,6.7177,5.1519,0.14852,1.3793,0.0054364,0.0055522,0.0053984,0.005657,3.7542,8.1317,7.9387,6.4461,9.6887,10.345,10.3,10.991,10.135,10.035,10.561,12.844,11.002,15.445,14.7,15.019,14.779,14.235,25.068,20.332,19.315,21.134,26.543,15.94,17.716,24.805,21.917,16.388,21.851,26.047,25.474,28.29,26.155,26.035,25.395,33.828,29.84,26.022,24.946,27.976,21.58,18.847,17.946,20.459,23.001,31.463,32.793,34.978,33.742,34.866,48.331,49.88,54.312,51.98,48.422,46.66,46.341,45.314,45.902,45.65,46.221,48.62,47.742,46.695,45.4,44.502,43.778,39.755,43.872,37.761,36.193,34.553,41.984,36.966,43.654,39.916,27.611,32.723,37.213,38.076,49.51,49.488,42.188,39.727,40.818,43.905,40.034,39.797,44.307,37.63,37.927,35.834,35.95,34.81,87.96,89.561,82.166,64.188,57.588,56.91,53.845,52.307,44.024,97.695,98.549,103.05,101.56,99.226,96.127,90.406,95.276,91.845,91.398,90.452,88.971,91.187,87.562,82.133,83.289,77.039,89.312,73.364,49.568,67.594,67.046,47.022,42.062,45.897,51.148,49.764,49.631,46.382,50.983,45.316,51.325,54.364,55.409,53.761,53.405,52.628,45.628,33.085,30.104,42.734,30.099,31.331,40.215,50.404,39.096,33.468,27.683,30.771,9.8273,14.191,14.646,43.05,24.74,12.099,11.324,18.098,10.606,8.8709,8.7248,7.0804,35.411,32.25,27.28,20.711,21.171,22.451,18.446,18.449,14.198,13.74,24.09,21.888,23.035,20.308,14.681,14.963,12.611,11.026,12.888,11.628,11.138,10.774,10.586,10.44,9.1533,10.283,10.466,11.412,12.595,11.789,10.316,10.856,10.563,10.823,10.468,10.839,11.546,11.086,11.124,10.239,10.05,10.505
1998,10,30.807,28.774,26.755,25.952,27.207,27.484,28.15,29.64,24.836,29.586,28.247,28.958,27.932,27.275,28.328,27.014,27.403,25.708,25.692,25.362,30.42,29.551,28.058,27.901,24.179,23.608,20.416,20.149,19.58,17.567,19.781,16.883,17.265,15.516,19.608,16.533,16.229,14.448,15.125,14.445,13.997,11.924,23.127,20.054,15.135,13.214,18.84,12.918,10.902,9.4306,9.7478,10.005,7.9085,7.6835,9.5374,5.5722,2.7048,2.7742,2.1951,1.7615,0.1043,0.53357,0.32804,2.555,0.56093,0.0030918,0.0022069,0.13787,0.078616,0.0049499,0.14085,0.0027781,0.002443,0.0025334,0.0017393,0.001708,0.0017702,0.0018246,4.22,4.3425,4.0116,4.1314,3.2481,2.7944,0.10419,0.8916,0.00202,0.0020631,0.0020059,0.002102,1.843,4.3508,4.661,4.2149,5.8105,6.1133,6.0937,6.2432,5.7808,5.7263,6.0231,7.0557,6.283,7.9616,7.7562,7.8846,7.7864,7.5825,12.647,9.4861,9.0519,10.313,13.23,8.1192,8.9939,12.03,10.788,8.4741,10.79,12.494,12.2,13.589,12.575,12.607,12.335,15.52,14.16,12.59,12.124,13.338,10.564,9.2563,8.7249,9.8973,11.033,14.337,14.844,15.676,15.004,15.453,20.593,21.479,22.334,21.678,20.575,19.976,19.872,19.504,19.722,19.629,19.841,20.774,20.973,20.473,19.85,19.327,19.259,17.438,18.893,16.664,16.029,15.336,18.263,16.541,19.037,18.156,13.757,17.065,17.925,18.554,20.984,20.127,19.281,18.007,18.119,19.03,17.492,17.577,19.71,16.851,16.705,15.836,15.882,15.432,28.622,28.751,27.704,24.588,23.111,22.907,21.942,21.33,18.922,31.618,31.422,30.817,30.696,30.49,29.982,28.826,30.374,28.776,28.622,29.004,28.41,29.035,27.974,26.835,27.102,25.892,28.284,26.001,20.511,24.017,23.588,19.686,18.225,19.274,20.268,20.23,19.832,19.035,20.622,18.686,20.637,20.882,21.077,20.8,20.742,20.76,18.726,14.889,14.907,19.309,16.093,16.663,18.374,21.007,17.756,15.535,13.067,14.155,5.0204,7.0186,7.1863,17.882,11.805,5.8913,5.379,8.8581,4.8133,3.9897,3.9754,3.0302,17.241,15.829,13.921,9.6502,9.9153,10.915,8.383,8.4788,7.1213,6.966,13.261,11.072,11.806,10.215,6.8911,7.2915,6.3965,6.2041,6.7032,6.5805,6.4663,6.3446,6.2212,4.762,4.1196,4.7326,4.7464,5.2902,6.2135,6.0005,6.0036,6.1624,6.2358,6.3824,6.1944,6.3934,6.6544,6.4779,6.3892,6.0834,5.9722,6.1026
1998,11,12.502,11.573,10.319,10.321,10.704,10.833,11.452,11.289,9.2996,11.13,10.619,10.895,10.515,10.279,10.681,10.275,11.764,10.848,10.553,9.8986,12.362,12.195,11.616,11.459,10.756,9.0965,7.5916,7.495,7.3673,6.7493,7.9957,7.8909,6.6037,6.1209,7.3249,6.3406,6.2213,5.701,5.9287,5.7118,5.5225,4.71,8.5936,11.615,5.6236,4.91,7.6802,4.8108,4.0509,3.5055,3.6906,3.8523,3.0085,2.9334,3.5439,2.2496,1.0145,1.0308,0.81563,0.65451,0.038757,0.19826,0.12189,0.94939,0.20843,0.0011489,0.00082003,0.051231,0.029212,0.0018393,0.052338,0.0010323,0.00090776,0.00094136,0.00064627,0.00063467,0.00065777,0.00067797,1.8568,2.5741,1.9732,2.8306,1.3931,1.0571,0.038716,0.3313,0.0007506,0.00076658,0.00074536,0.00078106,0.68481,1.6714,1.7319,1.5661,2.159,2.2716,2.2643,2.3198,2.148,2.1277,2.238,2.6217,2.3346,4.1962,3.2641,4.2177,2.996,2.9451,17.466,13.398,10.662,11.515,17.933,5.5835,4.6221,9.5297,8.2478,3.6997,6.6782,8.9515,8.0682,16.744,11.29,13.735,13.395,20.416,18.663,13.534,12.957,19.999,10.932,9.5604,9.3923,8.8281,9.4699,7.7554,7.7143,7.6105,5.7158,5.7945,7.6518,8.1529,8.2988,8.0551,7.6451,7.4227,7.3838,7.2471,7.3281,7.2935,7.3743,7.7481,8.1187,7.8766,7.5749,7.2685,7.367,6.4797,7.659,6.2329,5.9642,5.7163,7.3062,6.507,7.1635,7.1534,24.943,26.04,14.173,24.194,14.29,17.428,7.7327,7.0475,6.9383,7.1031,6.5166,6.6269,8.132,11.32,6.2328,5.917,5.933,5.8018,10.635,10.683,10.294,9.1362,8.5874,8.5117,8.153,7.9255,7.0312,13.082,12.895,12.154,12.164,12.17,12.006,11.541,12.303,11.25,11.08,11.691,11.309,11.649,11.001,10.166,10.462,9.6735,10.569,9.6614,7.6214,8.9662,8.7818,7.3148,6.772,7.2207,10.088,9.7682,7.3692,14.093,10.754,6.9435,9.9703,7.7593,7.8316,7.7289,7.7071,8.8758,7.3923,5.6435,9.9025,11.082,17.507,16.837,14.311,14.282,13.247,10.327,7.3161,15.176,1.9329,7.3699,3.0352,6.8695,4.7632,2.312,2.2107,3.7796,2.0869,1.6237,5.9428,1.2244,21.419,18.561,18.988,14.933,15.36,16.218,11.59,8.7918,4.2406,2.7355,17.137,11.957,11.132,6.6529,3.5207,3.6804,2.4937,2.3053,2.6008,2.4452,2.4027,2.3575,2.3117,3.854,3.7097,4.1344,3.4292,3.8739,3.8479,2.8125,2.2308,2.2898,2.3171,2.3716,2.3017,2.3756,2.4726,2.407,2.3741,2.2605,2.2191,2.2676
1998,12,4.9194,4.3258,3.8516,3.9633,3.9773,4.0461,4.2552,4.1947,3.4555,4.1357,3.9456,4.0483,3.9071,3.8193,3.9688,3.8181,4.9046,4.5598,5.5246,3.6781,4.5933,4.5313,4.3161,4.2579,10.731,3.3882,2.8209,2.7849,2.7375,2.5079,3.11,3.7822,2.4538,2.2744,3.0488,3.142,2.6506,2.1266,2.2885,2.3001,2.1922,1.7501,4.8473,23.284,3.2722,2.8713,10.112,2.5877,3.1428,1.7756,1.6177,1.4314,1.1179,1.09,1.3168,5.3446,4.0464,0.94077,0.41076,0.2432,0.014401,0.07367,0.045292,1.205,0.077447,0.00042689,0.0003047,0.019036,0.034873,0.00068342,0.019448,0.00038357,0.0003373,0.0034179,0.00024014,0.00023583,0.00024441,0.00025192,1.7018,3.3599,2.027,3.5742,1.6332,1.768,0.19537,0.41683,0.0002789,0.00028484,0.00027696,0.00029022,0.5155,3.2962,7.239,7.471,12.342,14.445,15.177,16.107,13.886,13.188,13.212,16.565,11.622,22.375,23.286,28.274,17.855,12.956,14.879,14.108,13.877,14.16,18.244,23.717,13.953,13.557,17.969,13.585,12.361,12.255,11.78,16.761,12.808,13.379,13.356,18.792,16.947,13.416,13.392,20.545,13.461,13.133,13.93,13.742,14.274,14.249,14.271,12.181,11.957,12.985,5.1786,3.0294,3.0836,2.9931,2.8408,2.7581,2.8146,6.8501,6.0397,3.5605,2.7401,2.879,3.0167,2.9268,2.8445,2.7101,2.7374,16.604,21.505,18.267,16.47,17.165,19.565,17.678,9.6814,3.2293,34.395,25.424,22.552,20.227,11.057,14,4.0074,3.4899,2.7044,5.0741,4.04,4.4359,6.1801,12.057,7.3832,11.427,11.297,12.42,3.9518,3.9697,3.825,3.3948,3.1909,3.1628,3.901,3.2086,7.1917,4.8609,4.7916,4.5161,4.5199,4.5222,4.461,4.2883,4.5714,4.1803,4.1171,4.3441,4.2022,4.3284,4.0876,3.7774,3.8875,3.5944,3.9272,3.59,2.8319,3.3316,6.7208,2.7375,3.1896,7.6792,23.338,17.302,8.9087,35,23.971,4.8703,20.919,4.6246,4.84,5.6264,6.8807,15.866,8.8261,14.745,14.865,15.228,17.392,15.528,13.27,21.36,15.193,12.042,12.186,25.982,1.047,15.116,2.8507,6.4316,2.1612,3.0285,4.4446,2.9544,7.3202,6.7173,23.083,7.1991,17.188,14.843,15.919,14.346,14.526,15.237,13.531,13.369,13.802,14.367,16.314,15.075,14.336,11.456,14.722,10.802,11.123,14.077,11.192,14.951,16.716,17.777,16.418,2.9871,3.0444,3.5516,2.7296,4.3834,5.8163,7.9418,13.389,13.689,16.737,18.234,16.582,18.363,19.119,18.508,15.817,16.112,14.921,13.21
1999,1,1.9897,1.6074,1.4312,1.4753,1.4779,1.5034,1.5811,1.5587,1.284,1.5367,1.4661,1.5043,1.4518,1.4192,1.4747,1.4187,2.1286,1.9981,2.8759,1.3667,1.7068,1.6837,1.6038,1.5821,6.117,1.2639,1.0482,1.0348,1.0172,0.93187,1.1556,1.4979,0.91177,0.84511,1.325,1.6065,1.1837,0.79523,0.90195,0.96079,0.89863,0.6503,2.6461,16.519,2.17,2.307,7.1689,1.4078,3.5681,1.5679,0.74708,0.53188,0.41539,0.40501,0.4893,3.7362,3.0561,0.74104,0.21747,0.090368,0.0053512,0.027374,0.016829,1.2277,0.028777,0.00015862,0.00011322,0.0070734,0.027558,0.00025394,0.0072263,0.00014253,0.00012533,0.0031395,8.923e-05,8.7628e-05,9.0818e-05,9.3607e-05,3.1586,5.0251,3.004,5.0147,1.8265,1.6037,0.18065,0.32803,0.00010363,0.00010584,0.00010291,0.00010784,0.34599,5.1592,17.605,16.258,32.144,39.025,40.32,35.304,31.104,29.831,31.331,35.047,27.705,31.628,35.05,37.735,30.411,25.739,8.3661,10.027,11.088,12.092,15.389,31.082,21.374,14.59,20.657,23.641,15.158,11.96,13.811,17.17,12.626,11.529,11.963,20.071,18.095,11.949,12.785,25.303,18.428,18.724,21.724,17.608,16.305,8.0378,7.8922,6.9606,6.9891,7.4327,3.041,1.2048,1.1458,1.1122,1.0556,1.0248,1.0888,7.2231,5.6701,1.892,1.0182,1.0716,1.1209,1.0875,1.0751,1.0127,1.0172,16.333,17.982,16.865,16.044,18.586,13.173,13.724,5.8547,1.5265,28.06,18.316,19.678,14.422,5.7435,10.844,2.0933,1.779,1.0807,3.0388,2.3309,2.6253,3.6262,8.1067,4.6456,6.7504,6.6905,7.1916,1.4684,1.475,1.4213,1.2614,1.1857,1.1752,1.9319,1.3482,4.9437,1.8062,1.7804,1.6781,1.6795,1.6803,1.6576,1.5934,1.6986,1.5533,1.5298,1.6142,1.5614,1.6083,1.5189,1.4036,1.4445,1.3356,1.4593,1.3339,1.0523,1.238,3.9894,1.029,1.5658,4.736,11.162,9.0907,5.4321,15.201,11.381,2.9096,10.383,2.6003,2.7579,3.3572,4.2074,8.5444,5.3393,15.913,11.593,8.3324,9.7697,7.9856,6.975,10.601,8.0486,6.6501,8.7144,17.495,1.3596,15.254,1.8415,4.314,0.90548,2.4545,3.1553,1.7714,4.8757,4.5928,17.666,4.8818,12.371,10.627,11.196,9.2898,9.1598,10.216,11.813,17.17,27.746,44.38,8.428,12.056,12.644,21.431,48.384,36.043,40.511,43.108,36.372,41.839,43.007,45.353,43.552,3.3062,2.0481,2.8481,5.2353,10.28,11.718,23.828,37.468,39.341,43.401,45.792,42.886,45.906,44.445,44.834,37.924,41.771,39.4,34.712
1999,2,4.5469,1.5344,7.1977,10.304,0.64079,2.6344,3.7291,0.64971,7.1019,0.57167,0.94958,0.72198,0.77839,0.61798,0.64129,2.3294,5.8046,5.1462,8.107,1.5392,1.0816,0.88099,1.6243,1.0048,19.467,1.5393,0.38948,1.2399,1.7123,0.48367,0.4294,3.8615,0.33879,0.61673,4.4854,5.2853,3.6448,1.2475,1.9975,1.7147,0.98219,0.24164,3.4509,39.013,9.5808,9.624,20.382,3.305,8.2951,2.0777,0.4872,0.19763,0.15435,0.15049,1.5442,5.0952,1.1356,0.66259,0.080806,0.033579,0.0019884,0.010172,0.0062534,3.5899,1.3032,0.19913,2.3798,2.146,3.198,2.1993,0.014318,5.296e-05,0.50814,1.1572,0.97396,0.10626,0.34518,0.62859,5.0957,8.4695,6.1416,9.2921,6.1711,5.9692,3.1078,3.3052,0.095597,0.36103,0.00097921,0.41811,2.7782,5.4469,13.576,10.875,17.643,20,20.067,15.992,14.086,13.584,14.447,18.772,15.301,22.863,21.224,22.595,19.928,17.947,24.069,25.393,22.416,26.316,33.946,24.605,18.906,19.037,20.772,18.297,13.731,11.081,10.492,28.925,12.754,14.818,15.13,30.265,30.128,14.909,15.611,32.358,20.375,20.479,22.698,17.333,15.587,3.0865,2.936,2.5864,2.597,2.7618,2.219,0.49548,0.42575,0.41325,0.39222,0.38081,0.5826,6.0142,4.5941,1.1337,0.37832,0.39933,0.41652,0.4041,0.39948,0.37629,0.37795,15.563,18.657,18.763,17.584,19.642,18.1,19.983,8.3963,1.1342,56.66,43.385,32.35,34.976,7.6441,18.598,2.2404,1.2599,0.40157,2.4159,0.86609,0.97549,2.6824,10.047,1.7262,2.5083,2.486,2.6722,0.54562,0.54809,0.52812,0.46872,0.44056,0.43668,0.71783,0.50097,2.6459,0.67114,0.66157,0.62353,0.62407,0.66675,0.61593,0.59209,0.63117,0.57717,0.56844,0.59978,0.58019,0.59762,0.56437,0.52155,0.53675,0.49628,0.54223,0.49566,0.391,0.46,3.5938,0.38237,0.58182,3.3771,29.023,12.224,13.013,43.859,25.442,7.0795,22.496,5.1043,5.9057,6.7795,8.8872,18.145,18.017,18.519,24.974,12.408,28.966,12.93,10.988,23.019,10.685,9.5631,13.227,36.871,0.95175,28.245,6.465,19.144,10.697,6.9065,2.5569,10.708,6.0658,5.7604,24.801,3.1075,32.101,27.983,34.88,22.475,27.021,34.246,27.259,31.624,31.52,35.972,19.451,21.907,19.661,29.477,47.648,38.829,33.276,26.273,29.077,22.519,21.322,22.642,22.372,3.6167,1.4363,2.5769,7.1084,12.173,13.567,23.079,21.546,23.456,21.657,22.555,21.141,22.506,21.125,21.592,17.619,20.248,18.963,16.37
1999,3,3.6653,1.0852,4.8784,6.3751,0.29338,1.9964,2.7802,0.28407,4.8363,0.21282,0.58852,0.3658,0.43095,0.28431,0.29457,1.7728,4.7414,5.244,8.6052,1.1465,2.2762,0.47853,1.5796,1.0311,24.85,3.6329,0.67679,3.484,1.7984,0.26217,0.15956,3.1715,0.12589,0.40743,5.112,4.0214,2.7689,0.98599,1.5907,1.3516,0.73246,0.089787,2.5774,22.726,6.9671,7.5401,15.068,3.2546,7.7134,2.7956,0.53595,0.073436,0.057352,0.23558,1.9726,6.7708,2.2476,10.981,4.431,7.9746,23.353,17.335,24.216,45.181,51.883,42.713,79.372,70.219,82.027,75.459,34.007,49.308,86.181,110.64,81.993,73.481,75.815,75.851,47.191,56.707,58.095,63.948,74.133,75.326,89.395,73.604,71.633,76.368,69.367,74.436,73.216,42.958,33.846,21.121,19.824,19.384,17.7,9.9369,7.2956,6.745,8.4805,17.572,13.675,27.941,22.528,23.769,22.792,21.775,42.677,53.207,45.43,42.687,42.447,31.852,26.388,26.297,26.713,23.61,19.099,15.757,7.8563,29.025,11.155,15.143,14.75,22.713,25.757,14.311,13.959,22.139,14.363,14.026,14.646,10.976,9.8257,1.1469,1.0909,0.96104,0.96498,1.0262,10.929,4.1676,3.1191,1.0647,2.0735,5.5409,11.498,26.224,23.22,15.329,6.2496,4.3871,5.3399,4.9807,14.202,9.8226,4.1627,8.1727,11.376,10.663,9.7614,10.53,16.693,15.806,23.515,9.5458,52.597,43.503,24.266,36.441,9.3671,15.364,6.0809,7.1642,0.15062,14.619,0.32182,0.99024,5.5215,8.9683,0.64142,0.93202,0.92376,0.99293,6.8735,12.133,5.3669,2.6251,0.55132,0.16226,0.26673,0.18615,1.2891,0.24938,0.24583,0.23169,0.26379,1.8281,1.1662,0.22001,0.23453,0.71846,0.93185,0.22287,0.21559,0.22206,0.20971,0.19379,0.19944,0.18441,4.5383,0.18418,0.14529,0.17092,2.9149,0.14208,0.21619,2.084,16.349,8.0588,9.2927,24.003,14.166,6.3201,12.776,3.7346,4.0681,4.609,5.858,10.637,10.711,10.477,25.49,9.8215,38.436,28.367,21.578,16.252,17.838,18.338,20.288,22.613,10.775,23.719,7.0162,10.839,7.2707,9.8191,3.4436,8.7619,7.4058,9.2193,28.403,6.2374,36.368,34.661,47.668,50.888,54.067,56.029,59.744,65.785,54.597,64.391,39.452,51.077,48.762,66.506,97.32,84.61,66.174,37.41,56.54,25.252,18.748,19.979,21.652,38.4,32.732,35.992,48.329,54.967,51.388,58.226,27.66,32.106,19.184,19.041,18.023,18.719,16.762,17.407,12.447,16.298,14.792,11.443
1999,4,34.125,4.0098,14.99,42.751,22.398,22.011,19.135,11.836,9.6939,7.3189,6.7361,8.0931,5.2238,2.4399,5.5107,11.013,10.941,11.097,20.58,6.2805,34.605,11.45,12.627,13.425,41.563,11.016,1.711,5.6718,1.7382,0.097416,0.059287,1.7386,0.046777,0.15139,3.9578,2.3805,1.0769,0.36637,0.59106,0.50223,0.27216,0.033363,1.0356,10.953,3.115,3.596,7.4739,1.6302,4.047,1.778,0.33581,0.027287,0.021311,0.19482,1.1183,3.964,1.7521,6.6744,3.3965,5.3436,10.72,8.9956,10.941,15.618,16.293,14.7,19.618,18.67,20.023,19.21,13.115,15.66,19.779,21.725,19.539,18.529,18.817,18.892,16.055,17.877,17.794,18.926,19.71,19.818,20.633,19.231,18.344,18.873,18.089,18.703,19.091,15.34,14.153,10.463,10.007,9.7763,9.0188,5.1463,3.6111,3.2834,4.3855,9.0098,7.2966,12.955,11.031,11.498,11.135,10.757,16.776,18.823,17.267,16.92,17.198,14.197,12.379,12.362,12.525,11.429,9.7461,8.4055,4.1254,13.586,5.9829,8.2684,8.1541,11.707,12.9,7.9157,7.8833,12.448,8.9358,9.2963,10.159,7.2109,6.0269,0.42615,0.40536,0.3571,0.35856,0.38132,31.222,24.111,5.5045,3.0095,8.9694,20.623,26.151,27.574,25.111,22.27,16.946,18.549,22.205,16.082,19.912,13.297,5.7751,4.0337,10.11,5.6788,4.3516,4.5275,12.307,8.973,13.533,6.2307,21.786,17.918,12.328,15.776,5.2639,7.8156,4.0308,4.8623,0.056822,12.197,0.11958,0.72461,3.6532,5.1065,0.23834,0.34632,0.34325,0.36895,62.517,73.867,54.141,27.105,4.5039,0.060292,0.09911,0.069168,0.47902,0.15044,1.9234,8.7738,30.851,40.214,33.75,15.797,8.8043,30.061,31.93,11.043,2.1451,13.365,3.1474,0.25917,8.3118,0.072359,48.515,5.3688,0.053985,0.063511,1.5283,0.052793,0.080332,0.77438,7.6383,3.562,4.3761,11.296,6.4226,3.1694,5.712,1.4806,1.5174,1.7653,2.3281,4.616,4.7148,4.4471,12.196,4.8989,16.148,12.999,10.675,7.985,9.2649,9.4741,10.203,10.73,6.5919,11.425,3.8067,4.6563,3.102,5.5818,2.1721,4.3278,4.2383,5.4054,13.146,4.0669,15.644,15.068,18.285,18.248,19.043,19.745,19.985,21.531,19.714,23.077,16.221,19.231,18.908,23.899,30.457,27.092,23.022,16.059,20.591,12.036,9.449,9.9535,10.673,14.329,12.984,13.761,16.437,17.981,17.585,19.67,12.824,14.219,9.633,9.5305,9.1186,9.3816,8.5103,8.7993,6.4709,8.325,7.6368,6.0041
1999,5,26.202,4.0242,13.798,28.147,18.329,16.224,11.072,7.2664,5.9748,5.008,4.6832,5.387,3.846,2.0229,4.0239,6.6768,6.5325,6.5452,10.265,4.397,24.182,9.7033,7.7839,8.1291,16.636,6.532,1.2559,3.515,1.0944,0.036198,0.02203,0.87261,0.017381,0.056253,2.0896,1.3025,0.4293,0.13613,0.21963,0.18662,0.10113,0.012397,0.38481,4.201,1.1574,1.3362,2.7771,0.60573,1.5038,0.66068,0.12478,0.010139,0.0079186,0.07239,0.41552,1.4729,0.65102,2.4801,1.2621,1.9855,3.9833,3.3426,4.0655,5.8034,6.054,5.4621,7.2898,6.9373,7.4401,7.138,4.8733,5.819,7.3494,8.0724,7.2603,6.8851,6.9918,7.0198,5.9658,6.6428,6.6118,7.0325,7.3237,7.3638,7.6666,7.1459,6.8162,7.0127,6.7214,6.9497,7.0938,5.6999,5.259,3.8878,3.7184,3.6326,3.3512,1.9123,1.3418,1.22,1.6296,3.3478,2.7112,4.8137,4.0988,4.2725,4.1377,3.9969,6.2337,6.9943,6.4161,6.2869,6.3902,5.2753,4.5998,4.5936,4.654,4.2466,3.6214,3.1233,1.5329,5.1576,2.2883,3.2844,3.3019,4.7818,5.1742,3.2021,3.3047,5.5715,4.4146,5.025,6.0012,3.9149,3.0419,0.15835,0.15062,0.13269,0.13323,0.14169,14.365,14.288,3.3973,2.1498,5.6214,10.254,12.146,12.87,11.992,10.939,8.9637,10.147,12.899,9.4777,10.381,7.2107,3.3503,2.0104,5.6329,2.7114,1.8067,1.8264,6.1651,3.91,6.1311,2.4433,8.9081,6.7578,4.9964,5.8908,1.956,2.9369,1.4978,1.8352,0.021114,6.2045,0.044433,0.26925,1.3602,2.1263,0.08856,0.12868,0.12754,0.13709,48.653,53.19,41.64,18.221,3.3392,0.022403,0.036827,0.025701,0.17799,1.5122,6.3797,15.882,27.379,28.101,21.796,9.7224,11.73,18.053,19.929,7.598,1.8103,8.988,2.541,0.20796,5.7313,0.029225,34.198,7.4808,0.02006,0.023599,0.64657,0.019617,0.029849,0.28774,2.8382,1.3236,1.6261,4.1973,2.3865,1.1777,2.1225,0.55015,0.56384,0.65594,0.86508,1.7152,1.7519,1.6524,4.5675,1.8203,6.0727,4.9348,3.9744,2.967,3.4426,3.5204,3.7912,3.9868,2.4494,4.2453,1.4145,1.7302,1.1526,2.0741,0.80711,1.6081,1.5748,2.0085,4.8847,1.5112,5.8232,5.6092,6.7943,6.7807,7.0761,7.3366,7.4262,8.2083,7.4257,9.4194,6.2376,7.6772,7.6699,10.139,13.091,11.428,9.3543,6.1563,8.1328,4.4723,3.511,3.6985,3.9659,5.3245,4.8247,5.1133,6.1078,6.6814,6.5341,7.4136,4.765,5.2876,3.5794,3.5413,3.3883,3.486,3.1622,3.2696,2.4044,3.0934,2.8377,2.231
1999,6,73.979,27.628,20.064,21.423,14.789,17.569,22.011,15.745,8.1396,12.228,9.8252,11.684,12.076,14.685,16.624,40.121,28.464,35.724,43.888,45.572,109.31,64.843,68.926,81.927,69.826,98.595,86.59,92.011,89.946,74.809,37.613,102.34,68.335,63.635,90.358,97.629,88.833,58.296,70.042,62.72,53.376,14.751,74.589,89.925,26.606,26.252,73.598,34.789,26.08,19.344,19.492,12.915,4.9727,7.9013,15.91,1.3339,0.2419,0.92153,0.46895,0.73778,1.4801,1.242,1.5107,2.1564,2.2495,2.0296,2.7087,2.5777,2.7646,2.6523,1.8108,2.1622,2.7309,2.9995,2.6978,2.5583,2.598,2.6084,4.6459,4.8482,4.7583,5.4661,3.7836,2.7362,2.8487,2.6553,2.5328,2.6058,2.4975,2.5823,2.6364,7.2248,8.172,1.7855,5.038,5.5399,3.0431,1.9137,1.2904,1.2065,1.9552,7.9785,7.0809,22.94,15.486,16.413,17.128,17.378,72.148,77.687,66.562,61.779,62.597,27.874,28.711,42.272,34.904,22.431,30.896,33.778,33.826,62.667,55.164,67.914,68.734,64.845,68.678,68.082,69.766,72.771,77.031,80.785,83.967,82.573,80.543,47.147,44.892,66.747,52.113,40.618,68.962,87.55,23.837,23.018,36.002,51.415,46.553,19.513,21.758,33.136,50.41,58.953,85.248,81.069,80.653,75.526,94.864,110.8,117.77,123.8,119.75,118.43,133.12,130.04,123.01,144.84,100.61,75.85,91.713,65.334,65.862,55.545,116.55,139.05,103.37,90.435,72.217,111.57,110.14,80.18,43.663,41.591,24.658,43.166,192.62,202.16,182.89,119.65,58.72,25.537,47.268,58.759,83.078,77.054,88.299,110.7,122.64,130.56,144.93,167.87,124.43,179.73,181.58,145.88,147.82,158.23,152.09,147.74,159.56,135.37,187.47,148,39.572,81.216,108.95,33.9,46.139,39.824,61.707,45.559,38.164,75.718,54.072,32.729,50.332,34.835,27.924,30.215,33.2,46.232,39.145,98.884,88.566,69.281,78.052,69.995,61.636,57.928,51.362,38.373,23.756,42.119,1.4212,12.69,5.6694,37.093,22.139,2.6064,0.2999,14.404,0.58607,0.74632,5.7105,0.56151,64.195,65.996,73.665,77.819,78.703,80.199,81.312,79.885,52.575,51.835,77.202,79.75,77.603,76.752,83.538,74.287,49.847,23.345,41.786,10.446,2.5568,1.9812,4.3641,14.56,14.035,18.322,15.635,24.529,34.894,40.588,11.963,15.115,2.3841,1.415,1.8808,1.3189,1.4199,1.2904,1.5297,1.3882,1.4286,1.6055
1999,7,63.86,52.311,50.592,43.574,30.298,36.212,38.026,32.83,22.099,30.711,27.118,29.256,28.319,29.287,31.437,39.038,42.476,41.183,42.49,40.042,61.698,54.647,51.183,52.32,46.595,48.961,39.643,40.421,42.218,42.129,37.734,44.347,40.245,50.592,52.735,53.452,54.039,61.09,58.206,60.237,60.529,56.922,93.393,107.01,98.997,97.529,89.764,78.085,92.45,85.714,75.593,67.162,67.648,72.302,87.737,47.428,8.9825,17.953,9.6878,11.058,8.6252,9.9181,8.6549,19.777,11.26,9.5506,6.7273,8.0366,6.835,7.0122,9.1124,5.934,4.8401,3.8122,4.68,4.0751,4.4563,4.9181,53.049,51.312,54.085,56.293,50.113,32.072,14,13.93,10.474,4.8726,7.9337,17.921,40.266,61.834,63.147,39.334,53.35,55.09,49.598,45.628,43.599,43.276,45.971,59.129,57.451,75.712,68.102,68.895,69.982,70.373,100.45,106.7,99.867,95.365,94.675,80.257,80.175,86.885,82.733,74.937,80.318,81.659,73.923,90.825,82.907,89.431,88.79,85.901,90.076,88.305,87.456,85.584,84.76,84.7,84.025,81.59,80.569,67.516,65.967,66.529,59.337,56.205,35.52,34.596,17.517,17.042,20.778,24.548,23.512,13.65,14.862,19.323,23.482,26.737,30.324,29.7,30.122,30.224,35.673,44.12,41.733,46.986,48.079,49.557,44.514,50.764,41.268,46.899,83.619,86.817,69.494,88.111,70.974,77.517,53.822,48.093,45.781,35.683,47.666,52.546,57.868,73.355,49.869,54.223,48.666,56.413,66.402,67.459,60.298,43.002,28.517,19.407,25.378,29.182,37.676,57.477,59.398,62.367,64.198,64.197,63.071,59.81,61.293,62.227,62.366,58.758,59.365,59.679,62.094,52.627,57.619,51.352,63.657,48.548,32.634,54.968,80.789,47.259,45.755,75.438,110.73,106.46,104.6,112.91,109.82,102.36,108.64,101.08,101.97,102.39,103.36,107.95,105.84,55.384,80.654,95.875,96.421,105.77,128.63,118.9,120.26,107.15,85.184,94.143,48.166,67.931,67.07,104.75,98.555,52.48,38.773,83.19,38.58,27.836,43.454,15.859,91.51,93.549,98.174,108.15,107.73,102.94,110.79,110.66,98.705,100.8,89.439,99.342,106.06,122.45,121.33,119.65,101.62,78.077,96.779,63.745,48.298,45.995,53.443,89.301,90.59,95.378,86.983,95.202,102.96,101.06,66.61,71.193,47.634,42.231,45.537,40.96,42.878,41.47,44.182,42.9,43.486,44.721
1999,8,25.264,20.194,18.717,17.311,13.641,15.42,16.368,14.473,10.899,13.706,12.564,13.26,12.975,13.312,14.01,16.688,18.222,17.931,18.316,17.348,26.293,22.665,21.871,22.601,19.929,21.21,17.497,17.733,17.993,17.73,16.027,18.538,17.159,19.504,20.937,20.711,20.7,21.345,21.129,21.319,21.167,18.924,31.17,31.831,27.857,27.504,28.21,23.995,26.069,24.188,22.332,20.475,19.703,20.645,25.266,19.455,11.506,19.946,18.801,23.999,30.964,31.33,37.023,28.946,31.037,30.925,31.179,33.016,31.301,31.82,35.016,30.713,25.951,21.74,27.3,26.348,27.127,28.243,21.481,22.215,21.82,21.948,23.889,24.981,27.253,29.12,26.375,27.869,26.314,25.576,26.106,32.05,42.466,51.14,60.139,64.912,64.834,64.062,63.551,63.317,64.012,68.629,68.625,75.811,72.491,72.716,73.151,73.254,86.95,87.703,86.462,85.448,83.237,77.18,76.576,77.632,76.613,74.722,75.538,75.322,64.698,73.339,64.517,66.538,65.423,66.184,68.867,65.176,63.435,61.996,57.362,55.376,53.331,52.01,52.187,45.304,44.625,45.753,37.955,35.767,23.398,25.003,12.28,11.882,14.001,17.296,14.825,6.6485,7.2294,9.9854,13.159,16.618,20.145,18.873,17.985,18.45,24.536,36.561,34.263,39.073,39.936,40.841,36.999,43.109,32.537,39.188,77.662,81.581,63.527,80.301,62.339,65.208,46.651,40.362,36.224,24.23,34.542,39.354,47.316,54.585,36.744,35.348,33.501,36.281,41.402,42.388,40.389,31.245,21.483,15.859,20.801,26.13,32.53,24.469,25.174,26.35,27.29,27.7,28.131,28.729,27.656,30.922,31.718,27.409,28.145,28.179,29.122,30.182,29.527,30.446,36.268,33.35,28.306,29.601,32.235,31.642,34.236,34.831,34.563,34.841,32.853,36.024,34.674,32.994,34.164,31.057,29.747,30.591,30.972,33.156,31.773,47.145,64.517,41.071,72.677,63.347,39.944,35.284,33.235,29.017,27.666,32.898,20.042,26.925,25.307,30.296,29.277,22.842,19.298,26.581,17.998,16.272,21.45,13.147,80.939,80.314,85.941,89.317,89.511,89.123,86.173,80.711,76.792,68.418,87.187,80.776,71.563,55.892,65.179,57.889,60.41,67.152,57.623,66.546,65.047,64.826,65.53,22.217,22.272,23.301,22.4,25.945,32.536,43.879,60.713,61.224,64.859,64.368,64.625,64.214,64.386,64.238,64.285,64.356,64.336,64.216
1999,9,16.254,8.6304,7.3387,7.2643,5.5311,5.9693,6.6781,9.3015,4.1247,9.3482,6.7342,7.935,6.4243,5.9305,7.2285,7.1208,7.4795,7.2502,7.3358,6.9071,20.334,12.805,10.75,11.5,7.9542,8.8274,6.7248,6.787,6.7665,6.6177,5.9738,6.9013,6.4033,7.2911,8.1266,7.7914,7.7916,8.0387,7.9473,8.027,7.9987,7.2178,13.602,13.621,11.945,11.754,11.823,9.6728,10.903,9.9185,8.853,7.9951,7.7741,8.1342,10.756,8.8368,6.3092,10.021,9.7498,12.066,15.722,15.904,18.664,14.971,17.214,17.227,18.906,18.918,19.134,19.015,18.279,16.859,15.713,13.491,18.109,17.531,17.882,18.39,9.7876,10.27,9.9595,9.941,11.221,12.389,15.521,16.296,15.459,17.747,15.891,13.982,12.737,15.439,22.564,32.259,36.918,40.173,41.449,43.526,44.182,44.165,43.632,42.108,42.602,40.798,41.643,41.521,41.339,41.182,35.4,34.171,35.446,36.535,36.75,40.281,40.131,39.407,39.909,40.694,39.989,39.611,43.695,40.53,43.981,43.151,43.619,42.564,42.055,43.665,44.463,44.974,47.698,48.691,49.964,45.936,44.362,29.168,27.704,28.573,19.488,17.135,37.802,37.162,27.008,24.615,23.893,26.859,22.214,4.7701,6.6224,11.652,17.241,23.365,29.246,25.007,20.416,19.415,23.662,20.395,19.622,21.935,22.814,23.387,23.368,25.986,28.535,30.606,32.021,34.109,31.506,35.681,37.351,40.25,31.695,29.816,27.066,23.313,22.281,25.266,30.313,39.042,20.814,17.469,16.811,17.799,66.642,68.347,65.655,49.823,36.725,27.356,18.868,15.018,17.693,24.108,24.414,25.608,25.114,23.935,22.099,19.318,25.15,25.412,27.781,17.948,17.843,19.177,18.495,22.321,18.799,20.769,44.085,37.617,15.442,15.291,14.81,15.329,17.206,16.068,15.211,15.478,14.551,15.841,15.305,14.677,15.087,13.691,13.025,13.466,13.629,14.617,13.971,24.394,29.504,20.738,30.368,28.402,20.52,15.9,14.645,12.307,12.174,14.645,9.1874,12.27,11.566,13.179,12.894,10.631,9.122,11.754,8.332,7.8018,10.044,6.6903,36.16,36.873,35.118,34.615,34.688,34.11,33.17,31.638,34.377,31.22,32.219,30.588,29.017,24.784,26.205,24.51,27.321,36.052,27.207,39.364,41.73,41.642,40.712,8.2556,8.2759,8.7677,8.4866,10.743,14.42,19.861,34.59,33.995,41.54,42.034,41.924,42.178,42.575,42.462,43.247,42.503,42.711,43.189
1999,10,19.911,4.9726,3.1813,6.5414,4.1017,2.5603,3.4923,8.5648,1.7679,8.6943,5.6476,7.0196,4.7405,3.5443,5.3145,3.5227,3.4038,2.807,3.0026,2.7365,24.529,13.716,8.6984,9.364,6.6284,3.5223,2.4988,2.5219,2.5143,2.459,2.2197,2.5644,2.3793,2.7092,3.0196,2.8951,2.8952,2.987,2.953,2.9826,2.9721,2.682,5.054,5.0612,4.4386,4.3677,4.3931,3.5942,4.0512,3.6855,3.2896,2.9708,2.8887,3.0225,3.9966,3.2836,2.3444,3.7265,3.6839,4.8211,6.9879,7.0609,8.5786,6.4599,7.9721,8.0138,9.0577,8.9578,9.1787,9.0863,8.4387,7.8575,7.4685,6.3524,8.8201,8.5511,8.7047,8.9288,3.6368,3.8162,3.7007,3.6938,4.1693,4.867,7.1082,7.4738,7.1833,8.5857,7.5076,6.1329,4.9635,6.215,10.226,14.667,16.822,18.311,18.778,21.514,22.842,23.093,22.02,19.549,20.09,18.331,19.065,18.982,18.837,18.742,15.593,14.952,15.626,16.139,16.248,17.983,17.89,17.367,17.676,18.317,17.766,17.494,19.747,17.726,19.51,18.906,19.174,18.452,18.289,19.185,19.676,19.853,22.013,23.057,24.252,22.036,20.982,13.441,12.786,13.149,8.5321,7.021,23.247,19.866,15.547,14.607,14.209,15.268,13.567,3.5812,5.1774,8.2309,10.922,14.087,15.677,13.716,11.397,10.723,11.909,9.4082,9.2114,10.094,10.541,10.803,11.096,12.05,13.563,14.048,14.08,15.077,14.157,15.817,16.531,17.525,14.438,13.74,12.676,11.803,10.506,11.794,13.88,17.34,9.5424,7.3602,7.1253,7.4843,59.521,60.131,51.425,31.623,21.004,15.99,10.895,7.1818,8.0245,35.131,34.342,31.398,30.194,28.09,23.809,16.691,30.488,23.645,26.069,15.974,14.348,17.255,14.21,18.322,13.903,15.363,41.16,29.66,6.9186,6.9462,5.8091,6.1952,7.331,6.2413,5.6519,5.7712,5.4067,5.8863,5.6871,5.4535,5.6061,5.0873,4.84,5.0038,5.0642,5.4314,5.1913,10.996,13.083,9.0016,13.262,12.417,8.9827,6.1357,5.54,4.5732,4.5236,5.4418,3.4138,4.5593,4.2975,4.8968,4.7913,3.9504,3.3895,4.3676,3.096,2.899,3.7321,2.486,16.016,16.318,15.475,15.149,15.183,14.905,14.43,13.699,15.257,13.856,13.973,13.119,12.438,10.394,10.726,10.028,11.932,16.327,12.023,17.891,18.707,18.399,18.209,3.0676,3.0751,3.2579,3.1534,3.9919,5.3581,7.9692,15.715,15.399,18.521,18.489,18.717,18.529,19.101,18.851,20.349,19.065,19.435,20.519
1999,11,10.045,2.6491,1.443,3.9445,2.4595,1.1499,1.7885,4.6988,0.79458,4.7501,3.1572,3.8793,2.5746,1.7887,2.8312,1.5672,1.6167,1.111,1.2715,1.0704,11.772,7.421,4.8459,5.1556,4.0181,1.3973,0.92849,0.93708,0.93424,0.91369,0.8248,0.95286,0.88409,1.0067,1.122,1.0757,1.0758,1.1099,1.0973,1.1083,1.1044,0.99655,1.878,1.8806,1.6493,1.6229,1.6324,1.3355,1.5053,1.3694,1.2223,1.1039,1.0734,1.1231,1.4851,1.2201,0.87111,1.3847,1.3688,1.7914,2.5965,2.6237,3.1876,2.4003,2.9623,2.9778,3.3656,3.3285,3.4106,3.3763,3.1356,2.9197,2.7751,2.3604,3.2773,3.1774,3.2345,3.3178,1.3514,1.418,1.3751,1.3725,1.5492,1.8085,2.6412,2.7771,2.6691,3.1902,2.7896,2.2789,1.8443,2.3094,3.7999,5.458,6.5301,7.2952,7.5214,9.4002,10.225,10.382,9.7318,8.0393,8.4111,7.1389,7.6694,7.6144,7.5143,7.4554,5.794,5.5559,5.8062,5.9969,6.0374,6.9063,6.8496,6.4914,6.6881,7.149,6.7621,6.5777,7.9861,6.6107,7.7282,7.2874,7.4664,6.9664,6.8794,7.4716,7.8056,7.9025,9.3654,10.038,10.75,9.5791,8.9632,5.0067,4.7508,4.8857,3.1703,2.6088,10.973,9.0947,7.1962,6.7742,6.5484,6.9541,6.2784,1.7281,2.5126,3.8697,5.0005,6.5068,6.9684,6.0067,4.8582,4.4827,4.6937,3.56,3.5409,3.7795,3.942,4.0363,4.2076,4.4935,5.2138,5.2253,5.2317,5.6024,5.2603,5.8773,6.1426,6.5118,5.365,5.1067,4.7101,4.6705,3.9038,4.3822,5.1573,6.6223,3.5457,2.7349,2.6476,2.781,21.995,22.166,20.343,14.415,9.8364,7.4166,4.7946,2.8862,3.0444,15.079,14.885,14.099,13.723,13.03,11.512,8.5029,13.813,11.424,12.352,8.2244,7.3788,8.7873,7.2431,9.1417,7.0393,7.6857,17.339,13.687,2.6266,2.7898,2.1585,2.302,2.724,2.3191,2.1001,2.1444,2.009,2.1872,2.1132,2.0264,2.0831,1.8903,1.7984,1.8593,1.8817,2.0182,1.929,4.0861,4.8614,3.3448,4.928,4.6138,3.3378,2.2799,2.0585,1.6993,1.6809,2.0221,1.2685,1.6941,1.5968,1.8195,1.7803,1.4679,1.2595,1.6229,1.1504,1.0772,1.3868,0.92372,5.951,6.0633,5.7501,5.6291,5.6418,5.5384,5.3619,5.0902,5.669,5.1487,5.1919,4.8748,4.6218,3.862,3.9855,3.7263,4.4336,6.224,4.4674,7.0358,7.4204,7.1652,7.1206,1.1398,1.1426,1.2105,1.1717,1.4833,1.9909,2.9612,5.9567,5.7919,7.2867,7.1984,7.4096,7.2165,7.6594,7.4618,8.5855,7.6381,7.9223,8.7193
1999,12,3.7324,0.98434,0.5362,1.4657,0.91387,0.42728,0.66458,1.746,0.29525,1.765,1.1731,1.4414,0.95667,0.66465,1.052,0.58232,0.60073,0.41283,0.47246,0.39773,4.3741,2.7575,1.8006,1.9157,1.493,0.51919,0.34501,0.3482,0.34714,0.33951,0.30648,0.35406,0.32851,0.37406,0.41692,0.39972,0.39973,0.41241,0.40772,0.41181,0.41036,0.3703,0.69781,0.69879,0.61283,0.60304,0.60655,0.49624,0.55934,0.50885,0.45419,0.41017,0.39884,0.41731,0.55181,0.45336,0.32368,0.51452,0.50863,0.66565,0.96482,0.97489,1.1844,0.89191,1.1007,1.1065,1.2506,1.2368,1.2673,1.2545,1.1651,1.0849,1.0312,0.87707,1.2178,1.1806,1.2019,1.2328,0.50214,0.52691,0.51095,0.51,0.57565,0.67198,0.98142,1.0319,0.99179,1.1854,1.0366,0.84677,0.68531,0.8581,1.412,2.0281,2.4264,2.7107,2.7948,3.4929,3.7992,3.8578,3.6161,2.9872,3.1254,2.6527,2.8498,2.8293,2.7921,2.7702,2.1529,2.0644,2.1574,2.2283,2.2434,2.5662,2.5452,2.412,2.4851,2.6564,2.5126,2.4441,2.9675,2.4564,2.8716,2.7078,2.7743,2.5885,2.5562,2.7763,2.9004,2.9364,3.48,3.7298,3.9943,3.5594,3.3305,1.8604,1.7653,1.8154,1.178,0.96939,4.0771,3.3794,2.674,2.5171,2.4332,2.584,2.3329,0.64212,0.93361,1.4379,1.8581,2.4178,2.5893,2.2319,1.8052,1.6657,1.7441,1.3228,1.3157,1.4044,1.4647,1.4998,1.5635,1.6697,1.9373,1.9416,5.8779,2.7233,1.9619,2.1839,2.2824,2.4196,1.9935,1.8975,1.7502,1.7354,1.4506,1.6283,1.9163,2.4607,1.3175,1.0162,0.98379,1.0334,8.1729,8.2365,7.559,5.3563,3.655,2.7559,1.7815,1.0724,1.1312,5.603,5.5308,5.2387,5.099,4.8418,4.2778,3.1595,5.1326,4.2448,4.5898,3.056,2.7418,3.2652,2.6914,3.3968,2.6156,2.8558,6.4428,5.0858,0.97599,1.0366,0.80206,0.85536,1.0122,0.86173,0.78035,0.79683,0.7465,0.81272,0.78521,0.75296,0.77402,0.70239,0.66825,0.69087,0.69921,0.7499,0.71677,1.5183,1.8505,1.2428,2.0681,1.7144,1.2402,0.84715,0.76491,0.63141,0.62457,0.75135,0.47134,0.6295,0.59335,0.6761,0.66153,0.54543,0.46799,0.60303,0.42746,0.40026,0.51529,0.34323,2.2113,2.253,2.1366,2.0916,2.0964,2.0579,1.9924,1.8914,2.1065,1.9131,1.9292,1.8114,1.7173,1.435,1.4809,1.3846,1.6474,2.3127,1.66,2.6143,2.7573,2.6624,2.6459,0.42354,0.42458,0.44981,0.43539,0.55116,0.73979,1.1003,2.2134,2.1521,2.7076,2.6747,2.7532,2.6815,2.846,2.7726,3.1902,2.8381,2.9438,3.2399
2000,1,17.807,0.36586,0.71684,3.1195,1.3495,1.9594,7.1067,61.639,5.9519,67.009,39.31,53.811,35.987,29.072,46.82,44.585,0.49878,0.96234,7.5594,12.454,9.877,2.4882,1.1703,0.99057,9.9146,0.87471,0.40477,1.6807,3.0244,0.12615,0.11388,0.79564,0.12207,0.13899,1.4246,1.0702,0.46066,0.15324,0.1515,0.15302,0.15248,0.13759,0.25929,0.30043,0.22771,0.22408,0.22538,0.18439,0.20784,0.18908,0.16876,0.15241,0.1482,0.15506,0.20504,0.16846,0.12027,0.19118,0.189,0.24734,0.3585,0.36225,0.44011,0.33141,0.409,0.41114,0.46469,0.45957,0.4709,0.46616,0.43293,0.40312,0.38316,0.3259,0.4525,0.4387,0.44658,0.45808,0.18658,0.19579,0.18986,0.18951,0.2139,0.24969,0.36467,0.38343,0.36853,0.44048,0.38516,0.31464,0.25465,0.31885,0.52465,0.75358,0.9016,1.0072,1.0385,1.2979,1.4117,1.4335,1.3437,1.11,1.1613,0.98566,1.0589,1.0513,1.0375,1.0294,0.79997,0.76709,0.80165,0.82798,0.83358,0.95355,0.94573,0.89626,0.92342,0.98706,0.93364,0.90818,1.1026,0.91274,1.067,1.0062,1.0309,0.96184,0.94983,1.0316,1.0777,1.0911,1.2931,1.3859,1.4842,1.3226,1.2375,0.69128,0.65595,0.67457,0.43773,0.3602,1.515,1.2557,0.99358,0.93531,0.90414,0.96014,0.86686,0.2386,0.34691,0.53429,0.69042,0.89838,0.96212,0.82934,0.67077,0.61892,0.64806,0.49152,0.48889,0.52183,0.54426,0.55729,0.58095,0.62042,0.71987,0.72146,3.8123,1.3759,0.73347,0.81147,0.8481,0.89908,0.74074,0.70508,0.65032,0.64485,0.53899,0.60505,0.71207,0.91434,0.48956,0.3776,0.36555,0.38397,3.094,3.8418,2.8087,1.9903,1.3581,1.024,0.66198,0.39849,0.42034,2.8085,3.5237,2.3181,7.6635,10.236,4.0931,1.174,2.1493,1.5773,1.7055,1.1355,1.0188,1.2133,1,1.2622,0.97191,1.0612,2.4892,1.8898,0.36266,0.38518,0.29803,0.31783,0.3761,0.3202,0.28996,0.29608,0.27738,0.30199,0.29177,0.27978,0.28761,0.26099,0.24831,0.25671,0.25981,0.27865,0.26633,0.56417,0.71435,0.46181,0.90908,0.63703,0.46084,0.31478,0.28422,0.23462,0.23207,0.27918,0.17514,0.23391,0.22047,0.25122,0.24581,0.20267,0.17389,0.22407,0.15883,0.14873,0.19147,0.12754,0.82165,0.83716,0.79392,0.7772,0.77896,0.76468,0.74031,0.7028,0.78271,0.71087,0.71684,0.67306,0.63812,0.53323,0.55027,0.51449,0.61215,0.85934,0.61681,0.97142,1.0245,0.9893,0.98314,0.15738,0.15776,0.16714,0.16178,0.2048,0.27489,0.40885,0.82244,0.79968,1.0061,0.99387,1.023,0.99637,1.0575,1.0303,1.1854,1.0546,1.0938,1.2039
2000,2,10.193,0.13601,0.56399,2.488,1.0523,1.6346,4.8744,17.409,4.2741,18.014,14.175,16.405,13.557,12.125,15.384,15.003,0.49009,0.89448,5.6754,7.2844,6.4461,1.6866,0.72356,0.53266,11.131,0.71011,0.31375,1.4251,2.4381,0.046876,0.042315,0.67145,0.045357,0.051646,1.2036,0.90507,0.35478,0.056942,0.056294,0.056859,0.056658,0.051126,0.096346,8.299,2.8779,4.8296,4.8308,2.1509,8.59,7.0393,2.7171,0.57086,1.9069,3.8315,2.5809,0.098227,0.044691,0.071039,0.070227,0.091906,0.13321,0.1346,0.16354,0.12315,0.15197,0.15277,0.17267,0.17076,0.17497,0.17321,0.16087,0.14979,0.14237,0.1211,0.16814,0.16301,0.16594,0.17021,0.069329,0.07275,0.070547,0.070416,0.07948,0.092779,0.1355,0.14247,0.13694,0.16367,0.14312,0.11691,0.094621,0.11848,0.19495,0.28001,0.33501,0.37427,0.38587,0.48226,0.52456,0.53265,0.49927,0.41244,0.43152,0.36625,0.39347,0.39064,0.38551,0.38248,0.29725,0.28503,0.29788,0.30766,0.30974,0.35432,0.35141,0.33303,0.34312,0.36677,0.34692,0.33746,0.40971,0.33915,0.39648,0.37387,0.38305,0.3574,0.35294,0.38332,0.40045,0.40542,0.48048,0.51497,0.5515,0.49144,0.45984,0.25686,0.24373,0.25065,0.16265,0.13384,0.56293,0.46659,0.36919,0.34754,0.33596,0.35677,0.3221,0.088657,0.1289,0.19853,0.25654,0.33382,0.3575,0.30816,0.24924,0.22998,0.2408,3.8341,7.9265,4.2247,2.5718,2.2389,5.1774,2.4145,0.28492,0.26808,4.0129,0.58625,0.55021,0.30152,0.31513,0.33408,0.27524,0.26199,0.24164,0.23961,0.20028,0.22482,0.26459,0.33975,0.18191,0.14031,0.13583,0.14267,1.1843,1.8641,1.0437,0.73953,0.50464,0.3805,0.24598,0.14807,0.79718,1.452,2.0735,1.0785,4.8962,6.4164,2.6993,0.43623,0.94222,0.58608,0.63371,0.42194,0.37856,0.45082,0.37159,0.469,0.36114,0.3943,0.9823,0.70219,0.13475,0.14312,0.11074,0.1181,0.13975,0.11898,0.10774,0.11002,0.10307,0.57222,0.10841,0.10396,0.10687,0.096979,0.092265,0.095388,0.09654,0.10354,0.10264,0.86299,0.26543,0.1716,0.33779,0.2367,0.17124,0.11697,0.10561,0.087178,0.086234,3.1749,0.065078,3.7951,0.081923,1.3082,1.0336,0.075307,0.064615,1.5494,0.059019,0.055263,2.3364,0.04739,0.30531,0.31107,0.295,0.28879,0.28944,0.28414,0.27508,0.26114,0.29084,0.26414,0.26636,0.25009,0.23711,0.19813,0.20666,0.19117,0.22746,0.31931,0.22919,0.36096,0.38069,0.3676,0.36531,0.058478,0.058622,0.062105,0.060114,0.076099,0.10214,0.15192,0.3056,0.29714,0.37383,0.3693,0.38014,0.37023,0.39295,0.38282,0.44046,0.39186,0.40644,0.44733
2000,3,29.819,5.8614,27.606,79.446,51.477,39.788,18.91,7.0229,56.973,6.7002,10.833,7.9234,9.3892,7.3941,6.8842,7.7327,6.1085,4.4665,8.3263,2.8228,17.931,6.9224,4.5291,2.9238,23.088,0.49326,0.11658,0.53736,2.3952,1.4285,0.015723,10.973,0.46193,1.8819,1.5592,6.6425,4.1871,1.1678,2.4663,1.8302,0.45937,0.018997,0.0358,5.8512,2.3492,3.6278,3.6285,1.8193,5.6321,4.8656,2.2415,0.50791,1.6362,3.0076,2.1378,0.05813,0.016606,0.026397,0.026095,0.03415,0.049498,0.050015,0.060766,0.045758,0.05647,0.056765,0.064159,0.063452,0.065016,0.064362,0.059775,0.055658,0.052903,0.044997,0.062476,0.060571,0.061659,0.063247,0.025761,0.027032,0.026214,0.026165,0.029533,0.034475,0.05035,0.05294,0.050882,0.060816,0.053179,0.043442,0.035159,0.044023,0.072438,0.10405,0.12448,0.13907,0.14338,0.1792,0.19491,0.19792,0.18552,0.15325,0.16034,0.13609,0.1462,0.14582,0.14325,0.14212,0.11045,0.10591,0.11068,0.11432,0.11509,0.13166,0.13058,0.12375,0.1275,0.13628,0.12891,0.12539,0.15224,0.12602,0.14732,0.13892,0.14233,0.1328,0.13114,0.14243,0.1488,0.38204,0.17853,0.19135,0.23125,0.18261,0.17087,0.095444,0.090566,0.093137,0.060436,0.049733,0.20917,0.17337,0.13718,0.12914,0.12483,0.13257,0.11969,0.047545,0.047897,0.073769,0.095326,0.12404,0.13284,0.11451,0.092613,0.085454,0.089477,2.9737,5.2997,3.2242,2.085,1.8321,3.8159,1.9566,0.44397,0.099611,2.7034,0.26316,0.36842,0.11204,0.1171,0.12414,0.10227,0.09735,0.089789,0.089034,0.074418,0.083539,0.098315,0.12624,0.067593,0.052135,0.050471,0.053015,0.44006,0.69265,0.3878,0.27479,0.18751,0.14138,0.091399,0.055019,0.65986,0.53952,1.0428,2.2624,13.656,17.072,6.0446,0.16209,0.35011,0.21777,0.23547,0.15678,0.14066,0.16751,0.13808,0.17427,0.13419,0.14651,0.365,0.26092,0.050072,0.053182,0.041148,0.043883,0.051928,0.04421,0.040035,0.04088,0.038298,0.80421,0.040284,0.038629,0.03971,0.036035,0.034283,0.035444,0.035872,0.038473,0.040382,0.69083,0.098629,0.063762,0.12552,0.087954,0.063628,0.043462,0.039242,0.032393,0.032042,2.5517,0.024181,2.9754,0.030441,1.1348,0.90171,0.027982,0.024009,1.3389,0.02193,0.020535,1.9586,0.017609,0.11345,0.11559,0.10962,0.10731,0.10755,0.10558,0.10221,0.097035,0.10807,0.098149,0.098973,0.092929,0.088105,0.073622,0.078121,0.071035,0.084519,0.11865,0.085162,0.13412,0.14146,0.13659,0.13574,0.021729,0.021782,0.023077,0.022337,0.028277,0.037953,0.056449,0.11355,0.11041,0.13891,0.13722,0.14125,0.13757,0.14601,0.14225,0.16367,0.14561,0.15102,0.16622
2000,4,36.927,16.301,33.67,63.391,68.815,53.19,46.712,77.743,90.305,76.77,87.275,84.242,79.612,67.936,72.344,59.863,15.496,14.639,26.613,21.777,52.569,23.259,27.258,31.963,40.461,29.351,3.1177,8.22,13.04,5.101,0.44981,14.303,2.2236,3.5246,21.396,14.275,10.746,3.2023,6.3002,10.145,17.571,16.035,96.817,161.27,116.59,117.36,119.06,72.892,118.63,105.71,70.684,49.023,72.016,85.19,86.456,27.762,0.0061704,2.6745,0.0096961,0.012689,0.018392,0.018585,0.022579,4.9538,0.097876,0.021093,0.027211,0.023577,0.21636,0.023916,0.022211,0.020681,0.019657,1.6033,0.024003,0.022507,0.022911,0.023501,8.7888,12.396,9.0602,12.232,7.9069,8.7382,2.3418,2.3299,0.018907,0.022598,0.01976,0.1048,3.4842,2.7709,0.24261,0.28784,1.3849,1.8218,1.0268,25.406,31.237,32.465,25.508,19.835,11.758,34.988,36.138,42.872,28.666,19.493,23.308,20.673,26.592,36.653,41.607,37.449,26.978,35.36,38.82,24.29,12.056,24.687,16.917,48.943,41.351,23.02,7.3349,60.652,55.582,23.95,12.377,76.261,72.22,23.802,86.332,26.836,61.922,23.962,26.671,44.896,20.16,8.9218,38.267,6.5119,45.089,33.871,35.724,42.587,62.626,114.05,106.43,85.443,39.041,24.776,7.6003,16.896,58.167,66.736,50.726,105.03,131.58,109.78,98.264,91.256,134.03,109.05,123.86,91.437,83.07,60.41,70.979,46.273,37.03,46.027,66.738,85.983,40.276,96.312,21.125,58.269,68.358,64.765,15.501,9.3285,2.1706,11.481,13.683,18.817,6.8919,13.594,23.411,36.75,79.068,86.902,92.808,4.5983,9.5485,25.929,51.567,65.501,75.468,72.686,25.297,69.859,64.811,58.406,48.691,65.067,52.726,35.067,71.694,47.866,41.084,25.282,47.503,54.414,102.21,59.677,62.754,82.652,135.26,106.49,91.872,137.6,147.88,59.268,143.99,85.018,98.465,99.216,106.3,138.02,125.06,77.226,57.414,79.16,57.057,28.092,29.54,118.46,53.134,58.048,75.659,144.1,6.3174,75.801,41.087,118.47,85.153,34.221,13.542,68.717,18.298,12.878,40.107,1.5915,39.328,35.273,37.067,12.41,18.822,33.345,3.5989,18.272,4.3511,14.928,36.061,29.106,16.35,11.911,23.455,17.931,10.608,2.9391,9.2628,6.5693,5.1704,1.7006,2.3078,3.8274,0.065178,1.9515,7.749,11.442,7.9394,5.5046,1.6505,2.8955,0.20612,0.75467,0.052485,1.0593,7.2652,4.6031,13.883,0.054104,0.39312,12.549
2000,5,180.31,144.43,160.65,151.68,143.31,148.62,130.47,139.44,104.5,136.74,127.79,133.21,132.07,136.8,140.2,151.05,101.53,99.953,112.77,123.73,185.39,144.1,136.93,148.64,125.72,152.81,112.42,123.58,154.94,160.27,148.7,181.33,153.02,150.27,151.7,155.31,148.64,131.31,142.77,151.15,158.48,149.17,217.01,213.45,189.14,179.7,193.45,164.32,171.64,165.93,159.42,157.01,156.75,160.24,159.18,147.11,85.341,158.28,101.17,96.122,98.133,97.765,79.386,199.92,183.43,160.85,195.03,174.86,202.34,187.59,109.7,119.12,186.36,209.45,210.82,195.45,198.97,199.32,209.95,217.51,213.87,218.3,218.78,224.16,220.64,210.96,193.12,191.03,186.06,204.36,216.61,220.44,212,211.92,214.87,220.36,224.08,201.66,182.68,177.58,190.19,222.5,202.01,231.5,225.44,227.86,222.47,216.63,202.59,218.69,220.51,214.74,199.09,231.88,212.84,178.75,195.47,214.64,172.6,166.65,169.9,195.44,201.28,201.62,188.83,193.85,201.76,203.67,199.36,220.73,248.51,242.98,274.44,242.91,247.76,190.17,186.14,196.21,167.7,142.54,250.63,189.42,270.07,260.65,253.99,253.16,258.66,265.12,265.36,259.74,229.48,217.2,181.47,197.87,227.73,239.53,227.33,219.66,228.23,221.58,219.93,217.5,237.86,228.05,261.29,250.16,231.33,204.78,196.78,180.97,164.68,157.53,215.42,242.26,214.96,254.85,182.09,208.59,203.08,207.53,170.08,146.45,131.61,150.56,186.95,186.36,181.1,216.85,245.48,255.63,245.56,222.04,218.01,164.52,170.75,176.49,193.1,205.46,220.24,241.61,198.57,232.26,227.86,221.56,234.18,233.32,232.39,221.25,233.38,219.36,206.15,203.99,207.13,213.15,215.6,188.15,194.92,173.97,168.92,156.41,161.99,156.54,155.68,142.75,158.08,184.76,198.57,183.62,181.54,170.28,183.43,212.9,213.61,178.64,212.55,191.91,159.26,159.13,166.63,177.52,191.75,182.07,181.98,181.77,160.83,197.93,162.45,166.18,147.12,155.24,142.18,147.75,176.63,125.97,179.39,185.45,205.84,212.78,218.02,225.32,201.61,220.21,218.06,229.05,224.06,220.25,202.26,186.97,214.58,208.65,223.46,222.87,222.13,235.03,247.35,252.56,242.33,188.83,171.58,183,199.47,206.59,201.83,209.45,221.58,229.78,232.63,251.78,225.84,254.76,250.09,254.96,222.82,213.46,216.98,215.13
2000,6,127.43,107.01,78.462,65.396,66.447,79.76,98.741,54.026,46.181,46.201,46.771,46.844,48.738,51.172,50.161,68.06,138.69,138.26,129.27,108.91,148.25,141.44,143.79,142.64,143.14,135.46,129.54,129.36,106.66,96.259,78.438,96.172,98.445,84.306,120.14,96.836,94.597,78.865,84.003,79.327,77.091,65.133,120.73,113.25,90.111,81.844,111.04,78.821,71.043,63.385,62.487,61.072,53.67,52.77,66.067,58.881,44.414,51.425,43.863,42.188,48.289,44.37,41.61,62.456,64.104,61.322,73.555,67.319,74.151,71.243,50.256,61.328,80.109,90.57,81.013,80.145,79.706,78.317,70.726,72.539,74.208,75.413,79.331,78.316,82.785,74.321,80.916,78.566,80.472,82.756,81.626,80.822,85.898,92.596,95.327,97.166,98.552,105.69,106.88,106.94,105.58,100.09,98.992,94.114,97.435,97.523,95.71,94.289,75.924,77.298,82.852,83.91,78.868,91.495,88.558,80.07,85.053,91.634,82.224,80.009,86.849,79.74,86.583,81.64,80.195,80.825,80.561,82.831,83.17,88.167,95.634,96.076,102.79,101.21,102.83,110.23,111.27,111.84,125.83,126.71,158.03,131.62,150.42,150.52,151.41,151.21,154.44,163.05,161.48,156.61,142.61,143.3,121.11,124.67,131.51,136.64,127.49,130.56,130.51,128.6,128.82,129.65,127.17,124.26,128.09,120.05,100.64,86.364,102.39,76.947,82.201,75.07,110.04,119.48,119.65,136.31,121.78,121.04,107.86,96.021,120.71,125.79,123.34,126.2,210.17,212.17,199.77,171.82,154.29,146.46,137.5,130,129.36,142.65,144.88,152.57,151.66,147.2,138.66,123.77,142.55,139.59,145.14,127.89,121.16,126.02,123.11,133.62,124.89,133.27,176.75,167.72,124.08,115.92,116.27,123.86,130.16,143.75,136.07,152.12,122.22,125.19,162.4,108.9,161.52,122.05,128.14,134.12,136.52,156.91,126.44,125.8,107.6,139.35,100.62,95.199,99.719,151.65,121.26,119.66,110.55,119.43,63.848,71.012,67.958,104.81,80.107,63.514,59.734,70.113,58.162,56.119,57.994,50.208,74.484,74.869,77.478,73.578,74.579,80.199,73.006,76.937,80.311,82.994,93.151,86.372,84.283,78.399,74.215,75.734,81.519,90.488,83.611,96.733,100.36,99.279,97.924,72.852,71.714,73.613,73.861,76.377,77.628,79.171,92.445,91.808,98.26,99.559,98.582,99.959,102.24,101.53,104.12,99.031,99.951,103.79
2000,7,77.767,67.876,54.803,42.284,38.56,48.392,51.947,26.43,46.457,23.223,28.828,25.678,29.566,31.355,27.408,33.569,66.915,62.774,56.862,45.597,91.14,79.292,76.131,77.688,61.547,62.898,47.844,48.573,46.698,48.68,43.184,50.652,49.026,50.559,53.661,50.701,50.49,50.991,51.055,52.023,52.896,53.682,88.096,79.868,73.662,71.595,69.946,61.041,66.967,63.228,58.587,56.684,57.123,57.267,66.742,69.111,65.081,70.423,61.3,57.829,53.654,56.196,50.129,74.578,70.496,68.308,70.074,65.962,71.414,69.086,56.542,56.078,64.601,63.285,75.583,74.123,74.241,74.231,79.841,80.268,79.029,79.361,78.069,77.767,74.445,73.958,72.562,70.949,71.513,74.105,77.158,80.977,81.943,84.659,88.532,89.277,86.905,106.83,114.63,116.5,110.76,99.088,102.36,100.12,101.34,101.49,100.88,100.43,101.24,104.13,105.52,105.04,102.07,100.26,101.41,105.38,103.95,100.99,103.85,105.1,120.76,113.38,126.85,125.85,127.13,119.68,119.67,127.95,131.16,132.67,147.48,152.36,159.36,145.89,140.18,91.886,86.475,86.758,57.759,46.848,139.17,106.79,128.3,130.72,133.78,133.45,137.73,151.9,149.1,142.73,126.67,121.82,99.903,104.84,113.51,118.86,103.91,94.598,98.487,92.427,91.115,89.851,96.998,92.59,104.98,94.425,99.258,99.272,94.038,97.584,97.732,104.02,91.102,91.975,82.031,113.35,67.551,74.247,82.906,112.44,61.966,49.081,48.382,50.173,131.81,131.25,129.52,127.45,124.51,121.21,113.38,105.36,98.403,83,85.852,98.619,98.154,96.386,95.644,95.554,91.159,102.73,105.01,93.67,94.341,94.864,95.879,102.74,98.363,103.21,116.67,118.41,98.139,95.45,92.647,99.405,98.651,109.66,107.02,119.31,99.577,105.87,126.06,96.642,124.48,92.738,90.992,98.902,101.13,117.64,97.427,92.176,95.901,107.4,102.76,99.121,94.348,119.7,105.59,104.14,103.98,108.05,80.644,80.375,75.863,79.498,74.116,75.914,73.45,71.762,70.281,72.149,74.825,67.953,98.351,101.77,100.52,101.79,101.77,102.75,104.12,106.01,98.719,102.55,105.3,107.32,104.64,103.65,113.39,107.38,100.83,93.832,97.12,90.916,84.448,79.19,83.711,78.814,79.019,81.276,80.373,84.801,88.765,92.841,88.232,88.485,81.931,77.466,82.194,77.102,84.5,81.095,96.461,83.384,87.442,98.475
2000,8,47.985,48.214,49.946,32.788,32.314,40.526,45.754,92.14,28.701,97.111,72.122,84.559,70.919,67.593,81.036,71.181,33.585,31.441,36.57,46.117,42.414,39.993,36.009,36.568,29.959,31.398,23.623,23.89,27.94,25.753,34.692,25.501,24.595,24.509,27.071,24.405,24.169,23.747,24.158,25.204,26.791,29.035,49.425,48.764,47.793,46.319,41.992,35.323,42.58,40.025,34.446,32.792,35.772,36.61,43.41,46.865,39.95,33.977,31.831,28.728,24.754,25.38,22.443,31.61,30.394,29.459,31.09,29.302,31.374,30.475,25.069,26.534,31.252,32.698,33.433,33.12,33.036,32.774,36.695,36.717,37.099,37.444,37.356,35.8,34.605,32.918,34.086,32.358,33.601,35.548,37.97,49.132,65.279,76.582,86.923,91.798,95.147,99.653,100.78,100.73,99.503,93.607,94.443,85.795,89.853,89.445,88.553,87.955,68.125,61.539,66.579,71.321,74.525,83.16,83.596,82.823,84.182,86.086,84.883,85.284,97.664,86.363,96.304,92.196,92.929,94.692,90.994,93.659,95.083,98.225,101.47,102.12,104.27,99.997,98.635,79.127,76.512,73.124,56.683,50.676,78.13,91.006,58.486,62.775,70.048,73.703,75.292,79.469,77.684,77.241,85.02,87.244,94.781,89.408,81.629,74.49,69.598,56.667,60.892,53.865,51.398,49.393,55.792,51.612,53.1,49.632,59.298,69.332,63.142,76.008,79.406,92.111,54.917,50.077,55.945,60.937,58.797,54.398,58.735,86.301,54.44,51.726,51.695,52.26,53.037,51.252,51.905,58.825,58.782,58.247,65.227,71.985,63.486,43.738,43.619,42.693,43.521,44.348,45.385,47.101,45.579,47.494,48.097,45.177,46.953,46.393,47.223,53.116,50.532,55.821,50.46,56.898,63.283,53.979,49.757,59.795,58.606,54.01,50.04,51.725,47.778,47.596,51.914,44.906,51.873,49.133,50.919,50.565,50.663,52.407,51.478,52.532,56.154,54.1,61.026,58.098,52.225,53.736,51.011,48.465,44.972,48.713,37.573,44.756,46.315,50.168,48.517,44.34,45.73,47.738,48.299,46.176,42.77,44.269,76.463,77.046,68.454,61.354,61.708,62.299,57.69,55.903,66.318,61.492,63.215,57.129,54.319,46.991,44.346,45.897,57.636,77.984,60.951,88.099,96.039,96.219,92.98,40.323,40.649,41.594,40.129,42.887,47.057,52.767,82.163,79.902,95.641,97.635,96.742,98.159,98.769,98.766,99.628,98.238,98.531,99.309
2000,9,72.941,79.136,95.101,73.178,82.125,90.231,69.915,94.641,34.809,92.772,76.324,85.483,75.752,72.108,82.814,78.021,36.684,33.524,43.147,59.201,64.526,52.419,48.729,56.01,36.314,58.638,39.145,38.103,47.236,42.896,56.277,40.335,40.314,42.766,44.609,43.323,43.233,45.492,44.717,45.903,47.215,49.826,90.813,72.315,68.72,69.355,63.529,58.625,66.209,62.808,57.422,54.495,56.053,56.171,68.535,57.471,48.845,51.333,45.749,43.149,40.749,41.982,37.455,57.052,54.594,52.692,56.566,52.1,57.492,55.223,42.699,44.568,53.934,54.684,62.45,61.441,61.368,61.047,70.942,71.04,72.082,72.954,72.736,67.827,64.569,60.649,63.361,58.986,61.955,66.965,72.712,83.633,87.007,82.931,86.301,87.724,87.387,82.417,80.528,80.02,81.79,91.203,90.335,105.86,97.928,98.414,99.509,99.91,150.85,150.22,143.15,140.16,139.47,108.75,109.45,118.46,113.05,104.27,111.26,114.54,104.75,125.13,113.63,121.13,119.76,119.9,123.27,119.58,117.57,115.57,110.99,108.75,106.63,106.11,106.86,104.78,104.7,110.69,101.09,95.708,110.86,89.865,91.256,97.52,109.05,117.25,114.91,104.55,104.85,109.75,103.97,95.59,89.5,96.982,108.47,117.39,121.35,141.31,136.18,147.37,148.94,150.06,143.38,151.55,138.94,151.36,161.46,153.18,150.44,143.69,132.92,122.15,148.3,150.2,131.44,126.83,112.45,126.71,136.3,118.81,112.64,97.846,97.516,98.13,58.545,53.671,58.558,84.813,92.271,92.888,109.67,123.53,135.87,62.457,61.689,57.722,65.052,76.411,98.035,139.41,85.09,120.19,113.69,120.24,138.4,129.75,134.14,130.48,136.09,127.02,79.19,85.075,134.24,133.86,113.55,124.87,135.25,123.92,95.872,115.17,87.77,93.554,114.5,84.258,111.63,82.314,75.408,83.377,85.583,103.48,87.274,152.34,157.13,141.75,156.38,146.72,124.36,125.12,117.26,105.26,90.473,97.265,68.637,68.445,68.966,70.464,77.759,63.403,60.506,70.845,56.371,54.503,53.791,49.886,142.01,140.5,150.27,152.45,152.91,155.92,147.61,137.9,119.74,105.46,163.69,147.57,139.06,115.73,109.69,107.41,101.85,95.162,99.903,90.96,88.215,88.865,89.493,82.363,84.039,87.131,81.805,87.734,94.959,97.971,90.475,92.662,88.306,88.392,87.748,88.246,86.989,87.488,84.523,86.921,86.105,84.142
2000,10,84.089,90.957,75.594,56.011,60.085,72.394,88.694,104.36,90.294,108.07,103.7,105.11,99.971,95.737,99.41,88.585,91.387,82.811,84.238,81.132,77.359,87.383,83.585,78.704,76.286,62.922,52.94,51.065,47.695,39.537,47.473,36.459,38.17,35.645,50.783,39.102,38.548,36.082,36.743,35.834,35.77,34.429,53.395,57.083,58.438,57.108,56.218,45.389,50.21,44.221,39.084,36.288,34.888,34.407,53.273,53.151,48.151,48.902,44.167,41.581,38.572,40.131,36.15,52.27,50.544,48.968,51.809,48.143,52.635,50.759,40.506,41.507,49.059,49.256,56.669,55.789,55.751,55.536,58.205,58.451,58.476,58.82,58.262,57.584,56.493,54.359,55.736,53.618,54.989,57.425,58.41,57.293,55.18,56.246,53.965,53.396,53.653,59.123,61.339,61.776,60.102,55.772,56.743,53.319,54.949,54.815,54.541,54.379,41.302,44.071,46.359,45.702,42.034,52.753,51.225,45.616,48.113,52.73,48.085,45.43,41.76,39.407,38.372,37.3,37.129,36.013,37.094,37.056,36.879,36.213,36.561,36.587,36.626,35.444,35.111,31.106,30.699,31.659,27.99,26.487,60.579,44.092,54.763,57.413,61.778,64.23,64.203,63.902,63.292,62.255,54.725,51.1,42.269,44.2,47.301,50.082,44.053,50.245,56.039,46.625,43.787,41.492,49.655,42.138,45.836,40.4,40.881,39.382,37.931,38.031,36.111,34.779,38.205,39.897,36.7,47.556,32.081,33.827,35.37,35.066,30.213,27.04,27.011,27.041,77.173,76.341,73.483,67.533,60.218,58.286,64.659,72.683,59.112,77.996,78.281,80.897,77.446,71.754,62.011,45.867,67.115,51.704,54.254,52.853,45.757,49.152,46.356,52.831,49.178,56.437,67.9,69.941,60.11,51.045,49.742,58.816,54.544,52.68,53.456,53.056,51.417,49.801,52.251,47.618,52.287,53.355,55.487,53.731,53.556,53.652,60.422,42.149,41.841,49.882,43.805,46.345,54.967,55.077,56.095,56.432,56.252,63.409,56.952,62.691,65.06,62.529,70.273,60.37,58.537,64.182,54.38,53.727,52.323,49.59,38.279,38.702,40.76,43.592,43.464,42.809,44.521,45.163,48.6,49.765,41.229,42.784,44.655,49.055,46.692,48.786,50.559,51.987,51.534,53.254,53.176,52.005,52.481,59.609,60.116,59.921,59.208,57.718,55.713,53.163,52.748,52.637,52.614,51.861,52.908,51.852,53.634,52.844,56.68,53.532,54.541,57.135
2000,11,42.917,59.846,64.298,77.459,87.554,78.782,79.756,82.923,69.465,79.963,77.448,78.978,74.881,70.201,74.075,63.449,70.982,62.61,60.931,54.494,35.85,50.423,51.074,45.558,50.923,32.793,26.676,26.212,28.179,25.879,34.218,25.732,24.638,23.081,25.923,22.848,22.182,20.745,21.612,20.987,20.319,18.186,21.455,21.946,22.35,22.174,22.177,20.087,20.743,19.209,18.157,17.508,16.195,15.963,21.601,22.655,23.416,24.927,24.038,24.192,25.314,25.863,25.826,29.606,30.195,29.855,32.078,30.615,32.426,31.713,27.317,27.496,29.961,29.227,33.642,33.242,33.306,33.38,32.676,33.046,33.593,33.987,34.029,33.214,33.57,32.112,33.334,32.514,33.033,34.078,34.208,31.149,28.226,28.732,26.055,25.382,25.771,28.727,29.888,30.091,29.199,27.002,27.657,25.802,26.759,26.685,26.552,26.467,18.081,19.491,20.681,20.689,18.903,25.669,25.128,21.922,23.891,25.796,23.943,22.45,20.117,18.01,17.76,16.882,16.715,15.359,16.019,16.605,16.405,15.556,15.821,15.871,15.94,15.175,14.977,12.673,12.424,12.993,10.897,10.063,23.535,18.986,21.776,22.499,23.651,24.285,24.265,24.093,23.964,23.826,22.115,21.102,18.363,19.05,20.097,20.961,19.03,21.044,22.576,19.932,18.937,18.047,20.877,18.3,19.65,17.585,17.706,16.981,16.31,16.321,15.344,14.592,16.545,17.365,15.913,20.199,13.516,14.402,15.105,14.854,12.311,10.41,10.407,10.372,26.406,25.604,24.638,24.154,22.949,22.561,24.157,25.827,23.309,35.028,34.429,32.277,31.501,30.058,26.78,20.224,29.214,22.056,22.67,24.193,20.148,21.844,20.161,21.767,20.849,22.579,25.038,24.528,23.509,21.211,20.686,23.099,22.18,21.586,21.454,21.669,20.826,20.497,21.456,19.794,21.428,21.205,21.579,21.333,21.333,21.702,23.048,18.3,18.153,20.945,18.935,19.848,22.41,22.601,23.654,24.893,25.229,25.566,28.282,25.448,25.114,22.973,24.95,24.795,24.342,24.212,23.17,23.697,23.976,23.202,16.477,16.736,17.728,19.47,19.389,18.665,19.707,19.819,22.069,22.021,17.833,18.55,19.246,20.696,20.009,21.014,22.524,23.772,23.249,25.03,25.594,25.051,25.032,34.268,34.788,33.469,33.805,31.055,27.412,24.922,24.965,24.792,25.312,25.095,25.544,25.129,26.028,25.649,27.567,25.974,26.482,27.762
2000,12,18.733,25.774,25.919,28.994,32.283,30.744,32.405,30.342,27.471,29.201,28.926,29.137,28.474,27.547,28.265,25.83,32.168,28.577,26.976,23.488,16.392,23.316,24.223,21.637,26.111,14.949,12.18,11.996,13.097,12.649,16.996,13.213,11.983,11.289,11.818,10.632,10.27,9.5736,10.066,9.8518,9.5677,8.3469,8.0693,18.279,8.6451,8.5867,11.532,8.1916,8.1512,7.6485,7.4941,7.4711,6.5914,6.5487,8.4599,9.4424,10.411,11.272,11.012,11.217,11.876,12.09,12.165,13.523,13.81,13.687,14.57,14.011,14.703,14.432,12.73,12.788,13.727,13.709,15.159,15.007,15.032,15.062,14.753,14.904,15.125,15.279,15.299,14.982,15.13,14.564,15.042,14.731,14.928,15.324,15.368,14.069,12.677,13.407,12.262,12.051,12.446,16.959,19.177,19.639,17.889,14.443,15.628,13.635,14.58,14.507,14.376,14.294,6.9064,7.8115,9.0013,9.8576,9.1116,13.536,12.87,9.74,11.523,13.536,11.568,10.167,8.4407,7.437,7.2001,6.7398,6.6313,5.7344,6.0303,6.5573,6.418,5.8824,5.9491,5.971,6.0184,5.6397,5.5651,4.7091,4.6166,4.8279,4.0491,3.7391,15.473,7.0549,9.943,8.7801,9.9918,12.597,16.534,23.162,21.656,16.082,8.2174,7.8408,6.8234,7.0784,7.4676,7.7888,7.0711,12.314,15.98,11.689,10.357,10.355,12.581,9.9896,8.3367,6.5353,19.579,11.217,9.9589,7.4565,5.7015,5.4219,6.1476,6.4524,5.913,7.9058,5.0221,5.3514,5.6127,5.5192,4.5744,3.8682,3.867,3.854,13.71,13.063,12.226,11.14,8.9966,8.3953,9.6061,9.5966,9.2029,15.599,15.338,14.549,14.025,13.213,11.48,7.8488,12.826,8.6511,8.8968,10.235,7.8014,8.7801,7.7131,8.1514,7.8544,8.4099,10.282,9.3215,8.7354,7.8815,7.836,8.5831,8.2416,8.0208,12.95,8.2158,8.8441,20.55,8.9979,7.7093,8.624,8.2086,8.3468,8.0845,8.0361,8.4639,8.9412,10.188,10.083,7.793,9.8334,7.375,8.4936,8.8366,9.4942,10.488,10.822,11.247,12.73,10.736,10.331,9.3342,9.6986,10.462,10.277,9.6399,9.7437,10.192,10.481,10.169,6.7966,6.4346,8.0357,8.0077,7.9472,8.6104,7.8474,7.6069,9.2385,8.8781,7.4201,6.9515,7.1515,7.8147,7.5864,8.1879,9.2195,10.23,9.6813,11.539,12.171,11.552,11.546,15.381,15.583,15.05,15.198,14.018,12.185,10.766,11.163,10.929,11.863,11.601,12.129,11.636,12.687,12.219,14.898,12.637,13.311,15.241
2001,1,15.846,17.5,33.723,120,133.88,83.659,89.291,133.39,83.068,128.16,113.01,121.95,107.78,95.902,110.2,100.06,52.51,50.685,65.473,54.971,10.721,16.591,24.769,20.189,62.187,14.961,7.0136,11.065,21.717,15.463,25.072,28.274,10.868,13.535,12.447,21.143,17.481,11.12,14.038,11.821,7.8403,3.2874,3.0183,10.322,3.2715,3.2271,6.4789,3.2,3.0842,2.9244,2.8563,2.9047,2.5934,2.6214,3.1477,13.617,6.6317,23.156,6.1957,4.7474,4.413,4.4923,4.5201,19.289,7.9122,5.5589,5.8458,5.3276,6.3705,5.6241,4.7302,4.7518,5.1007,5.3425,6.0551,5.5762,5.626,5.7126,26.328,28.883,23.481,26.262,17.235,18.232,8.3974,10.056,5.639,5.4738,5.551,6.5244,11.043,9.4036,4.9024,5.3565,5.0457,5.0559,5.2941,8.3984,9.7887,10.058,9.0107,6.8639,7.6721,10.285,9.7824,11.597,8.3215,6.9793,4.375,6.8324,8.1047,9.7426,8.4964,11.714,7.3606,4.9861,7.2983,7.1187,4.9119,4.064,3.1364,4.3125,2.6754,2.5044,2.464,2.7057,3.1738,2.4365,2.3848,3.9661,2.8903,2.2187,3.6055,2.0956,2.0679,1.7498,1.7154,1.7939,1.5046,1.3894,9.6743,2.6214,4.6221,3.5065,4.3562,6.2069,8.4692,14.068,12.544,8.6476,3.0534,2.9135,2.5354,2.6302,2.8797,2.9446,2.6275,9.844,17.477,11.095,8.2904,7.4551,17.507,11.097,10.843,3.7665,27.771,14.123,8.3214,5.9906,2.1186,2.0147,2.2845,3.2106,2.1971,4.7149,1.8661,1.9884,2.0856,2.0508,1.6997,1.4373,1.4369,1.4321,6.4517,6.2617,5.8076,5.183,3.6141,3.127,3.9272,3.7149,4.7439,5.7963,5.6994,5.548,5.2705,5.9559,5.3774,2.9728,4.7659,3.3939,3.4562,3.8409,2.8988,3.2625,2.866,3.0289,3.0722,3.1249,4.3104,3.571,3.2459,2.9286,3.3056,3.1893,3.0624,2.9804,9.6942,5.3588,3.8834,19.761,12.517,3.0721,9.0338,3.2435,3.2855,3.0959,3.0487,4.7091,4.0048,7.4214,15.478,21.161,24.353,22.52,58.204,37.725,38.185,26.892,32.674,47.478,28.778,49.141,16.626,3.8467,4.6505,28.399,16.931,9.1364,18.399,30.42,66.709,20.729,4.489,3.5833,8.4548,4.915,6.6632,11.421,3.4133,7.3343,3.7812,6.548,7.9078,7.8568,8.422,17.664,12.95,14.714,6.4795,3.9537,6.5604,4.7556,5.0893,4.6608,4.6873,21.717,13.346,18.142,24.855,24.131,17.965,9.1249,4.3857,4.2512,4.8764,4.6834,5.048,4.7026,5.4174,5.0884,6.9919,5.3866,5.8666,7.2381
2001,2,8.4308,8.6981,14.62,25.858,27.203,23.152,23.934,27.451,32.801,28.143,28.742,28.207,28.366,28.287,27.833,25.751,19.212,18.57,20.633,18.673,5.7266,8.3679,11.864,10.118,20.465,8.0716,3.7788,6.3059,10.652,8.5156,13.743,15.749,6.1607,8.3353,7.0153,10.932,9.2315,6.5498,8.029,6.8776,4.5973,1.2215,1.1215,6.9758,1.2156,1.1991,2.9329,1.2773,1.1492,1.0866,1.0613,1.0793,0.96364,0.97406,1.1696,7.6306,3.7338,12.334,3.3306,2.0949,1.6398,1.6692,1.6796,9.893,4.2156,2.339,2.423,2.0527,2.8674,2.2445,1.7576,1.7656,1.8953,2.0268,2.4953,2.072,2.115,2.1924,16.604,17.04,14.285,15.708,9.7895,9.6318,4.394,5.5456,2.1255,2.034,2.0652,2.8858,6.0656,6.6108,2.1977,2.0348,2.2372,2.5705,2.7054,5.1114,5.2622,5.2459,4.7024,6.7138,4.4145,22.2,17.979,23.164,13.865,8.5502,33.639,31.238,30.489,35.817,42.425,26.465,16.398,24.384,24.067,12.543,5.7629,11.057,1.6676,24.791,6.5737,2.0228,0.91558,22.728,25.437,1.5622,0.88613,17.6,6.2464,0.82441,4.6798,0.77867,1.448,0.65018,0.64251,1.6278,0.61681,0.51625,4.4655,0.97406,1.7175,1.3029,1.6187,2.3063,3.147,6.5092,5.5812,3.4378,1.1346,1.0826,0.9421,0.9773,1.1333,1.1248,0.9763,6.3578,12.222,7.7494,5.6062,5.1109,12.298,9.3813,7.0278,2.1051,65.635,55.496,28.433,47.768,4.9312,14.395,0.84902,1.6458,0.8164,2.5494,0.6934,0.73886,1.083,3.9114,0.63159,0.53408,0.53391,0.53212,2.4065,2.398,2.158,1.9259,1.3429,1.1619,1.4593,1.4697,2.3154,2.1538,2.1177,2.0615,1.9584,2.7813,2.5982,1.1388,1.7709,1.3682,1.3743,1.45,1.0771,1.2123,1.0649,1.1255,1.2336,1.1611,1.7626,1.3269,1.2061,1.0882,1.408,1.1851,1.1379,1.1075,7.4644,3.5151,1.443,15.415,12.845,1.1415,9.4861,1.2052,1.2208,1.1504,1.1328,4.1549,2.1749,7.4086,26.092,15.316,43.673,27.604,22.042,22.347,20.577,18.257,24.418,37.394,20.466,24.666,10.147,1.4294,2.2968,16.006,9.9131,5.402,9.7557,15.153,27,10.587,43.864,36.11,48.372,23.827,31.432,46.057,14.071,28.381,8.0498,17.189,42.324,36.46,23.048,22.181,33.011,26.077,14.071,3.2582,11.765,3.6248,3.0719,2.4072,2.5775,17.747,11.566,15.674,19.601,21.168,18.736,13.45,2.6233,3.0073,2.5143,2.3374,2.5596,2.3265,3.5334,3.0254,3.8227,2.691,2.9186,3.5304
2001,3,53.761,3.9625,5.8046,21.533,10.854,9.1928,9.724,10.608,22.189,11.42,12.252,11.611,12.381,13.831,11.754,12.619,9.8378,12.181,16.925,10.876,87.356,31.583,27.495,28.31,42.994,26.821,19.845,29.932,37.883,35.236,33.838,62.282,30.642,37.089,47.049,54.088,46.783,31.084,38.043,36.674,32.98,12.93,41.864,101.96,49.123,41.735,76.861,33.269,35.824,22.704,19.636,13.142,5.3377,6.2911,14.635,13.452,1.7265,13.243,1.2376,0.77842,0.6093,0.62025,0.62409,25.6,20.108,10.611,33.268,21.216,37.743,28.644,0.78025,3.1278,32.384,52.524,44.012,34.666,36.501,36.151,25.724,28.453,25.205,26.543,26.498,38.367,44.411,36.977,26.893,32.12,25.189,27.845,25.165,19.187,13.527,22.997,24.609,27.075,29.037,49.832,54.077,54.659,49.07,47.627,42.686,63.679,63.809,68.464,58.349,50.282,45.778,45.515,51.066,60.167,63.363,66.357,58.36,62.797,66.316,55.372,43.658,55.259,31.935,63.334,48.53,34.418,14.813,55.939,56.416,31.395,15.465,56.536,42.433,6.7199,39.439,5.9517,28.203,11.311,13.582,21.554,11.066,7.1891,110.68,14.082,102.3,94.706,106.96,121.45,145.05,200.49,189.97,158.78,80.008,53.968,10.253,18.687,55.325,67.742,27.536,46.975,68.142,44.79,37.936,35.866,61.475,43.678,62.981,16.82,61.455,53.858,45.307,52.679,28.272,48.267,13.981,15.437,2.8255,75.604,2.0629,10.705,19.367,34.272,2.3025,5.6525,1.1749,7.3793,46.949,52.287,44.405,64.263,69.394,65.244,62.192,30.118,33.324,23.305,38.221,92.021,114.19,106.45,71.081,14.42,28.157,28.215,30.169,15.956,4.3271,17.1,7.004,1.9667,15.048,5.2818,44.085,25.789,4.8812,2.3377,26.663,5.1585,8.6871,7.9685,38.661,16.789,14.438,38.417,33.645,1.6882,32.234,22.24,40.603,28.153,29.736,34.081,45.872,30.462,36.334,27.855,41.125,25.47,14.521,33.035,20.627,22.408,36.241,70.091,25.845,50.382,29.37,63.374,24.679,32.117,21.379,20.829,16.667,23.02,41.674,11.253,55.006,52.352,52.73,42.664,47.641,51.337,31.118,37.348,27.431,30.209,39.03,34.689,24.188,18.609,27.06,23.18,23.248,21.384,22.431,28.97,30.294,25.358,25.692,13.005,8.7042,11.867,15.97,17.916,17.045,17.664,20.744,20.403,26.72,25.351,27.785,25.458,34.301,30.855,40.185,29.86,32.437,38.836
2001,4,281.86,178.16,194.64,185.19,146.59,166.18,113.46,81.049,97.459,78.641,86.608,82.053,86.431,86.626,83.505,81.41,75.85,64.691,75.79,67.475,225.22,189.82,121.99,109.39,94.859,59.594,56.601,62.366,69.719,63.756,73.745,73.911,59.144,65.275,70.695,74.547,71.12,64.801,67.895,64.765,59.051,37.529,32.192,49.352,36.633,33.856,52.943,43.491,34.339,29.852,34.698,31.266,16.92,18.164,19.547,9.142,0.84041,7.3034,0.45986,0.28924,0.2264,0.23047,0.2319,11.711,9.9521,6.4883,13.121,10.215,14.015,12.115,0.36631,2.3291,12.907,16.284,15.064,13.377,13.732,13.672,12.088,12.909,11.846,12.299,11.987,14.615,15.277,14.055,11.699,12.861,11.278,11.963,11.442,9.7454,7.6869,10.707,11.198,11.972,12.592,18.874,20.37,20.604,18.848,17.502,16.359,20.947,21.129,22.243,19.709,17.696,17.778,17.676,18.716,20.53,21.288,21.439,19.459,20.582,21.329,18.833,15.913,18.552,12.863,20.477,16.736,13.441,8.1615,19.055,19.28,12.739,8.3897,18.896,15.471,4.6601,14.705,4.2397,12.07,6.9268,8.0845,11.166,7.9805,6.1217,89.791,28.974,72.402,74.624,85.066,94.66,95.024,87.729,87.212,84.534,65.414,53.203,23.803,28.666,41.081,43.894,22.207,24.24,32.211,21.086,18.342,17.35,26.216,18.769,26.181,8.9524,22.26,20.219,17.99,19.599,12.388,17.296,7.9184,8.4803,2.235,37.434,1.6979,7.062,9.8696,14.089,1.8699,4.9089,0.97112,6.015,169.76,170.57,148.37,115.26,81.343,61.175,45.984,27.679,22.449,268.52,276.92,290.28,270.97,231.96,153.55,20.726,175.08,50.341,59.4,40.195,7.0496,36.702,11.029,3.8861,16.831,9.6496,120.04,75.88,5.1355,1.8294,18.193,6.4065,8.8538,11.814,34.491,22.492,19.1,31.588,33.559,3.2034,33.336,24.036,34.963,29.19,30.021,34.67,35.845,15.212,15.531,16.435,17.236,12.126,7.1879,23.739,10.863,12.74,21.011,39.749,12.413,24.92,17.567,38.246,21.115,17.165,12.259,16.49,9.9048,11.951,18.605,6.4552,19.856,19.097,19.689,16.75,18.102,19.415,13.619,15.748,12.353,13.494,16.531,15.239,11.654,9.2636,12.72,11.229,11.273,10.373,10.962,12.476,12.929,11.467,11.55,6.5176,4.4779,6.0292,8.0797,8.9812,8.6652,9.143,10.139,10.061,11.879,11.475,12.217,11.511,14.135,13.121,16.058,12.881,13.699,15.757
2001,5,203.57,170.85,136.79,93.917,101.07,131.96,144.65,132.36,87.436,127.53,114.67,121.14,111.03,104.38,114.07,102.76,150.18,127.39,122.92,99.224,205.52,192.08,160.77,151.95,112.68,76.009,38.791,40.489,41.096,34.458,48.527,36.856,31.565,31.976,44.333,34.227,32.765,29.736,31.605,33.797,37.248,37.171,65.479,56.894,46.087,44.057,51.095,42.662,45.621,46.057,43.362,41.235,42.367,46.471,34.937,12.025,0.31228,2.7138,0.17087,0.10748,0.084125,0.085637,0.086167,4.3513,3.698,2.4109,4.8754,3.7958,5.2077,4.5015,0.13611,0.86543,4.7959,6.0506,5.5974,4.9708,5.1026,5.0801,6.4842,6.6568,6.1889,6.6963,5.6894,6.0678,5.6764,5.2223,4.347,4.7788,4.1906,4.445,4.7919,5.8312,5.057,5.7941,8.1753,9.6348,10.374,15.203,16.033,16.064,15.133,15.056,13.815,18.396,17.766,18.445,16.882,15.413,17.64,17.667,18.541,19.767,20.238,18.8,17.201,18.626,18.426,16.445,14.128,16.915,13.11,20.157,17.139,14.024,7.4073,19.774,19.75,13.385,7.8835,19.854,16.987,3.8599,16.398,4.6845,17.17,15.862,18.665,24.652,18.398,15.208,111.04,78.397,99.129,98.836,102.67,109.23,104.13,80.674,83.565,89.004,86.581,80.787,73.191,73.739,77.637,78.664,66.739,75.122,85.043,69.854,65.058,61.792,78.505,63.14,76.898,50.573,31.766,26.215,38.112,22.213,29.554,22.592,46.165,49.481,32.085,77.45,23.965,36.154,37.57,26.657,14.803,15.679,7.6346,15.788,101.14,103.95,106.39,111.32,106.77,100.59,97.816,91.669,79.981,218.23,220.88,230.63,221.24,205.22,174.81,95.279,178.34,110.66,112.32,120.21,77.3,114.26,79.062,61.319,83.519,69.814,116.63,99.67,61.426,42.645,60.489,60.892,65.186,76.269,79.3,89.412,58.674,70.154,102.5,33.41,100.43,56.903,61.393,66.174,68.966,93.019,64.479,52.291,28.798,64.529,22.476,11.727,10.009,83.294,41.738,47.331,49.618,66.433,9.6173,23.009,17.503,45.605,27.662,14.637,10.843,22.039,9.9528,8.5511,12.014,2.6838,19.244,18.913,18.616,16.625,17.61,18.264,14.321,15.672,12.47,13.277,15.234,14.202,10.218,7.3586,12.225,10.412,11.332,9.5442,10.552,11.203,10.85,9.3008,9.6373,5.2371,3.9357,5.6449,6.3432,7.6557,7.9065,8.7997,8.349,8.9339,9.7119,9.162,9.9902,9.1629,11.683,10.724,13.295,10.593,11.343,13.031
2001,6,74.105,70.257,75.256,69.41,57.809,61.838,55.634,47.79,52.403,47.505,49.045,48.109,49.864,51.605,49.899,52.154,55.529,53.025,52.599,50.593,74.491,66.022,64.238,67.445,55.809,63.075,44.506,45.442,53.79,58.889,65.178,62.556,56.864,66.029,60.301,61.628,61.399,68.307,66.689,68.999,68.833,68.945,115.75,107.22,91.052,85.72,87.142,73.129,79.693,75.241,71.917,70.33,67.984,68.617,73.904,58.682,17.469,30.567,0.19185,0.039936,0.031259,0.031821,0.032018,26.702,13.193,6.8881,10.87,6.98,11.879,9.1019,0.050576,0.32157,10.79,16.341,14.508,12.183,12.666,12.543,65.043,62.835,64.748,66.941,59.518,46.432,28.17,23.601,21.043,11.929,17.228,32.307,52.264,74.823,82.914,77.241,92.069,96.533,97.309,106.91,109.9,110.32,108.07,105.64,105.92,109.86,108.74,109.06,108.3,107.33,108.48,109.73,110.25,110.96,110.43,110.75,109.26,109.86,109.7,108.24,106.49,110.25,111.36,114.14,113.91,111.74,105.25,111.62,111.95,111.14,105.66,112.92,111.65,97.044,110.38,89.274,97.221,60.702,58.426,64.872,35.462,24.953,95.806,100.62,91.579,86.93,78.639,72.565,76.063,85.637,85.289,82.978,85.615,93.029,92.096,91.948,94.074,91.791,89.934,105.34,106.44,104.73,103.85,103.53,105.05,103.43,101.15,93.661,102.96,101.61,101.61,103,101.73,104.78,93.913,92.577,73.793,92.586,53.125,66.663,82.292,90.939,43.343,27.962,22.772,28.281,75.17,66.578,61.95,68.94,83.377,94.489,101.47,104.65,105.58,70.667,71.171,71.872,75.292,80.074,88.521,97.89,80.948,92.733,90.41,92.857,95.883,96.368,97.638,89.677,99.086,93.615,77.254,81.739,101.63,101.4,114.39,115.09,114.26,145.62,157.03,169.17,143.58,155.89,183.93,134.74,182.5,131.52,130.94,142.75,146.1,172.35,133.91,102.27,93.869,121.13,95.44,75.979,63.819,150.04,114.08,128.27,128.23,132.08,69.639,73.74,68.386,102.61,79.269,63.276,59.419,70.709,56.993,53.911,55.247,40.044,107.46,108.75,106.45,109.87,110.07,106.44,108.12,106.78,104.55,102.88,94.638,97.148,86.903,78.924,101.6,95.337,100.75,97.787,97.684,99.079,97.158,94.156,95.645,89.05,89.938,91.077,88.349,91.817,91.264,94.956,94.939,96.259,95.38,93.568,95.858,93.469,97.904,96.091,102.83,97.012,98.871,103.22
2001,7,63.791,36.601,31.387,27.636,23.683,25.873,23.872,20.243,21.497,20.115,20.554,20.283,20.785,21.272,20.797,21.693,24.996,23.934,23.571,22.484,72.304,48.611,39.207,42.208,26.206,32.515,22.762,22.819,23.723,24.227,25.102,24.686,23.787,26.28,27.173,26.392,26.415,28.291,27.608,28.044,28.097,28.295,47.215,39.708,35.824,34.963,35.017,31.253,33.396,31.921,30.493,29.47,29.082,29.302,32.305,25.582,12.819,19.562,0.1787,0.014839,0.011615,0.011824,0.011897,20.115,14.499,9.4094,14.594,9.7206,15.256,12.463,0.018793,0.34063,18.593,27.429,20.291,19.05,19.011,18.157,28.032,27.885,28.082,28.311,28.845,27.889,25.884,21.832,23.639,18.466,22.227,27.467,29.773,36.267,47.444,56.744,65.047,68.56,69.854,78.415,81.473,82.038,79.447,71.497,72.824,65.731,68.835,68.569,67.646,67.017,51.901,53.592,58.876,59.264,53.017,63.126,61.246,53.795,57.663,64.196,57.452,54.663,69.345,57.671,70.515,66.952,67.671,61.119,60.912,68.915,71.483,73.539,88.23,92.116,101.24,95.087,93.861,82.027,80.251,76.85,77.663,73.896,164.15,146.96,122.14,133.69,155.13,169.91,166.62,150.34,149.48,152.59,154.11,150.13,148.04,140.03,128.57,122.78,105.86,72.249,75.154,68.654,67.585,67.046,70.542,65.76,75.793,64.818,65.751,58.241,60.04,50.291,49.598,49.486,57.083,63.842,76.608,98.938,83.804,72.339,58.353,69.658,72.002,75.224,73.47,74.634,98.799,94.204,102.95,130.56,124.69,108.11,94.466,80.931,75.301,84.074,84.735,87.957,86.3,83.391,78.335,66.448,80.083,72.024,73.795,64.058,62.746,67.771,63.23,67.945,66.281,68.993,83.508,87.693,71.473,59.573,52.564,66.135,69.797,68.015,56.168,66.153,49.466,54.777,71.446,45.396,70.208,46.058,45.457,50.708,52.405,64.874,50.987,68.791,62.983,63.194,62.563,52.569,34.316,62.972,47.395,48.415,50.109,58.098,30.621,34.029,31.68,38.322,35.114,29.774,27.388,31.556,24.826,24.503,25.955,19.544,48.409,50.098,52.082,50.92,51.151,55.854,51.425,51.236,53.914,52.427,70.361,61.061,53.367,38.925,43.578,41.051,49.072,60.867,49.535,66.406,69.358,67.842,67.277,27.268,27.14,28.167,28.124,30.942,34.477,41.289,61.546,59.929,68.572,68.234,69.382,68.407,71.071,70.018,75.154,70.746,72.146,75.58
2001,8,95.034,100.7,93.099,69.889,77.786,91.652,95.016,112.64,98.943,116.29,110.07,112.52,106.4,101.65,106.52,97.493,89.292,85.926,89.311,92.552,83.702,95.032,89.322,84.485,89.119,79.434,85.058,81.853,67.734,53.34,55.216,47.473,53.177,45.996,71.554,56.056,55.213,48.213,49.688,47.464,47.979,45.174,48.089,48.241,46.448,46.321,55.725,51.336,45.917,45.413,45.811,44.826,43.788,44.308,48.168,70.339,78.587,86.368,60.85,44.918,34.048,32.949,17.673,86.782,80.944,76.129,79.157,73.387,80.394,77.232,40.507,56.036,78.628,81.948,86.903,86.092,86.149,85.625,87.755,87.876,86.001,85.693,85.366,88.249,87.185,86.35,85.924,84.219,85.291,86.971,86.055,84.042,82.867,84.777,84.424,83.972,82.523,92.073,95.938,96.868,94.016,87.101,88.485,85.151,86.359,86.225,85.825,85.532,80.945,86.712,89.133,86.802,79.642,83.923,82.888,78.629,80.732,84.18,80.834,78.514,75.209,71.41,70.016,67.565,66.841,64.711,66.892,67.069,66.374,65.454,65.888,64.66,65.139,59.601,58.798,41.895,40.196,40.1,28.937,25.521,47.576,47.741,51.867,51.086,50.217,50.419,49.096,44.327,45.084,46.182,47.537,46.609,49.609,48.143,46.193,44.65,42.755,51.877,52.317,49.308,48.691,48.759,47.29,47.608,41.82,36.71,80.375,80.394,64.285,73.898,54.35,57.601,41.241,37.47,36.315,42.3,33.417,33.965,37.686,52.197,30.16,26.431,25.797,26.521,64.227,66.234,65.336,59.107,55.646,54.36,54.609,55.697,53.797,87.26,87.561,89.986,85.337,78.155,65.871,44.406,71.319,49.859,51.657,52.408,43.211,48.825,43.842,44.851,44.861,47.01,61.37,59.052,51.692,44.433,45.81,56.661,57.55,71.973,71.205,85.608,62.119,69.275,92.529,57.727,90.405,55.81,57.302,64.821,67.113,83.375,67.293,58.184,74.736,79.358,90.014,87.783,73.508,92.293,86.009,87.362,93.753,93.255,90.16,79.322,69.7,49.964,51.039,77.886,77.689,57.706,74.923,83.816,90.039,83.284,73.343,73.373,79.992,82.907,82.582,86.555,87.963,90.531,86.406,91.172,99.354,98.261,94.171,88.355,97.785,93.013,91.415,86.948,88.838,84.727,80.872,78.125,80.753,76.912,76.564,77.484,79.508,81.481,82.662,86.402,84.03,84.104,79.836,77.175,79.961,76.917,80.704,78.928,86.833,80.594,82.676,87.931
2001,9,203.44,174.79,131.08,92.233,94.503,123.3,156.64,114.5,92.642,107.01,102.24,104.52,104.55,108.07,108.64,128.76,210.54,207.8,196.4,174.98,197.45,209.3,199.54,188.89,206.06,175.22,190.74,187.51,157.12,140.02,126.18,136.23,143.44,115.14,161.81,130.79,127.03,100.96,109.85,100.88,96.622,77.07,99.188,97.241,73.773,65.687,110.05,79.995,58.196,53.883,59.983,62.33,49.761,48.657,53.987,54.262,44.067,38.813,30.933,24.45,16.329,16.978,10.356,31.007,27.561,25.872,25.569,24.068,25.847,24.979,17.298,19.986,26.116,27.699,27.719,27.541,27.525,27.306,32.276,31.876,31.017,30.826,29.827,30.509,28.714,28.872,28.292,27.171,27.978,29.102,29.633,30.773,32.054,32.892,33.909,34.173,33.98,36.478,37.426,37.631,36.98,36.931,37.736,40.968,39.134,39.243,39.436,39.48,54.967,55.227,54.141,53.197,50.55,41.485,41.572,43.494,42.274,40.392,41.895,42.339,37.93,42.471,38.161,39.258,38.53,37.953,39.833,38.512,37.535,36.447,34.833,33.907,33.222,34.703,35.743,47.845,49.427,51.447,61.982,64.384,154.57,102.91,211.71,190.97,166.93,168.13,144.7,62.501,75.688,90.754,85.365,85.532,86.417,76.812,64.856,67.535,67.11,96.358,112.24,82.673,77.412,73.019,96.899,73.823,95.162,69.501,64.087,56.441,58.141,49.678,44.601,37.867,62.161,69.757,71.847,83.818,71.36,68.947,60.788,41.963,65.821,65.307,65.132,63.839,255.53,249.78,249.29,235.43,231.12,222.72,180.31,148.13,114.12,228.87,224.82,207.64,198.27,183.71,152.33,94.192,184.33,119.1,129.26,114.09,90.396,105.9,92.555,111.53,97.478,116.45,191.2,197.47,113.59,91.468,90.609,106.57,98.771,96.215,99.264,95.327,96.918,97.49,98.158,93.748,98.93,100.06,106.1,103.57,102.81,101.04,91.628,74.156,65.944,76.501,66.1,62.839,60.659,84.924,64.286,61.146,59.841,67.865,39.894,53.763,54.59,88.209,61.113,52.349,53.229,56.441,54.768,52.762,49.741,49.54,49.129,48.508,54.26,55.627,55.841,58.258,53.225,48.233,41.371,35.314,65.134,54.742,52.128,41.615,35.089,35.498,33.922,34.152,34.205,34.155,33.606,32.923,33.431,30.249,29.792,30.949,30.471,31.288,33.396,33.561,33.678,33.565,33.335,32.748,33.42,32.705,33.694,33.247,35.234,33.651,34.181,35.48
2001,10,71.953,84.466,77.937,89.524,104.64,99.015,115.89,119.13,118.16,118.07,117.93,117.82,120.34,124.47,122.37,133.19,127.4,137.22,138.55,143.68,87.41,96.344,119.71,123.5,145.63,160.02,173.04,171.38,162.79,157.78,147.35,158.46,160.36,139.51,166.49,146.92,143.63,123.99,132.09,130.61,134.26,129.89,188.37,199.05,192.22,185.58,190.5,156.46,166.89,152.36,137.31,132.22,129.49,129.57,169.85,151.84,153.11,197.58,161.36,153.59,134.31,145.98,121.74,193.2,170.2,164.78,143.95,140.62,147.04,143.81,136.38,118.82,124.21,112.55,151.89,149.46,150.32,151.54,167.03,165.14,152.55,149.5,135.87,154.4,141.28,159.14,139.08,143.32,138.59,136.15,133.22,135.31,130.86,133.72,123.64,122.87,126.79,102.21,92.651,90.137,97.091,114.5,109.22,118.91,113.87,113.77,114.33,114.25,126.69,126.87,125.46,122.34,121.55,118.47,117.66,117.27,117.96,115.8,117,115.48,110.06,117.82,113.97,116.04,116.68,124.74,123.86,117.56,118.64,124.25,123.66,122.02,120.88,117.16,115.69,99.352,97.651,102.75,82.406,73.68,135.8,90.125,154.45,146.48,134.75,130.86,126.6,102.59,108.82,113.18,98.46,90.918,79.937,85.726,95.23,106.56,107.98,136.94,135.09,137.59,139.6,141.2,139.85,141.5,145.7,140.71,135.36,131.41,136.07,127.17,130.36,121.69,137.65,138.74,116.76,128.73,94.35,110.24,125.32,116.95,94.043,76.087,75.78,76.95,111.92,113.52,121.32,133.96,148.65,153.22,140.68,126.56,132.42,72.168,71.726,69.104,74.94,84.285,102.14,135.83,95.22,130.68,128.91,129.26,140.18,129.82,142.65,137.46,138.25,136.12,118.97,127.54,133.69,148.46,172.73,155.02,153.12,209.94,236.23,252.5,220.74,228.35,270.74,211.02,269.66,213.44,221.4,231.99,235.7,261.05,238.47,141.44,138.69,190.85,143.94,136.38,144.9,237.12,186.18,199.72,236.58,273.06,203.65,214.34,201.96,209.92,205.47,199.71,181.34,183.59,150.07,162.79,182.61,146.73,127.39,127.3,127.06,127.8,127.94,129.72,125.15,119.43,121.98,109.5,135.43,123.91,120.49,107.27,94.008,99.94,108.49,118.07,112.56,122.52,131.5,138.57,131.96,123.84,119.13,119.12,126.62,119.08,116.47,114.44,123.27,124.05,133.96,140.88,133.51,141.51,131.71,136.29,115.59,131.79,126.3,112.67
2001,11,90.815,86.252,70.692,74.682,87.498,86.959,95.384,86.912,81.549,83.497,82.945,83.326,82.205,80.723,81.901,82.568,102.29,99.755,96.727,89.805,107.84,106.86,105.03,101.38,96.853,85.908,83.292,82.491,79.271,77.891,78.256,76.245,77.581,82.127,84.771,83.719,84.229,88.396,86.27,84.619,81.885,78.945,71.648,74.76,78.021,77.202,78.546,79.535,76.197,75.009,77.028,76.733,72.91,72.192,75.39,62.542,51.084,45.236,47.446,46.768,46.991,46.869,47.85,49.755,54.062,53.938,61.639,58.811,61.972,60.847,51.458,56.682,63.007,65.627,65.367,65.412,65.26,64.758,54.715,55.866,57.804,58.478,62.514,60.253,65.258,59.729,65.234,64.691,65.221,65.433,64.284,62.07,61.991,63.833,65.388,65.323,63.531,75.744,80.847,82.106,78.498,73.54,76.784,81.233,78.424,78.638,78.962,79.125,111.26,110.53,109.12,107.61,106.52,82.05,81.566,90.113,81.475,80.091,80.561,81.994,82.329,89.077,79.564,78.881,77.546,84.343,90.434,76.989,74.869,75.252,70.191,67.221,64.307,59.424,57.56,43.297,41.855,43.867,32.943,29.019,106.34,54.397,48.382,58.039,81.683,102.1,95.987,66.197,67.367,75.206,63.936,59.426,42.217,44.398,48.644,57.375,50.992,101.9,90.269,102.36,105.19,110.07,81.969,95.923,58.071,57.637,126.74,124.78,118.28,116.86,87.58,74.704,71.035,60.765,48.013,57.282,38.532,44.631,52.505,54.124,37.553,30.049,29.967,30.38,80.282,78.115,78.768,83.921,62.39,49.698,61.221,77.132,93.936,101.62,104.78,121.45,115.53,106.19,92.836,68.682,90.773,73.408,74.396,77.884,68.48,73.821,68.33,67.364,68.308,68.923,77.101,70.13,85.539,67.722,64.798,84.493,98.642,93.92,74.98,84.464,67.565,67.446,88.251,59.881,88.253,70.835,77.788,78.788,79.836,87.599,81.654,119.58,117.38,94.969,115.16,96.874,58.781,80.695,69.672,70.998,64.34,74.676,46.998,57.16,62.496,76.616,77.337,55.955,57.36,72.448,60.669,54.439,49,53.388,108.7,105.93,113.23,109.5,109.91,116.25,108.13,101.75,84.422,75.35,134.83,118.27,103,74.252,82.709,75.811,72.63,68.084,69.664,65.703,61.403,58.205,61.212,57.642,58.818,59.283,58.997,62.284,63.367,66.914,64.833,64.602,60.246,57.165,60.444,56.885,61.286,59.198,68.997,61.237,63.8,70.438
2001,12,28.577,27.972,24.823,25.494,28.236,28.466,30.482,29.114,27.117,28.281,27.776,28.039,27.725,27.547,27.902,28.329,31.736,31.311,30.851,29.794,31.646,31.812,31.936,31.41,31.281,29.229,28.756,28.559,27.853,27.44,27.427,27.17,27.422,27.602,28.784,28.051,28.033,28.065,28.003,27.704,27.378,26.735,27.378,28.352,28.126,27.866,28.157,27.411,27.121,26.485,26.47,26.33,25.55,25.429,27.257,24.432,21.438,19.559,20.729,20.955,20.476,21.938,23.343,22.61,24.627,24.903,27.022,26.171,27.644,27.144,24.212,23.213,23.894,23.653,28.168,27.722,27.933,28.301,23.142,23.726,23.914,24.091,24.774,24.915,26.199,25.782,25.868,26.68,25.805,25.403,25.02,24.125,23.363,23.75,23.931,23.917,23.636,25.293,25.799,25.904,25.58,25.205,25.607,26.463,25.953,25.984,26.042,26.064,30.788,30.765,30.339,29.964,29.748,26.576,26.499,27.603,26.507,26.244,26.362,26.532,26.368,27.444,26.084,26.053,25.862,26.874,27.636,25.798,25.486,25.599,24.773,24.237,23.694,22.759,22.379,18.654,18.177,18.861,14.634,12.728,33.443,23.457,20.641,23.481,27.722,30.129,29.29,24.161,24.58,26.041,23.856,23.062,18.287,19.002,20.273,22.539,21.022,29.824,28.618,29.746,29.999,30.431,27.486,29.034,23.218,22.932,31.908,31.603,31.016,30.773,27.498,25.512,25.476,23.611,20.261,22.843,16.966,19.171,21.514,21.715,16.581,13.24,13.206,13.411,28.509,28.14,27.947,28.338,24.606,21.105,24.183,26.874,29.024,30.861,31.142,32.502,32.069,31.208,29.617,25.501,29.567,26.565,26.763,27.313,25.467,26.523,25.536,25.169,25.318,25.472,27.393,25.874,28.001,25.252,25.414,28.171,29.817,36.858,38.504,49.495,32.621,35.733,56.42,29.071,54.587,30.079,31.212,34.79,36.156,48.031,35.464,31.301,31.431,38.497,32.417,30.649,27.952,51.274,37.127,35.918,30.851,37.373,20.149,23.74,25.176,28.672,29.159,23.079,23.392,27.56,24.013,22.369,20.753,22.031,30.118,29.81,30.883,30.872,30.917,31.357,30.477,29.366,26.992,25.341,32.564,30.875,29.587,25.796,26.038,25.356,24.885,24.324,24.503,23.978,23.275,22.677,23.238,23.041,23.256,23.416,23.445,23.887,23.85,24.145,23.822,23.788,23.065,22.469,23.102,22.412,23.256,22.872,24.466,23.247,23.684,24.659
2002,1,23.317,10.834,9.2565,10.202,10.858,11.604,14.614,15.561,14.688,14.546,13.781,14.478,13.199,12.225,13.678,16.61,14.224,14.129,17.026,13.359,45.788,18.826,21.359,24.343,24.652,19.098,10.809,11.314,11.51,10.274,10.332,11.754,10.261,10.279,13.587,12.147,11.26,10.428,10.477,10.611,11.098,9.9992,36.742,52.913,20.73,20.223,32.592,16.06,21.059,17.269,13.941,11.268,12.624,13.561,15.424,10.233,8.097,7.3218,8.0661,8.4074,8.0625,9.2321,10.219,9.2862,10.425,10.648,11.628,11.247,11.999,11.753,10.468,9.3296,9.2162,8.7888,12.142,11.859,12.002,12.257,9.7283,10.635,9.989,10.721,9.9172,10.136,10.813,10.832,10.575,11.209,10.533,10.195,9.9793,9.3847,8.6915,8.8305,8.8922,8.8869,8.7825,9.3982,9.5864,9.6252,9.5049,9.3657,9.5148,9.8329,9.6436,9.6997,9.6767,9.6849,11.829,11.833,11.534,11.307,11.207,9.8756,9.8465,10.272,9.8496,9.7516,9.7953,9.8587,9.7979,10.418,9.692,9.6807,9.6097,12.677,10.91,9.5859,9.4702,15.72,12.38,9.0061,12.887,8.4569,10.455,6.9314,6.7541,8.8166,5.4377,4.7293,15.717,11.741,7.8326,8.7249,10.301,11.197,10.884,11.366,11.171,10.464,8.8642,8.9887,7.0903,7.8369,17.074,17.489,19.158,21.326,38.543,27.214,21.657,17.292,58.344,37.449,78.097,71.048,12.789,11.933,13.85,11.62,15.177,14.972,41.264,60.636,20.82,37.381,6.4036,22.639,41.512,21.64,6.1612,4.9198,4.9069,4.9833,14.924,16.792,12.506,10.586,9.1431,8.1416,17.783,22.474,19.632,22.013,25.583,49.832,49.332,59.396,63.151,65.987,33.65,59.007,53.9,58.567,65.48,62.868,63.217,45.085,57.42,38.231,30.852,13.444,12.881,37.23,52.962,16.602,13.172,36.2,55.53,61.148,35.955,63.273,75.814,28.528,73.62,31.184,29.883,38.744,41.508,63.184,36.547,12.38,11.923,21.757,12.809,12.222,12.215,49.79,24.269,28.206,31.141,52.972,7.5848,20.867,11.385,25.585,17.156,10.196,9.3588,14.362,9.7138,8.6742,16.659,8.2967,11.403,11.265,11.83,11.965,11.982,12.05,11.724,11.148,10.065,9.416,12.264,11.606,11.226,9.8697,9.8753,9.4979,9.2466,9.0382,9.1049,8.9098,8.6484,8.4263,8.6349,9.3659,9.3169,9.2774,10.371,10.589,9.1179,9.0186,8.8518,8.8389,8.5704,8.349,8.5842,8.3277,8.6415,8.4986,9.0911,8.6379,8.8006,9.1625
2002,2,11.902,4.0609,4.2846,14.081,5.4499,6.2487,7.7606,7.4652,7.2591,6.9381,6.5426,6.948,6.1411,5.4458,6.4296,8.2138,6.5806,6.3326,9.1538,5.892,17.976,9.103,10.394,11.695,15.943,9.4757,4.0165,4.5485,4.8526,3.818,3.8391,5.176,3.8129,3.8194,6.3185,5.3759,4.6443,3.8749,3.9331,4.126,4.627,3.751,15.369,18.963,10.253,10.034,14.315,8.0134,10.427,8.7072,6.8411,4.9496,6.0768,6.7098,7.586,4.3059,3.0087,2.7206,2.9972,3.124,2.9958,3.4304,3.7971,3.4506,3.8736,3.9567,4.3206,4.179,4.4585,4.367,3.8896,3.4667,3.4245,3.2657,4.5116,4.4064,4.4595,4.5544,3.932,4.5407,3.9666,4.5677,3.6905,3.7663,4.018,4.0248,3.9296,4.1649,3.9139,3.7882,3.7081,3.4871,3.2296,3.2812,3.3041,3.3022,3.2634,3.4921,3.5621,3.5765,3.5318,3.4801,3.5355,7.5302,5.5162,7.4533,4.5423,3.6369,15.159,13.517,14.284,19.749,25.381,10.401,6.3309,12.105,10.299,4.5864,3.6397,6.9996,4.4565,26.296,13.217,7.1473,3.5714,37.688,32.364,7.3271,3.8684,40.735,26.499,4.3061,25.885,4.3703,17.609,7.6107,9.2957,16.019,9.8178,7.7564,10.133,5.4203,3.008,3.242,3.8276,4.1628,6.7341,30.298,24.144,13.906,3.7903,3.8267,2.8085,3.3461,10.768,11.599,12.277,13.136,19.448,17.751,15.289,14.042,24.739,22.933,26.564,29.409,40.033,33.492,25.309,31.692,13.931,32.567,22.35,27.359,15.211,20.82,4.1643,22.23,30.728,28.701,3.369,6.088,2.5252,7.515,7.147,9.0113,5.5395,3.9334,3.3974,3.2017,9.0759,11.011,9.7676,10.704,12.171,18.522,18.423,20.686,22.264,25.119,15.363,23.782,22.613,22.577,24.429,23.822,23.517,19.501,21.803,16.54,15.854,6.5948,5.9546,15.467,18.585,8.2811,5.9101,21.169,23.148,36.591,15.585,25.076,48.173,13.222,44.56,14.073,13.686,16.433,17.485,32.99,16.14,10.382,14.256,14.005,18.343,4.7716,4.5387,35.371,12.389,15.56,20.599,41.538,2.8559,12.33,5.0418,12.168,8.3358,4.5464,3.753,6.804,3.9319,3.3907,10.677,3.0829,33.276,27.686,26.576,13.055,18.046,23.814,4.6567,5.0397,3.7401,3.4988,12.321,5.4261,4.1715,3.6674,3.7754,3.5323,3.4358,3.3584,3.3832,3.3107,3.2136,3.131,3.2085,3.7274,3.6262,3.5422,4.5103,4.6472,3.4095,3.3511,3.2891,3.2843,3.1846,3.1023,3.1897,3.0944,3.211,3.1579,3.378,3.2097,3.2701,3.4046
2002,3,115.59,86.827,119.1,106.32,80.327,103.55,85.34,61.449,34.58,51.726,44.008,49.996,44.256,41.788,50.622,69.048,68.266,57.661,69.2,49.139,92.298,65.325,64.862,68.354,88.084,57.908,16.48,26.968,56.25,63.572,54.393,93.182,53.173,89.98,61.352,98.295,93.934,107.59,104.46,108.41,100.87,78.896,103.66,144.52,107.76,114.67,109.45,101,121.67,106.87,102.52,87.073,71.447,73.681,100.23,113.12,45.19,62.78,29.963,19.81,2.9324,4.8937,1.4109,47.869,15.877,8.3526,8.7301,7.7767,10.181,7.8133,2.2856,1.4941,7.2287,13.828,7.2024,4.3176,5.2196,5.7774,173.32,173.24,178.66,191.85,157.92,106.99,42.615,34.998,21.111,5.4268,12.656,48.355,120.25,202.07,215.14,173.38,214.78,225.3,226.69,231.08,221.5,219,220.64,246.94,225.14,292.34,279.03,286.66,271.96,258.68,351.62,342.79,346.09,349.88,358.43,293.74,280.23,310.76,292.79,271.11,251.79,275.68,249.35,318.25,280.19,264.72,235.26,346.58,347.63,265.76,245.12,329.77,310.14,257.75,296.64,243.76,272.95,229.61,230.21,238.48,219.31,210.08,89.536,96.451,96.634,69.111,54.234,60.15,71.215,69.586,71.855,71.807,65.347,70.261,87.59,80.948,104.81,102.23,132.75,134.5,167.89,142.22,129.82,121.03,181.26,171.31,181.76,200.39,378.33,379.28,285.06,384.48,269.54,319.48,185.2,194.98,188.08,138.37,177,210.3,229.15,263.93,185.37,202.17,183.56,209.9,42.582,47.989,39.861,47.906,74.861,96.357,129.31,123.67,123.22,68.009,68.14,66.869,77.683,99.669,128.7,179.48,105.71,154.15,144.66,156.21,176.9,167.32,169.64,157.78,168.1,146.44,93.953,68.34,93.363,144.8,134.48,107.96,105.29,194.93,185.19,258.96,125.29,193.84,288.94,93.453,276.55,96.505,95.817,130.81,144.93,237.34,156.74,169.91,309.56,258.74,412.8,359.35,250.79,314.32,287.61,286.1,238.35,248.57,138.04,160.84,111.97,114.71,115.84,116.85,96.914,124.71,114.91,115.63,155.04,92.536,384.19,370.13,379.9,331.75,342.12,382.63,300.05,303.7,244.04,250.93,458.53,378.56,318.4,242.82,253.21,248.04,249.37,229.75,250.34,244.43,253.64,254.35,245.84,284.85,267.93,276.37,281.06,288.87,272.19,254.43,233.48,242.75,233.48,252.16,226.61,255.35,258.39,259.92,239.35,214.48,218.22,230.59
2002,4,287.62,295.12,262.94,240,251.69,276.09,323.44,318.9,246.85,311.21,289.09,300.96,285.71,278.5,294.6,300.51,358.87,346.82,343.86,313.35,292.29,315.37,323.77,312.19,339.94,284.37,249.04,255.8,244.63,222.08,221.74,224.21,217.76,208.47,257.67,226.97,222.83,205.18,211.53,210.44,213.84,205.71,246.39,265.21,253.97,250.78,264.28,235.09,242.19,231.94,220.66,212.52,210.33,212.84,234.28,165.92,88.043,90.144,56.008,36.257,3.0074,6.6979,0.52426,53.916,19.535,10.754,6.4052,5.5857,7.4601,5.5717,1.3159,0.67778,6.0996,12.606,6.053,3.3635,4.2491,4.6562,122.33,116.14,116.46,118.46,98.067,76.271,34.7,32.8,23.11,4.5317,14.875,44.282,79.016,95.631,79.591,47.772,51.38,49.402,46.479,44.006,42.717,42.531,43.777,57.797,56.571,90.374,74.57,76.546,77.352,77.349,185.51,184.42,166.55,153.69,152.94,99.057,94.314,112.33,94.609,84.621,85.088,90.61,91.119,117.52,91.654,88.189,83.094,114.8,127.93,86.322,80.532,93.514,80.943,71.658,70.972,72.653,80.456,103.58,109.41,119.21,115.62,114.43,223.45,251.33,255.4,239.07,219.12,213.23,216.78,216.97,219.41,218.17,226.51,233.12,255.82,245.45,241.07,228.69,228.08,264.91,280.39,255.69,247.24,241.3,263.22,242.72,242.1,223.74,205.63,201.44,215.92,188.05,172.58,120.17,221.24,224.08,205.18,225.53,172.6,183.8,175.3,111.55,143.07,121.66,119.59,116.36,296.08,308.27,295.29,258.4,259.27,272.36,288.82,302.35,279.35,279.06,278.98,279.67,277.15,273.71,262.68,239.71,271.94,255.24,261.8,255.85,239.49,245.86,240.27,262.08,248.57,268.04,293.8,293.71,270.33,249.7,242.38,266.11,262.26,263.67,255.88,258.25,242.93,252.46,265.89,230.13,266.66,244.75,255.03,256.74,258.36,266.83,261.16,236.95,205.15,225.32,191.87,176.24,175.6,238.07,201.15,207.42,200.86,235.87,143.83,188.06,194.47,259.62,251.08,171.05,158.71,221.91,155.33,139.62,138.8,113.42,174.34,169.29,187.53,190.79,192.35,191.59,180.14,164.8,120.22,100.78,183.21,167.71,160.44,142.99,131.87,132.25,104.05,67.451,99.959,55.908,47.519,46.842,49.893,167.21,165.85,165.48,160.62,153.85,144.51,122.35,62.594,67.184,46.211,45.184,44.774,44.863,45.231,44.999,44.182,42.775,43.058,43.961
2002,5,96.092,82.656,91.413,85.173,88.313,90.96,75.059,75.296,52.643,72.149,65.998,69.79,65.884,63.945,68.711,67.276,58.67,54.893,57.286,58.859,83.535,72.538,64.039,66.773,56.088,61.044,46.071,47.626,55.212,57.192,61.579,59.593,55.661,59.204,55.597,57.489,57.032,58.87,58.771,59.77,59.94,60.303,105,96.435,90.065,90.589,79.706,70.99,84.262,77.327,68.852,64.771,64.529,64.344,87.736,77.159,64.309,73.414,62.966,58.417,41.103,47.195,17.433,91.217,83.881,74.51,79.951,69.582,83.506,75.768,38.627,38.281,78.305,90.761,92.522,86.053,87.733,87.367,96.117,99.009,99.321,99.89,105.47,107.78,109.02,100.72,102.2,84.073,96.671,109.57,109.84,110.12,112.19,112.62,110.97,112.27,114.4,96.558,89.292,87.339,92.71,107.74,102.94,111.53,108.13,108.29,108.15,107.66,105.64,106.1,106.64,105.86,105.44,111.33,109.91,108.26,110.05,108.75,108.01,101.85,87.826,93.761,84.887,82.846,80.121,83.494,89.614,80.351,76.698,75.724,69.875,65.851,64.339,63.526,65.551,65.794,66.684,70.766,62.168,58.73,94.951,84.907,130.94,119.84,104.09,98.164,95.63,85.148,88.568,89.33,83.177,82.871,80.826,81.545,85.21,88.239,89.668,104.11,112.49,100.66,97.51,94.474,110.22,100.61,112.56,104.75,99.829,100.23,97.534,99.787,92.832,82.028,100.48,103.33,91.449,100.21,76.809,85.911,90.595,74.881,71.84,60.992,60.285,60.299,73.84,73.2,79.024,96.91,121.57,134.91,131.02,124.24,111.81,99.735,95.852,78.111,82.19,88.59,95.121,104.52,99.372,96.903,95.155,96.612,103.15,101.74,103.76,104.33,107.68,107.85,86.62,98.643,114.63,119.11,120.15,128.43,117.53,146.29,157.94,173.6,152.6,171.63,182.04,162.87,178.07,126.99,113.5,131.34,135.24,161.45,128.97,96.574,101.77,135.39,110.94,113.51,132.84,169.32,141.79,133.82,122.53,134.59,85.927,94.156,94.872,100.6,106.21,86.765,82.06,97.02,76.321,73.579,73.969,67.497,100.25,99.706,104.17,106.07,106.16,105.23,105.32,105.07,112.55,110.13,102.17,101.35,104.1,107.53,99.915,102.86,107.86,113.8,109.53,114.82,118.54,123.13,119.51,87.945,88.188,90.871,90.121,94.407,99.917,104.79,113.61,115.45,119.45,124.02,118.53,124.36,117.82,120.88,106.14,116.46,112.84,103.91
2002,6,70.955,47.79,51.296,42.692,38.483,41.945,31.163,29.038,22.609,28.064,26.548,27.538,26.704,26.418,27.608,27.393,24.212,22.734,23.471,23.958,57.895,41.667,30.771,33.196,23.289,27.465,19.722,20.297,24.032,26.05,28.075,28.07,25.456,26.016,23.824,24.53,24.137,24.257,24.618,24.949,24.909,24.436,53.037,44.383,35.884,34.03,34.671,27.451,30.808,28.44,26.198,25.232,24.829,24.815,30.648,28.223,24.091,25.279,22.958,21.49,15.833,17.349,9.3167,26.694,23.389,21.382,21.36,20.182,21.814,20.769,15.004,14.923,21.366,23.688,22.339,21.365,21.681,21.727,33.193,33.354,34.286,34.824,35.238,31.901,28.629,26.961,26.839,21.616,25.135,30.294,34.626,38.828,39.476,34.214,37.352,38.199,37.341,35.102,34.178,33.92,34.849,39.949,39.14,47.976,43.381,43.678,44.08,44.143,79.527,78.523,74.195,69.843,70.076,49.034,47.895,54.627,47.684,45.728,45.863,49.317,55.68,63.523,58.291,58.609,58.875,74.201,74.27,59.983,60.656,70.084,68.173,66.523,65.038,66.44,67.581,77.649,78.663,77.283,86.215,89.451,121.48,92.523,155.67,145.28,128.76,120.53,119.27,113.93,116.54,112.8,100.05,96.805,86.228,86.092,86.365,88.712,81.326,60.39,71.83,54.244,51.013,47.708,68.268,56.316,84.588,68.854,77.363,79.223,66.319,80.478,69.288,72.609,62.629,67.162,74.774,92.402,81.689,77.13,71.553,70.522,81.89,88.277,88.03,88.045,126.66,125.24,128.67,132.47,145.87,149.07,119.76,92.543,71.008,80.203,76.771,60.736,62.729,65.641,66.509,66.771,78.142,73.468,77.066,59.642,64.076,65.102,65.255,78.868,69.511,79.547,100.71,113.3,72.495,66.725,60.441,65.506,59.805,55.067,53.785,53.345,53.993,56.963,53.353,56.341,53.203,51.977,49.216,50.769,50.827,52.476,46.34,54.227,69.148,52.198,82.236,77.3,54.012,51.215,49.25,46.209,40.016,38.913,30.288,31.431,31.807,42.11,35.608,29.713,28.897,32.732,28.145,27.03,26.77,25.461,81.585,80.343,81.425,77.412,77.674,82.8,77.583,74.336,59.988,55.445,97.919,86.936,79.147,62.583,65.281,60.618,54.301,45.485,51.265,40.995,37.654,37.57,38.768,39.512,40.638,42.267,39.638,43.626,47.602,50.214,41.218,42.983,37.445,36.931,36.93,36.757,36.562,36.584,35.774,36.236,36.083,35.672
2002,7,165.87,135.07,140.2,123.5,116.23,123.61,94.62,88.574,78.356,86.714,84.642,86.22,84.816,83.786,85.874,79.806,67.542,56.3,57.799,61.254,154.38,126.65,96.496,98.907,55.664,66.439,40.698,42.212,61.297,71.55,81.606,77.558,69.708,73.847,54.915,63.737,62.753,65.739,66.557,65.519,60.624,52.616,93.413,75.738,57.997,52.303,62.343,47.186,45.878,41.37,42.629,44.351,35.842,34.62,42.147,44.922,48.317,54.853,49.53,48.33,47.818,46.442,37.546,54.625,51.403,49.493,48.069,47.068,47.928,47.149,43.207,44.394,50.828,54.639,49.023,48.779,48.857,48.652,52.377,52.122,51.455,51.328,51.966,52.79,52.342,52.276,52.606,50.014,52.394,54.008,53.605,51.231,51.68,51.59,52.937,53.886,53.788,57.236,58.667,58.845,58.032,59.996,60.933,69.041,64.58,64.775,65.272,65.358,92.86,92.69,91.216,89.284,88.744,70.073,68.934,75.71,68.545,66.823,66.911,69.185,72.36,78.577,71.892,71.499,70.916,79.503,82.857,71.109,70.239,73.431,70.158,67.803,65.834,63.427,63.039,51.835,51.451,56.8,39.774,34.512,157.54,116.3,170.92,171.81,173.37,174.51,173.75,172.46,172.27,169.33,150.76,135.49,118.62,124.22,133.47,140,122.41,103.58,115.77,98.213,93.783,88.804,114.37,99.988,131.2,114.74,97.106,97.353,94.93,95.338,92.738,78.067,102.38,109.9,94.392,136.3,68.835,78.845,86.077,68.967,55.939,38.017,38.07,36.761,179.68,181.72,182.42,177.89,171.93,165.54,150.52,136.95,116.04,175.92,176.5,179.3,174.19,166.43,152.6,128.03,160.81,139.27,143.13,127.25,123.75,131.08,124,133.4,126.9,132.85,164.25,161.2,118.72,113.83,101.75,106.31,101.26,85.969,78.695,76.136,79.655,81.078,74.922,81.371,75.282,81.921,80.088,78.799,78.071,76.645,71.208,90.654,92.75,77.407,96.247,90.278,71.593,71.138,65.186,62.83,66.076,63.119,58.723,56.369,52.367,68.568,49.212,53.741,51.21,45.381,46.484,49.791,53.149,47.586,93.391,91.73,94.596,93.299,93.678,96.632,90.473,83.238,72.335,61.196,104.39,91.316,84.707,66.534,61.973,60.783,58.465,56.749,57.664,55.521,53.593,52.519,53.607,48.046,48.164,50.189,48.878,50.986,54.461,56.069,53.942,54.896,52.989,52.019,52.977,51.903,53.342,52.657,55.572,53.187,53.965,55.909
2002,8,96.573,57.287,53.621,43.175,40.247,44.075,32.265,25.113,22.911,23.952,23.807,24.062,24.06,24.034,24.313,24.479,25.299,22.316,22.32,22.663,108.07,67.134,50.674,58.064,23.499,39.111,19.868,20.389,25.712,29.52,30.546,31.205,29.185,32.376,26.424,29.263,29.352,32.347,31.593,31.705,30.362,29.131,80.322,52.572,35.442,31.932,38.185,28.064,28.544,26.585,26.689,27.237,24.703,24.238,25.597,23.134,21.352,22.264,20.205,19.311,18.461,18.327,15.364,23.172,21.694,20.846,21.458,20.31,21.594,20.928,17.597,18.393,22.041,23.567,23.005,22.732,22.718,22.543,29.951,29.736,30.557,31.029,30.994,27.788,25.734,23.992,25.301,22.559,24.589,27.519,30.808,36.114,39.647,37.685,42.496,44.292,44.138,45.96,46.749,46.832,46.541,50.604,51.538,63.338,56.925,57.281,58.12,58.422,104.91,103.95,99.737,95.591,95.536,65.281,63.917,73.843,63.405,60.703,61.224,66.276,75.854,85.5,78.315,78.847,79.376,97.4,98.279,80.362,81.236,91.465,89.123,87.74,85.712,89.208,91.085,101.96,103.89,106.96,104.77,102.56,129.91,128.17,103.55,104.45,109.17,116.73,109.92,80.841,84.475,93.962,103.25,109.92,119.13,114.46,108.92,108.29,117.35,114.97,117.6,117.4,116.39,114.53,123.83,122.9,126.92,136.05,121.59,120.48,121.13,115.94,116.77,101.05,129.89,134.33,129.91,114.75,120.83,126.05,124.4,102.69,116,105.69,105.66,104.15,180.03,179.37,170.42,146.06,122.7,111.74,113.55,120.28,117.11,121.42,122.41,126.91,127.67,128.79,131.98,138.7,131.33,145.51,147.77,124.33,133.84,134.58,133.72,144.65,136.69,140.16,159.68,148.02,118.68,121.04,101.65,108.18,110.88,97.629,77.988,86.891,75.11,80.083,87.046,76.431,85.388,69.851,61.838,67.699,68.628,79.104,55.872,115.1,114.76,93.519,114.12,99.682,67.312,80.606,65.479,60.133,50.516,45.96,29.653,26.69,25.429,42.81,27.673,24.806,24.144,24.668,23.188,23.149,23.292,21.796,110.43,107.67,109.63,105.49,106.3,112.01,100.56,89.455,70.615,54.453,126.67,104.71,92.367,61.88,57.378,54.574,50.776,47.787,49.4,45.994,44.051,43.34,44.27,37.509,38.682,40.635,37.08,40.782,45.402,47.52,44.61,45.665,43.649,42.907,43.571,42.797,43.675,43.238,45.001,43.626,44.083,45.216
2002,9,208.26,175.69,173.32,144.95,162.29,173.87,133.17,127.79,94.797,120.85,113.63,118.63,110.37,101.9,110.92,96.875,88.74,74.56,77.472,79.73,187.54,167.55,122.13,114.88,73.045,65.724,49.184,49.377,58.404,60.195,72.027,58.859,57.709,71.74,63.524,67.85,69.619,83.301,77.617,77.038,72.492,71.009,97.531,91.643,70.031,64.088,75.488,65.578,61.334,60.842,65.601,67.298,63.114,62.139,53.074,35.466,21.472,16.399,14.55,12.077,9.7218,9.3898,6.8397,14.011,12.462,11.621,12.572,11.314,12.564,11.936,8.551,10.186,14.272,16.925,14.209,14.145,14.043,13.753,22.505,22.058,23.22,23.763,23.968,19.817,17.603,15.235,17.495,14.221,16.821,20.233,23.956,28.489,31.081,27.511,31.911,33.504,33.109,33.589,33.901,33.892,33.891,36.01,35.827,40.993,38.181,38.285,38.65,38.732,57.015,56.793,54.24,51.888,51.399,41.722,41.045,44.631,40.778,39.687,39.807,39.381,37.773,41.609,36.172,35.615,34.892,38.339,41.735,34.72,33.631,33.851,31.627,30.78,29.623,30.149,30.484,32.429,32.778,33.489,32.542,31.947,90.085,65.64,68.934,68.127,67.745,68.873,67.598,57.308,58.684,59.825,56.524,61.12,52.769,50.647,48.5,49.34,45.289,64.612,65.44,59.774,58.692,58.687,56.137,53.844,47.141,40.537,59.358,58.686,57.333,55.587,44.754,37.214,44.403,41.745,40.125,48.234,38.319,38.367,37.44,32.924,35.576,32.942,32.994,32.338,153.73,154.03,139.54,103.32,81.731,74.093,71.395,73.25,68.093,216.49,221.48,248.49,226.64,193.79,141.73,60.935,156.88,80.941,87.354,78.838,58.665,73.905,63.784,60.788,62.929,66.673,124.44,104.61,68.66,67.3,86.86,90.813,78.572,101.5,135.1,117.86,143.38,151.44,119.34,159.2,119.67,124.17,113.61,117.42,116.31,114.97,92.591,61.333,55.68,56.515,54.534,46.838,34.522,72.769,45.704,53.078,54.112,52.714,24.069,32.318,34.322,82.636,49.109,29.774,30.33,41.606,33.194,27.902,23.782,24.622,52.065,51.135,56.185,56.287,56.184,57.083,57.254,56.442,49.002,47.059,59.979,59.078,53.537,44.664,54.741,48.984,45.976,39.287,42.519,35.952,33.116,32.578,33.74,30.045,31.541,32.616,30.014,33.616,36.772,40.486,34.995,36.606,32.801,32.024,32.571,31.868,32.392,32.089,33.102,32.398,32.642,33.252
2002,10,259.61,185.48,128.63,118.27,118.17,127.82,149.7,109.06,77.911,98.795,92.487,96.183,102.04,115.79,112.75,151.49,191.6,196.29,189.53,186.72,291.72,262.83,233.41,222.02,213.35,189.47,233.85,233.68,243.94,260.14,245.16,273.1,263.58,242.76,212.91,235.96,230.69,209.62,220.18,203.65,181.55,134.27,78.784,81.921,79.248,79.874,108.97,109.1,75.903,68.199,88.017,94.313,56.883,50.147,78.621,89.738,63.556,31.356,33.077,23.506,7.6456,8.9736,4.1187,10.395,7.4944,6.8023,6.1977,5.7203,6.1044,5.8354,4.9443,5.6882,7.4781,8.9543,6.8832,6.9058,6.847,6.6911,16.015,15.072,15.29,15.493,14.378,11.695,9.1702,8.4382,9.2304,7.1676,8.8482,10.992,13.947,18.958,23.374,21.631,27.453,29.602,29.601,32.133,33.256,33.414,32.706,32.144,32.439,34.455,33.058,33.05,33.167,33.147,45.255,44.803,44.445,43.607,43.289,34.296,33.945,37.28,33.794,33.45,33.379,32.641,30.52,33.829,28.541,27.889,27.049,30.449,33.963,26.694,25.349,25.151,22.212,20.886,19.323,19.28,19.473,18.983,19.125,20.456,17.166,16.107,87.518,74.028,74.343,68.416,62.332,63.79,57.251,32.254,35.633,40.812,45.112,53.726,57.531,49.77,41.061,38.905,38.595,80.937,83.923,73.625,71.116,70.172,69.388,63.368,48.673,37.411,58.401,56.171,60.144,50.279,42.889,29.018,46.271,40.349,34.301,40.395,27.62,28.899,29.369,22.25,21.986,17.316,17.403,16.644,192.83,196.55,179.72,127.58,98.529,90.552,90.614,99.202,88.277,316.03,325.75,376.27,344.34,295.88,219.59,85.83,232.79,117.98,126.53,123.63,79.496,111.31,83.058,78.442,82.72,84.907,170.39,138.5,86.492,71.748,73.69,92.978,87.889,88.233,89.536,86.881,90.604,94.087,86.814,94.705,86.334,82.083,76.691,79.631,80.058,82.755,85.851,71.818,58.886,61.544,53.778,46.712,35.396,66.297,43.496,46.015,49.202,73.733,28.079,74.881,88.47,85.733,102.01,76.562,83.892,99.521,94.653,82.99,64.597,77.653,43.519,42.153,46.015,43.727,43.844,47.045,44.11,42.648,37.349,34.835,56.821,50.216,45.887,35.717,37.04,34.704,33.536,32.068,32.137,30.96,29.459,28.697,29.484,20.926,21.614,22.801,20.637,23.186,26.797,29.686,29.31,30.131,29.048,28.345,29.056,28.258,29.258,28.774,30.892,29.245,29.783,31.153
2002,11,202.43,232.1,240.44,163.1,175.87,219.47,182.12,154.41,154.32,149.82,151.79,151.26,152.13,151.29,151.26,148.85,155.15,142.34,141.89,141.33,141.21,168.01,141.26,128.55,141.47,113.48,130.65,131.03,142.87,151.85,158.25,152.71,149.9,170.55,141.52,163.17,165.52,184.61,176.92,173.32,162.17,151.08,80.22,101.79,114.52,117.11,115.36,134.31,119.86,118.56,133.95,136.85,115.73,109.44,116.11,64.287,35.056,22.844,26.896,23.794,14.968,13.974,10.042,9.108,7.348,7.0268,5.3464,6.339,4.7007,5.1427,8.8189,11.315,9.9436,13.704,4.1754,4.6212,4.5518,4.4256,12.225,11.388,12.099,12.315,12.084,9.3509,7.5755,7.1824,8.4571,6.4044,8.5,10.18,12.44,15.389,20.128,20.019,24.213,25.925,26.827,28.31,28.857,28.841,28.475,28.465,28.88,31.043,29.399,29.38,29.478,29.453,45.884,44.74,45.629,45.273,45.086,30.379,30.097,35.13,29.978,29.701,29.651,27.997,24.335,29.479,22.135,21.431,20.545,26.877,31.303,20.143,18.745,19.718,16.202,14.453,12.818,11.891,11.795,9.3648,9.3036,10.268,7.7027,6.9924,75.112,32.44,92.741,88.234,83.475,85.084,78.078,49.1,53.978,57.002,42.212,36.146,27.036,26.734,26.758,30.58,23.768,47.801,52.722,40.95,38.872,37.748,41.534,36.22,33.745,20.79,60.723,60.534,49.986,55.323,33.471,23.107,25.642,22.17,17.735,33.335,13.56,14.685,15.916,12.82,10.516,7.7311,7.7836,7.3425,137.73,139.51,136.86,118.58,104.29,95.325,78.984,68.786,55.112,161.02,160.67,160.45,149.06,131.69,99.929,43.494,119,61.24,67.569,61.959,41.963,54.815,45.477,47.125,45.502,52.755,106.36,100.77,55.161,47.143,61.655,66.228,56.519,69.256,94.181,78.008,98.419,95.863,78.634,100.42,80.061,95.068,96.095,91.752,90.344,82.117,95.324,45.474,51.974,40.128,59.338,45.263,20.449,48.022,28.169,35.029,39.146,64.567,20.529,58.347,74.095,107.61,118.45,55.583,54.784,99.336,57.217,43.514,34.054,38.349,47.315,43.861,49.996,43.711,44.401,52.236,41.707,36.741,30.198,23.257,75.264,54.104,42.201,20.948,21.08,19.825,22.048,24.596,21.938,26.06,27.097,26.952,26.5,16.529,17.215,17.526,16.088,17.225,18.6,20.351,24.44,24.627,26.887,27.131,27.118,27.212,27.54,27.431,28.097,27.509,27.679,28.085
2002,12,173.85,168.53,163.16,151.34,158.42,165.09,158.93,155.18,160.42,154.33,156.07,155.01,158.76,163.27,160.11,168.72,154.89,158.29,161.02,170.63,171.04,171.25,165.37,162.25,173.3,172.38,203.37,201.49,200.32,200.72,192.02,203.15,202.83,187.47,186.41,190.81,188.03,172.75,178.65,166.37,151.98,120.5,100.21,97.66,79.24,74.152,114.98,102.69,70.938,67.723,85.484,91.76,65.47,60.579,64.566,47.878,30.838,20.627,26.619,26.166,25.826,22.352,22.441,15.346,16.648,16.712,19.099,20.155,17.563,18.425,20.967,28.15,28.75,35.919,16.632,17.951,17.699,17.225,32.236,31.561,37.009,38.873,43.186,29.109,27.353,20.977,28.795,22.11,28.167,34.438,43.082,46.449,39.818,20.281,24.665,25.701,23.523,15.798,14.416,14.165,15.227,22.005,19.141,29.92,23.926,24.202,25.041,25.332,80.886,79.632,62.417,50.124,50,32.465,31.016,36.001,30.478,27.644,28.282,27.998,26.548,35.748,25.698,25.198,24.41,37.976,41.392,24.639,23.314,31.97,21.934,19.178,16.795,13.836,13.307,4.3199,4.0461,6.1128,2.8622,2.5982,104.81,51.244,98.326,93.227,88.866,92.508,83.569,48.866,52.201,59.957,50.413,48.727,34.325,35.628,39.562,48.304,42.272,73.069,86.256,70.217,66.727,63.746,88.277,72.469,81.915,63.582,72.342,64.688,64.212,64.194,53.996,33.917,60.786,61.514,33.075,61.156,9.2179,19.063,31.291,17.996,4.6172,2.8727,2.8922,2.7283,140.79,138.88,134.7,122.73,112.37,106.13,97.58,93.249,80.342,175.11,177.9,192.91,184.93,172.26,151.34,102.32,154.18,116.45,119.41,120.14,99.867,114.09,101.22,96.094,97.976,96.851,131.89,117.23,83.641,87.017,93.227,83.045,75.596,72.657,81.954,67.524,85.724,80.015,63.921,84.312,65.344,91.08,90.654,83.022,80.604,69.665,75.214,61.754,55.673,42.447,53.342,47.004,25.001,43.058,36.975,45.975,42.572,44.811,26.401,42.14,49.901,85.503,69.083,40.899,41.665,60.51,44.879,35.606,29.773,33.04,62.305,62.583,74.014,78.044,76.75,73.162,88.143,99.509,75.457,96.544,65.019,90.651,86.845,98.407,155.54,129.74,101.9,53.381,83.733,34.255,24.484,25.619,28.376,58.081,63.54,65.001,58.703,70.254,75.96,85.506,37.35,44.414,24.894,24.206,23.469,23.742,21.41,22.205,17.874,21.576,20.27,17.54
2003,1,42.089,46.285,48.116,48.598,50.776,50.266,44.02,36.548,35.208,35.138,35.246,35.281,35.468,35.584,35.578,36.478,42.057,40.283,39.437,38.263,40.136,42.687,41.295,39.867,40.592,37.434,38.843,38.585,38.123,38.089,37.666,38.27,38.197,37.293,37.318,37.459,37.254,36.402,36.736,35.892,34.744,32.023,28.248,28.641,26.61,25.891,30.745,29.952,25.378,24.745,27.828,28.704,24.198,23.108,24.195,19.68,14.101,10.203,12.555,12.376,12.132,10.959,10.94,8.2891,8.8432,8.8697,9.72,10.099,9.1794,9.4874,10.423,12.698,12.784,14.753,8.8405,9.3105,9.2223,9.0547,13.703,13.489,14.787,15.193,16.03,12.786,12.252,10.375,12.686,10.719,12.532,14.143,16.06,16.884,15.961,10.118,11.831,12.216,11.352,7.0881,5.9174,5.7018,6.6379,10.641,9.1575,13.742,11.474,11.592,11.938,12.056,24.24,24.021,21.735,19.494,19.459,14.544,14.087,15.706,13.911,12.936,13.164,13.052,12.513,15.456,12.195,12.014,11.729,15.918,16.945,11.806,11.325,14.037,10.814,9.7779,8.8358,7.5507,7.3047,1.9414,1.7356,3.2451,1.0635,0.96544,29.28,19.207,28.388,27.697,27.11,27.645,26.379,19.941,20.404,22.055,19.776,18.978,15.082,15.458,16.519,18.594,16.685,23.595,25.515,22.708,22.059,21.534,24.859,22.595,23.497,19.845,24.018,22.838,22.341,22.503,19.622,14.707,19.991,19.716,14.095,20.808,5.0144,9.748,13.565,9.3411,2.0616,1.0674,1.0747,1.0138,37.6,37.314,35.736,32.508,30.358,29.373,28.006,27.205,24.994,39.384,39.933,43.24,41.725,39.384,35.737,26.832,36.358,30.003,30.778,30.516,26.385,29.106,26.755,26.335,26.347,26.707,34.346,31.463,25.382,25.18,26.719,25.935,24.479,24.658,26.759,24.15,27.366,26.592,23.545,27.285,23.833,27.818,27.725,26.726,26.376,24.582,25.749,21.76,20.946,17.619,20.7,18.836,11.922,18.049,15.714,18.172,17.588,18.873,12.407,18.001,20.364,27.396,25.171,17.598,17.818,23.222,18.766,15.796,13.721,14.885,21.79,21.651,23.635,23.761,23.649,23.645,24.741,25.398,22.396,23.671,23.363,25.814,24.653,23.449,26.867,25.375,23.941,18.839,22.366,14.923,11.741,12.184,13.164,18.815,19.629,19.835,18.854,20.423,21.183,22.346,15.643,17.214,11.905,11.629,11.325,11.437,10.396,10.767,8.4803,10.475,9.8316,8.2774
2003,2,53.961,48.794,57.13,83.671,81.761,74.841,72.068,33.146,18.368,22.581,20.711,23.004,20.398,18.172,21.979,38.118,75.837,76.74,83.77,57.761,41.323,39.553,55.116,55.985,109.19,75.925,55.182,64.981,55.056,40.894,24.835,50.974,36.418,53.761,75.06,83.014,80.759,81.792,77.832,65.408,46.232,17.959,44.497,65.498,16.526,14.215,53.258,25.955,13.287,9.696,14.256,12.382,8.9914,8.5865,8.9903,22.762,14.215,48.338,18.28,15.332,11.512,9.6765,5.212,43.154,23.337,14.792,16.79,15.844,17.732,15.236,7.729,8.9822,21.209,35.898,14.169,10.872,11.932,12.23,47.964,51.493,45.702,49.892,39.586,42.431,27.136,29.112,15.868,13.98,13.849,21.349,29.984,15.043,5.9765,3.7597,4.3959,4.5393,4.2182,2.6338,2.1988,2.1187,2.4665,3.9956,3.4027,14.19,9.7365,12.828,8.0241,5.6704,30.732,27.749,26.375,30.587,37.568,18.206,11.82,20.208,17.703,8.393,5.4669,10.534,5.1283,29.899,12.573,6.7863,4.3581,36.843,35.993,6.6096,4.2081,33.194,18.662,3.6332,15.437,2.8057,12.294,4.1894,6.5644,18.364,2.9794,0.66698,90.657,101.29,105.06,79.069,60.559,56.746,74.805,116.54,112.73,94.737,79.597,88.956,95.731,90.89,111.07,95.503,81.554,128.46,155.85,126.6,115.54,109.23,150.09,121.86,136.88,91.139,82.458,69.147,85.078,56.682,49.806,38.244,82.503,88.605,49.954,107.84,24.097,52.393,63.093,34.921,7.344,1.4477,0.39933,1.1911,73.304,83.931,72.037,58.872,76.651,100.02,128.88,122.38,120.45,26.612,24.693,19.372,21.915,36.458,49.62,66.7,39.472,69.244,70.21,55.822,60.063,57.019,57.122,78.492,76.153,77.372,80.627,82.435,72.567,59.376,74.785,66.061,72.578,50.167,62.666,43.41,40.441,80.186,62.286,31.447,57.756,30.257,27.76,30.224,33.629,50.506,38.599,91.795,63.525,60.631,51.417,30.397,39.254,64.523,42.536,48.926,74.625,82.335,51.339,72.09,25.611,31.408,11.918,43.447,26.915,15.186,27.826,45.14,95.144,34.319,47.005,40.25,43.868,25.085,31.438,40.395,13.119,18.161,8.4756,8.8301,29.82,20.617,14.485,10.925,10.378,10.673,8.896,7.0002,8.364,5.5449,4.3628,4.5274,4.8916,36.346,23.1,27.887,40.833,34.042,19.968,10.139,5.8125,6.3961,4.4238,4.3211,4.208,4.2499,3.8629,4.0007,3.1511,3.8922,3.6532,3.0757
2003,3,30.096,55.342,95.024,149.75,162.22,127.9,107.13,123.94,85.992,112.73,103.27,110.74,104.28,100.73,111.65,116.58,68.692,64.853,71.904,74.889,17.239,24.619,34.295,30.818,64.743,40.363,39.269,45.353,83.81,101.53,109.78,129.3,93.986,99.608,56.491,86.167,80.323,73.79,81.401,79.413,68.86,33.942,21.574,34.105,14.847,13.006,32.674,25.666,13.065,6.9052,16.395,15.05,3.341,3.1906,4.2467,20.526,17.287,55.39,23.852,19.142,12.575,10.922,2.7806,40.776,20.432,13.865,10.118,10.115,10.53,9.3501,5.7822,5.3918,12.253,17.874,8.4672,6.6007,7.2488,7.4617,45.942,44.121,39.111,39.965,28.441,29.753,16.03,20.096,10.326,8.4926,8.8479,14.493,20.882,9.7163,2.2485,1.397,1.6334,1.6867,1.5674,0.97865,0.81702,0.78724,0.91648,1.5099,1.2644,7.7665,5.6087,7.2079,4.5123,2.7444,13.633,12.772,12.297,13.409,15.05,9.4285,6.5832,10.168,9.2382,4.6488,2.3602,5.9465,2.182,13.06,7.0616,3.6335,1.6194,14.781,14.612,3.5303,1.5636,13.82,9.5886,1.35,8.3895,1.0425,7.1018,3.0518,4.516,9.3871,2.3143,0.42924,35.538,29.31,27.112,23.592,20.714,20.57,23.079,24.481,24.387,23.397,21.664,24.025,23.769,22.615,24.058,22.898,21.302,29.609,33.197,28.542,26.956,25.972,31.004,27.219,27.967,22.897,22.948,21.023,22.993,19.03,17.492,14.949,22.234,22.742,16.949,24.513,11.117,16.987,18.943,13.888,4.9188,1.1088,0.14838,0.89605,49.269,48.387,39.013,27.278,26.491,28.42,32.258,33.517,30.538,12.493,11.612,7.8814,9.9376,15.891,18.686,20.568,16.626,21.817,22.626,19.509,19.611,19.339,19.254,24.812,22.425,25.388,32.078,33.2,24.237,20.963,26.115,24.228,23.946,19.774,26.194,18.569,20.934,30.491,22.251,17.914,21.646,17.744,17.521,17.137,18.222,21.309,23.895,24.382,20.441,20.394,18.426,13.706,17.782,22.248,19.764,26.646,48.935,49.099,66.478,60.366,32.396,24.111,10.403,47.038,31.212,14.853,22.891,37.248,63.268,28.128,17.282,15.862,16.721,11.927,13.801,15.99,6.5006,9.2093,3.2415,3.302,13.351,10.279,7.3425,5.1294,4.0866,4.6282,3.3055,2.6011,3.1402,2.0604,1.6211,1.6823,1.8176,38.593,29.121,30.203,38.782,27.515,13.991,4.6887,2.1598,2.3767,1.6438,1.6056,1.5636,1.5791,1.4354,1.4866,1.1709,1.4463,1.3574,1.1429
2003,4,94.699,112.89,98.011,119.41,131.59,125.51,164.12,145.72,125.87,137.11,133.3,135.82,137.25,142.27,142.72,164.72,201.11,204.95,198.96,184.57,56.614,119.82,139.68,120.93,199.4,139.27,176.81,181.43,196.39,205.5,198.67,214.17,204.57,208.13,182.34,203.23,201.28,199.79,201.97,195.31,181.93,148.82,47.406,91.377,84.539,82.034,113.14,121.1,86.741,79.192,109.96,114.46,54.08,53.347,59.64,45.873,17.48,24.53,14.548,10.809,6.7716,6.0159,1.1682,16.947,10.112,7.1937,4.4079,4.5695,4.5927,4.0428,2.8383,2.2022,5.4493,8.1335,3.4833,2.6003,2.913,3.0294,18.312,17.978,16.633,16.936,13.234,13.717,7.5532,9.7857,4.7461,3.5687,3.9288,7.0174,10.117,4.4584,0.8355,0.51909,0.60695,0.62674,0.58241,0.36364,0.30358,0.29252,0.34054,0.56105,0.46981,2.8859,2.0841,2.6783,1.6766,1.0198,5.0658,4.7457,4.5692,4.9824,5.5922,3.5034,2.4462,3.7782,3.4327,1.7274,0.877,2.2096,0.81079,4.8527,2.6239,1.3501,0.60172,5.5492,5.4587,1.3118,0.58101,5.1586,3.5629,0.50164,3.1173,0.38738,2.6389,1.134,1.678,3.488,0.85994,0.15949,58.028,19.422,30.559,27.516,28.005,34.201,31.847,22.142,21.779,17.056,11.311,14.419,9.892,8.8995,9.3348,8.9545,8.0997,26.095,35.337,20.101,16.685,14.709,23.752,13.667,12.657,8.9124,9.9529,8.2276,9.2229,7.3066,6.5928,5.5841,8.7177,8.8955,6.3132,10.126,4.1306,6.3472,7.1887,5.1608,1.8277,0.41199,0.055135,0.33295,85.98,83.832,75.013,57.01,42.826,38.183,43.99,50.866,35.135,65.907,53.439,8.7369,23.948,30.272,16.404,7.8158,39.955,11.691,15.335,12.782,7.5032,8.2385,7.6117,16.488,10.705,21.183,50.284,54.114,28.442,14.532,28.216,31.678,25.964,23.086,44.108,21.871,40.558,39.859,24.288,30.114,25.929,49.188,62.441,47.975,46.31,34.282,58.515,12.773,8.1523,9.7633,7.265,5.3113,7.9114,14.288,9.1128,14.384,26.49,45.356,23.983,52.29,52.42,82.332,65.925,46.882,40.913,60.126,41.758,38.224,38.816,28.652,6.5721,5.9658,6.2952,4.4316,5.1281,5.9986,2.4155,3.422,1.2045,1.2269,4.9608,3.8193,2.7283,1.906,1.5185,1.7197,1.2283,0.96651,1.1668,0.76558,0.60237,0.62509,0.67538,16.327,13.341,13.767,16.481,12.89,6.8229,1.7422,0.80252,0.88311,0.61079,0.59661,0.58099,0.58677,0.53334,0.55237,0.43507,0.53739,0.5044,0.42466
2003,5,123.53,126.1,126.57,133.93,139.88,137.61,132.06,96.943,77.398,86.094,84.145,86.267,85.696,85.557,87.836,103.17,139.81,142.65,140.28,134.37,126.99,127.5,142.58,150.3,149.77,174.52,160.45,159,139.56,129.72,114.99,125.61,131.9,124.95,163.2,136.38,136.16,128.97,130.34,131.64,137.43,141.99,229.74,226.65,186.94,172.12,203.63,160.57,160.49,154.31,149.49,147.43,145.64,148.95,139.5,85.746,39.922,36.853,26.784,18.123,2.7501,3.5198,0.43407,11.722,3.7645,2.673,1.6379,1.6979,1.7065,1.5022,1.0546,0.81828,2.0248,3.0222,1.2943,0.9662,1.0824,1.1257,19.783,17.317,15.317,15.732,7.9237,6.2912,2.8066,3.6361,1.7636,1.326,1.4599,2.6075,4.2623,2.7257,0.31045,0.19288,0.22553,0.23288,0.21641,0.13512,0.1128,0.10869,0.12654,0.20847,0.17457,4.5447,1.8088,4.4449,0.67156,0.37892,19.646,16.202,14.621,19.79,28.845,7.2923,1.9493,9.5371,7.2937,0.64715,0.32587,1.7761,0.30127,24.194,6.197,0.82901,0.22359,41.992,36.371,1.2281,0.21589,41.386,24.115,0.19527,21.796,2.3388,22.747,34.45,43.042,61.33,41.26,29.849,87.45,91.38,127.51,113.83,94.833,87.421,85.527,81.275,83.471,80.896,79.832,78.756,85.685,88.566,98.234,104.47,114.96,183.65,192.68,183.78,178.3,172.7,195.88,176.32,176.61,170.34,97.279,77.247,115.25,58.755,84.734,50.075,166.14,170.97,129.83,134.47,89.279,121.45,125.97,63.197,68.245,37.312,23.364,34.772,78.013,77.399,80.052,93.95,122.9,147.94,175.06,197.94,191.98,121.02,115.59,76.817,104.24,125.27,143.41,172.03,142.14,157.96,154.12,172.56,177.1,168.47,176.06,178.13,181.28,182.36,121.2,133.44,194.29,199.69,218.15,195.8,187.81,185.54,207.4,181.92,207.63,201.03,180.45,197.93,183.86,222.3,230.8,216.68,213.02,196.68,193.25,152.88,93.074,139.85,62.419,55.766,91.689,152.03,101.87,103.52,102.51,125,46.921,91.827,97.274,202.33,139.08,82.943,76.775,114.83,76.146,64.136,58.781,50.48,42.594,34.632,36.128,14.81,17.885,31.162,5.502,8.7472,0.44755,0.4559,34.051,19.357,11.739,5.4793,3.3828,3.2839,0.45639,0.35913,0.43357,0.28447,0.22383,0.23227,0.25096,31.087,27.883,31.032,27.749,22.987,17.457,1.0189,0.2982,0.32814,0.22695,0.22169,0.21588,0.21803,0.19818,0.20525,0.16166,0.19968,0.18742,0.15779
2003,6,79.715,76.735,91.62,117.74,107.32,91.021,76.482,62.89,51.795,56.903,55.834,57.07,55.023,52.215,54.859,55.527,69.207,66.127,65.179,61.478,77.34,71.186,72.53,76.606,64.824,73.018,56.7,56.348,53.662,51.747,51.068,49.966,51.436,56.249,59.399,58.187,59.046,63.667,60.961,58.369,54.094,49.125,82.422,67.842,56.532,54.634,61.14,52.779,50.421,45.765,47.446,46.195,38.79,37.437,48.265,42.677,33.39,44.618,27.693,20.116,3.1611,4.1758,0.16129,21.268,1.9628,0.99323,0.6086,0.63091,0.63411,0.55819,0.39188,0.30405,0.75238,1.123,0.48094,0.35902,0.40219,0.41827,65.158,58.456,59.427,61.081,42.186,22.698,1.0429,1.5431,0.6553,0.49273,0.54245,2.5194,27.021,53.054,28.873,1.8437,12.194,15.839,14.177,30.324,29.077,28.256,26.874,46.385,27.89,95.52,80.539,87.643,75.503,62.909,144.33,142.92,133.68,131.26,134.94,104.28,91.121,109.25,101.46,78.006,60.223,88.251,69.76,123.26,99.763,84.888,58.583,128.44,131.59,86.997,68.795,120.75,109.74,73.333,104.64,81.303,102.52,103.97,106.35,111.23,103.22,97.87,93.111,129.89,92.036,84.725,73.551,68.4,67.992,63.544,65.468,67.65,86.533,100.2,126.23,118.05,107.57,97.549,111.4,101.18,97.465,106.01,108.79,110.8,107.13,114.32,112.94,122.06,142.81,143.14,131.73,145.11,126.71,125.32,119.5,120.7,121.97,101.35,117.34,119.95,120.45,114.25,110.81,101.34,95.105,100.14,86.477,84.688,82.232,81.095,89.219,94.1,89.342,83.74,93.477,79.606,76.723,59.915,70.045,80.329,92.771,115.31,92.742,108.34,106.08,106.57,113.69,110.16,111.35,108.84,109.69,103.29,94.551,89.98,92.416,101.89,96.951,89.157,94.337,90.716,82.617,85.778,80.818,85.271,84.835,82.108,83.729,75.882,68.631,72.446,73.175,79.534,72.27,111.99,121.05,87.905,120.31,100.03,66.908,76.433,77.265,88.158,92.112,81.622,82.447,65.82,60.398,63.827,59.844,59.659,52.189,52.903,41.773,45.129,51.34,35.725,148.82,145.32,151.06,147.7,150.03,150.49,131.56,125.61,78.636,76.633,131.89,122.47,101.92,75.975,95.74,87.496,68.462,31.469,63.326,33.532,30.481,27.067,26.096,108.16,109.45,108.83,102.32,101.59,98.086,76.748,24.897,34.257,15.274,23.459,10.999,25.111,32.292,30.925,26.177,5.2674,8.6141,21.594
2003,7,34.439,33.878,37.682,41.6,42.733,39.831,33.431,27.686,26.433,25.469,25.922,25.931,25.4,24.067,24.821,25.038,29.927,29.491,29.494,28.76,31.164,30.561,30.923,31.877,30.938,34.448,31.99,31.087,25.789,23.084,21.857,21.863,23.237,23.363,29.462,25.31,25.415,25.194,24.861,24.147,23.413,22.042,33.403,31.147,27.358,26.524,30.364,25.457,24.692,22.761,22.543,21.689,19.364,18.853,24.211,26.476,24.637,25.669,20.94,17.311,7.216,6.9034,0.059931,16.772,3.4384,0.96366,0.22614,0.23443,0.23562,0.20741,0.14561,0.11298,0.27957,0.41727,0.17871,0.1334,0.14945,0.15542,34.782,33.189,34.784,35.68,31.693,21.946,1.4161,3.3627,0.28526,0.18309,0.20156,9.0329,27.322,37.862,36.333,18.354,32.804,36.65,36.72,44.151,44.111,43.782,43.009,45.538,40.419,48.517,48.213,49.242,46.767,44.767,43.727,43.605,44.446,45.845,46.672,48.55,46.484,47.309,48.496,45.893,42.946,45.436,40.678,46.954,44.28,41.57,37.807,45.731,45.739,41.424,38.744,46.039,44.308,37.567,43.85,37.633,41.491,37.891,37.853,38.572,35.543,33.842,37.573,40.102,30.139,29.392,28.208,27.644,27.93,27.448,27.606,27.911,31.84,34.277,37.993,36.827,35.296,33.528,35.546,35.358,34.865,35.916,36.077,36.241,35.686,36.581,34.835,36.277,42.767,42.564,40.095,43.275,40.574,43.695,36.632,36.308,36.789,33.409,36.683,36.959,37.94,41.231,35.972,34.365,32.929,34.385,33.699,32.658,31.057,30.034,30.48,31.059,31.994,32.843,34.541,33.55,32.427,26.182,29.05,31.47,33.218,35.487,34.755,34.732,34.652,34.595,35.3,34.939,35.016,35.382,35.011,34.959,34.002,32.865,34.059,34.493,34.589,33.778,34.867,34.893,33.661,34.916,32.368,32.912,34.513,31.242,34.217,32.013,31.053,31.603,31.742,33.704,31.906,37.302,40.109,36.841,41.193,39.801,35.622,35.264,38.04,39.907,38.064,34.175,36.067,31.46,29.911,29.668,28.038,30.29,29.326,27.232,27.273,28.748,29.619,26.145,44.599,44.517,44.248,42.7,42.942,43.711,41.936,44.043,43.138,46.568,42.367,43.256,40.949,40.291,46.417,45.106,45.935,41.384,45.062,43.424,43.66,42.592,41.723,49.353,50.397,50.408,47.833,48.657,48.387,45.453,39.158,42.315,37.529,41.523,35.18,42.207,44.584,44.176,42.897,30.614,33.826,41.144
2003,8,73.642,70.916,72.964,65.145,63.556,67.868,59.616,47.12,35.295,42.813,40.623,42.061,39.51,36.817,39.586,38.476,56.301,50.489,48.702,43.878,68.8,65.674,59.172,58.993,48.504,48.735,36.684,35.719,30.62,26.246,25.938,24.152,26.287,24.663,38.808,28.152,28.008,26.59,27.071,31.726,40.743,56.356,72.035,76.035,86.95,89.725,70.198,71.677,91.168,93.162,78.995,74.338,93.432,97.989,94.46,94.274,82.655,69.618,67.801,60.86,34.803,40.744,11.888,43.201,23.978,19.421,0.13144,1.727,0.088775,0.14075,12.174,1.6917,0.20381,0.24474,0.066403,0.049569,0.055531,0.05775,71.467,67.564,68.167,69.378,56.85,43.378,13.043,20.533,8.7288,0.068031,4.1548,25.58,47.423,61.449,54.592,34.767,39.581,39.857,40.314,39.377,38.086,37.577,38.356,42.306,39.361,45.321,43.338,43.682,42.973,42.225,53.445,53.191,52.163,50.744,50.989,45.193,43.923,46.286,44.453,43.061,41.916,43.353,42.906,47.955,44.914,44.075,42.838,50.837,51.142,44.46,43.747,49.415,48.189,45.432,47.008,46.733,49.038,55.134,56.012,56.38,58.858,59.41,80.124,67.543,75.114,73.462,70.553,68.827,69.497,69.386,69.585,68.672,66.682,66.065,63.683,64.155,64.894,65.309,63.721,69.562,73.008,66.684,64.872,63.479,68.763,64.081,66.029,61.818,58.921,57.551,59.753,55.254,56.572,51.44,61.966,62.191,61.547,65.745,61.044,61.028,59.188,53.336,59.772,59.531,58.956,59.211,65.653,67.439,69.031,70.192,74.395,77.663,79.7,81.724,75.033,74.084,73.549,71.064,71.183,70.46,68.179,63.386,70.498,64.493,65.218,63.675,63.414,64.053,63.912,66.777,65.497,68.967,68.578,73.138,74.898,68.422,69.11,75.232,73.885,77.375,77.954,81.078,73.62,74.303,81.595,69.085,81.184,73.796,75.228,75.235,75.484,80.652,81.426,64.689,61.242,72.057,61.157,60.836,63.407,78.179,76.014,84.43,85.573,87.691,82.628,88.716,90.434,79.858,89.437,88.756,90.836,92.336,94.867,91.757,86.983,88.426,53.36,53.141,53.484,51.744,51.716,53.934,52.697,52.871,49.032,49.293,60.025,56.978,56.169,54.705,51.61,54.993,53.69,44.603,54.147,43.875,43.47,43.843,43.283,99.36,100.71,98.059,94.377,87.535,78.69,65.762,45.274,47.995,41.529,43.46,40.511,43.687,43.323,43.693,40.719,38.594,38.997,39.765
2003,9,42.42,37.445,37.487,38.742,41.742,40.417,35.983,33.98,23.473,31.508,29.012,30.501,28.177,26.161,28.606,26.203,30.917,27.627,27.167,25.338,52.835,38.895,39.24,44.913,25.704,36.011,18.201,17.895,17.514,16.513,18.445,15.748,16.146,17.666,21.818,18.059,18.195,19.966,19.316,21.525,24.101,28.569,75.213,56.59,51.6,50.836,43.381,36.505,46.146,42.301,36.274,33.74,36.114,36.299,49.459,70.537,82.15,80.759,81.273,80.879,77.196,78.195,64.665,79.237,74.225,71.626,45.055,52.632,43.426,44.628,65.429,51.437,45.813,46.546,33.399,31.878,33.604,35.5,84.146,84.037,84.773,85.451,85.793,80.915,70.336,73.538,67.567,42.07,61.599,78.413,86.5,94.016,98.375,94.746,102.14,105.52,106,108.29,108.96,108.8,108.53,111.74,110.95,120.33,115.43,115.63,115.88,115.65,147.62,147.42,144.32,140.88,139.87,121.2,119.59,126.26,119.3,117.28,116.88,115.81,111.22,120.11,107.84,106.13,103.84,112.79,120.7,103.81,100.61,101.42,94.877,90.898,88.152,85.84,86.267,77.971,77.789,82.932,66.361,60.228,80.889,119.58,66.331,70.292,75.887,77.408,80.37,91.179,88.96,90.557,108.96,108.88,135.65,133.43,130.1,120.11,126.42,123.63,114.35,131.46,135.17,138.56,123.37,138.15,119.82,133.11,153.84,152.77,150.12,147.4,131.2,109.07,132.59,131.52,118.96,111.02,96.926,105.07,110.8,93.102,83.412,64.686,64.686,62.972,41.069,42.522,45.842,57.246,63.361,66.853,81.859,94.563,113.37,48.132,47.78,45.715,51.949,61.829,81.719,121.82,69.192,104.6,98.509,104.53,121.2,112.6,117.1,111.45,116.72,106.23,66.51,67.414,110.27,111.88,94.898,100.64,114,98.952,72.542,88.689,67.286,71.247,83.789,65,81.158,64.691,58.871,63.384,64.54,75.943,66.648,142.5,152.43,131.01,150.77,148.05,133.22,106.57,113.35,97.952,86.561,82.742,85.328,77.328,73.46,56.735,60.854,76.713,77.635,63.987,76.033,80.896,81.562,82.212,141.6,139.31,147.64,147.14,147.24,150.11,146.2,140.46,128.15,120.07,158.19,147.69,143.01,129.5,124.84,122.41,116.72,111.95,114.49,109.65,107.27,106.49,107.29,90.531,92.102,96.123,90.749,97.356,106.34,110.49,106.04,108.59,105.96,105.85,105.56,105.82,106.85,106.42,107.66,105.07,105.81,107.55
2003,10,53.749,57.938,57.756,73.836,68.148,57.701,58.839,70.075,42.172,68.357,59.585,63.99,56.399,50.806,57.802,46.236,53.032,43.434,42.132,36.514,56.858,57.16,53.066,50.476,33.952,27.435,10.985,10.645,12.142,11.036,17.028,10.519,10.175,11.874,13.682,11.455,11.438,13.002,12.55,13.191,13.556,14.452,26.247,22.372,21.841,21.987,19.704,17.621,20.564,19.007,17.087,16.015,16.274,16.253,22.126,28.569,29.997,29.328,27.904,26.773,23.931,24.527,19.984,26.545,23.727,22.741,16.021,17.446,15.733,15.863,20.385,16.904,16.07,16.269,13.826,13.426,13.838,14.265,28.596,28.3,28.195,28.313,27.653,26.257,22.096,23.369,21.291,15.609,19.802,24.467,27.374,30.204,31.404,29.48,32.196,33.301,33.195,33.888,34.099,34.07,33.991,34.86,34.448,37.038,35.762,35.832,35.871,35.785,44.267,44.307,42.915,41.681,41.426,37.388,36.91,38.37,36.854,36.253,36.108,36.182,35.554,37.592,34.929,34.503,33.922,35.933,37.651,34.019,33.259,33.521,32.053,30.998,30.5,29.356,29.326,26.403,26.202,27.055,23.562,22.207,32.943,40.843,25.279,26.321,27.904,28.604,29.148,30.166,29.818,30.388,35.496,35.875,43.584,41.406,38.399,35.093,35.472,43.95,40.032,44.217,45.379,47.191,38.183,42.176,32.486,32.936,45.897,45.098,45.628,43.381,38.059,34.103,35.871,33.575,32.335,31.717,29.556,30.023,30.772,29.585,26.628,23.175,23.158,22.789,30.051,30.401,29.031,27.698,26.209,26.155,30.447,34.925,40.807,49.654,52.107,65.946,61.938,55.595,47.668,36.13,44.68,37.48,37.475,40.816,35.513,38.312,34.894,34.001,35.023,33.812,35.636,31.816,37.959,32.928,29.362,35.996,41.259,37.05,27.716,34.147,25.515,26.888,32.712,24.445,31.64,24.243,22.748,24.305,24.764,29.396,26.645,48.715,47.379,47.216,44.563,44.859,45.728,40.351,40.555,35.124,32.733,35.268,31.584,32.086,30.979,22.901,26.97,31.383,31.273,27.807,30.192,31.477,31.545,30.667,41.878,41.687,43.53,44.076,43.959,43.878,44.652,44.277,40.864,40.758,43.917,44.139,44.417,44.917,44.926,43.434,39.893,36.547,38.548,34.965,33.556,33.223,33.746,30.271,30.641,31.904,30.296,32.284,35.494,37.095,33.942,34.956,33.093,32.903,32.882,32.86,33.252,33.073,33.571,32.615,32.894,33.565
2003,11,63.884,54.739,42.187,40.022,43.66,45.429,49.223,48.82,45.618,47.961,47.263,47.451,48.057,49.559,49.164,46.429,49.596,41.224,37.923,32.838,76.448,66.691,56.997,54.518,37.901,25.261,8.0506,8.4039,25.749,43.659,63.415,52.17,39.615,64.688,23.61,45.19,44.922,68.201,61.443,59.188,45.993,33.753,43.077,62.881,31.713,27.555,36.291,23.068,21.921,17.204,21.166,22.463,11.663,9.9255,20.507,23.812,26.237,32.458,26.42,24.813,23.169,22.209,16.754,26.919,21.529,20.153,13.107,14.372,12.612,12.768,17.192,14.737,14.345,15.54,11.059,10.92,11.236,11.553,28.679,27.439,27.148,27.541,25.863,23.037,18.126,20.124,18.253,13.481,17.467,20.997,25.765,33.434,39.258,34.497,43.541,46.217,46.25,44.489,43.927,43.615,44.287,47.617,46.331,51.784,48.79,48.816,49.159,49.12,66.672,66.868,63.374,60.107,59.351,52.535,51.578,53.844,51.234,50.112,50.027,48.643,45.176,49.184,42.792,41.903,40.718,43.393,48.072,40.473,38.665,37.448,34.076,32.605,30.841,29.612,29.337,26.507,26.035,26.282,23.371,22.312,20.079,61.499,25.63,20.353,15.221,14.283,13.493,12.896,12.815,13.127,24.669,29.94,75.073,59.075,38.333,24.365,33.162,59.259,59.629,56.098,56.56,58.36,51.325,50.025,29.429,26.454,72.156,63.677,59.735,61.232,44.281,38.898,36.358,29.553,34.323,20.209,35.891,30.233,27.539,28.509,26.852,24.079,24.358,22.722,31.585,31.506,30.052,25.44,29.435,36.213,44.493,53.626,58.306,72.047,76.202,97.757,90.507,79.194,63.779,36.576,58.677,39.964,40.205,46.034,36.718,42.156,36.873,33.038,36.562,35.425,39.08,38.593,52.993,37.366,36.898,51.124,56.847,49.957,41.7,44.194,38.378,47.86,39.851,32.514,39.508,41.127,43.453,40.626,39.952,41.008,40.95,62.786,62.682,55.093,59.873,57.96,52.243,45.659,45.839,41.152,41.871,44.766,40.623,37.673,34.067,39.723,32.041,34.403,31.119,27.2,25.217,28.466,33.964,25.423,59.44,59.027,64.36,66.534,66.17,65.219,68.15,67.723,62.133,62.818,63.674,65.635,63.918,63.731,70.859,66.661,61.033,54.077,57.745,50.009,46.981,46.935,47.845,38.359,38.836,41.623,36.169,40.608,49.496,54.35,47.596,50.094,46.651,46.364,46.247,46.222,45.983,46.022,45.26,45.784,45.595,45.111
2003,12,47.57,42.867,48.793,62.092,66.154,56.029,43.561,39.042,25.332,34.924,32.022,33.941,31.582,29.739,32.493,28.998,32.799,27.097,25.784,22.611,35.987,38.433,30.341,27.417,30.536,13.633,4.4556,4.8112,14.054,18.499,24.379,19.962,17.291,22.104,12.849,18.7,18.553,22.676,21.651,21.135,18.463,15.191,16.99,21.403,14.664,13.639,15.978,11.943,11.481,9.2314,11.081,11.503,6.3308,5.2867,11.006,11.483,12.416,14.448,12.471,11.885,11.275,10.909,8.7108,12.629,10.64,10.095,7.0669,7.6442,6.8208,6.9029,8.886,7.8733,7.7043,8.3424,6.1591,6.0988,6.2436,6.3777,13.243,12.825,12.722,12.857,12.269,11.213,9.2985,10.065,9.4095,7.3307,9.1164,10.527,12.28,14.854,17.118,17.403,20.759,21.96,22.205,26.05,27.969,28.32,26.867,24.162,24.742,24.093,24.116,24.035,23.96,23.856,25.225,25.287,25.72,25.945,25.732,23.775,23.633,24.49,23.579,23.715,23.505,23.617,23.686,24.028,22.954,22.706,22.39,22.695,23.633,22.26,21.773,21.387,20.488,19.799,19.266,17.29,16.638,12.853,12.488,12.501,11.346,10.956,9.5321,21.464,12.683,10.301,7.1143,6.2907,5.5653,5.7623,5.5346,4.9332,11.663,13.786,23.595,21.085,16.473,11.552,14.85,21.73,21.301,21,21.268,21.929,19.461,19.554,13.56,12.492,29.014,25.939,23.721,25.327,19.28,19.484,15.808,13.619,15.067,9.7356,15.356,13.761,12.885,14.137,12.587,11.591,11.687,11.107,31.665,30,25.348,16.936,15.408,16.197,17.687,19.639,21.107,48.679,46.822,39.675,37.275,33.416,25.834,15.89,31.55,17.057,17.444,18.683,15.901,17.492,15.917,14.772,15.837,15.47,22.423,19.618,19.795,15.936,15.666,19.915,21.399,21.085,19.836,20.905,18.974,23.734,19.44,18.297,19.076,17.639,17.254,17.262,17.211,18.524,17.858,23.763,25.048,21.825,24.911,23.223,20.216,19.457,18.556,17.103,17.075,18.657,16.695,16.134,15.47,16.718,16.485,15.131,14.121,13.802,12.022,13.231,14.978,12.099,24.927,24.782,25.141,24.878,24.847,25.419,25.106,24.582,23.636,23.073,27.755,25.788,24.242,22.445,23.641,22.775,22.245,22.449,21.647,22.533,22.074,21.387,21.765,15.999,16.139,16.89,15.46,16.697,18.877,20.199,20.847,21.209,21.667,21.226,21.785,21.203,22.228,21.749,24.231,22.112,22.749,24.542
2004,1,19.491,18.107,19.132,21.447,22.292,20.699,18.165,16.934,11.679,15.612,14.563,15.266,14.393,13.634,14.739,13.363,14.854,12.619,12.102,10.77,16.013,16.91,13.783,12.419,14.005,5.8817,1.8054,1.9596,6.2418,8.0742,10.892,8.6645,7.4919,9.5695,5.5549,8.1221,8.0338,9.7974,9.3662,9.0876,7.8501,6.2686,6.4499,11.567,5.8896,5.5752,6.5242,4.8569,4.6448,3.6064,4.4363,4.5855,2.3524,1.9644,4.5147,4.2672,4.6133,5.3684,4.6339,4.4164,4.1969,4.0537,3.2367,4.6927,3.9538,3.7509,2.6259,2.8404,2.5345,2.565,3.3018,2.9256,2.8664,4.5076,2.3258,2.2913,2.3461,2.3912,4.9207,4.7656,4.7274,4.7773,4.5587,4.1663,3.5038,3.7408,3.5612,2.7549,3.46,3.9815,4.5914,5.5862,6.7909,7.5943,9.1718,9.7768,9.9347,12.098,12.976,13.128,12.484,11.012,11.382,10.762,10.926,10.877,10.817,10.759,10.627,10.66,11.153,11.455,11.359,10.522,10.489,10.888,10.473,10.622,10.499,10.631,10.887,12.611,11.43,11.789,12.403,22.828,16.025,12.818,14.324,32.346,28.07,23.598,31.277,19.998,17.88,5.1675,4.7453,5.0765,4.2158,4.071,6.3089,9.9326,5.0106,3.9607,2.6489,2.3437,2.5428,11.654,8.945,4.5895,4.8691,6.3516,9.7793,8.3329,9.1893,5.2149,5.5178,8.3201,10.087,7.9605,8.0996,8.4679,9.1996,7.3607,6.1565,4.6416,13.028,11.235,9.8832,10.983,7.8668,18.167,5.8737,5.0604,5.5984,4.2588,5.7059,5.1132,5.035,15.142,4.6771,4.307,4.3428,4.1272,14.317,13.772,12.058,8.1429,6.6991,6.5233,6.6998,7.3121,7.9584,19.898,19.503,17.405,16.471,14.877,11.135,5.9043,14.308,6.4442,6.7693,7.0402,5.9084,6.5132,5.9142,5.489,5.8847,5.7484,10.394,8.749,7.3852,5.9216,5.8672,7.7795,8.3473,8.815,9.1709,9.1836,8.4769,14.228,8.5195,8.4683,8.3106,7.3043,6.8172,7.0296,7.0336,7.8233,7.3865,9.6256,10.631,8.6826,10.746,9.6445,7.5668,7.7994,6.9534,6.393,6.3498,7.3512,6.2035,6.0611,6.0223,6.7047,7.2019,5.6383,5.2508,5.6988,4.4669,4.9162,5.8673,4.4958,11.036,10.815,10.704,10.387,10.387,10.845,10.452,10.091,9.8079,9.322,12.354,11.07,10.05,8.5403,9.0709,8.6631,8.7908,9.5578,8.594,9.9009,9.8042,9.3565,9.5434,5.945,5.9967,6.2758,5.7446,6.2041,7.0213,7.671,8.906,8.9633,9.5651,9.2906,9.6709,9.2858,9.9645,9.6587,11.156,9.9121,10.309,11.327
2004,2,7.2425,6.7282,7.1091,8.0842,8.2832,7.6914,6.7495,6.2924,4.3395,5.8011,5.4113,5.6724,5.348,5.0662,5.4766,4.9652,5.5193,4.689,4.4967,4.0018,5.95,6.2835,5.1214,4.6146,5.6972,2.1855,0.67085,0.72813,2.3193,3.0002,4.0472,3.2195,2.7838,3.5558,2.0641,3.018,2.9852,3.6405,3.4803,3.3768,2.9169,2.3293,2.3966,5.5461,2.1884,2.0716,2.4243,1.8047,1.7259,1.34,1.6484,1.7039,0.87408,0.72993,1.6775,1.5856,1.7142,1.9948,1.7219,1.641,1.5639,1.5062,1.2027,1.7437,1.4691,1.3937,0.97572,1.0554,0.94175,0.95308,1.2269,1.0871,1.066,2.3888,0.86422,0.8514,0.87174,0.8885,1.8284,1.7708,1.7566,1.7751,1.6939,1.5481,1.3019,1.39,1.3233,1.0237,1.2856,1.4794,1.7061,2.0757,2.5234,2.8219,3.408,3.6328,3.6915,4.4955,4.8216,4.8782,4.6386,4.092,4.2291,3.9987,4.0598,4.0416,4.0193,3.9977,3.9486,3.9611,4.1444,4.2564,4.2209,3.9098,3.8973,4.0457,3.8913,3.9467,3.9011,3.9502,4.0779,5.5847,4.7437,5.0935,5.6298,11.142,7.9264,5.9629,7.0339,14.161,12.915,11.428,13.791,10.081,9.2251,2.023,1.7632,2.1052,1.5665,1.5127,3.6004,4.6547,1.8618,1.4717,0.98426,0.87085,1.2068,6.8155,5.4983,2.9707,2.1164,3.0154,4.1857,3.3833,4.7856,2.4455,2.0503,3.0917,4.7493,2.9712,3.0096,3.1465,4.3873,2.7582,2.8905,1.7247,4.9785,4.1748,3.6723,4.0815,2.9231,9.2823,2.1825,1.8803,2.0802,1.9463,2.1202,1.9,2.0173,8.1447,1.7379,1.6004,1.6137,1.5336,5.3197,5.1172,4.4804,3.0257,2.4892,2.4239,2.4895,2.717,2.9572,7.3934,7.2468,6.4672,6.1203,5.528,4.1376,2.1939,5.3166,2.3945,2.5153,2.616,2.1954,2.4202,2.1976,2.0396,2.1866,2.136,3.8621,3.2509,2.7442,2.2003,2.1818,2.8907,3.1017,3.2754,3.6368,3.4124,3.1498,6.74,3.1657,3.1466,3.088,2.7141,2.5331,2.612,2.6135,2.907,2.7447,3.5766,3.9502,3.2263,3.993,3.5837,2.8117,2.8981,2.5837,2.3755,2.3594,2.7315,2.3051,2.2522,2.2377,2.4913,2.676,2.0951,1.9511,2.1176,1.6598,1.8267,2.3579,1.6705,4.2186,4.0479,3.9772,3.8596,3.8598,4.0298,3.8838,3.7495,3.6444,3.4638,4.5905,4.1135,3.7343,3.1734,3.3705,3.219,3.2664,3.5515,3.1933,3.6789,3.643,3.4767,3.5461,2.209,2.2282,2.3319,2.1345,2.3053,2.609,2.8504,3.3093,3.3306,3.5542,3.4522,3.5935,3.4504,3.7026,3.589,4.1453,3.6831,3.8305,4.2088
2004,3,2.6911,2.5001,2.6416,3.073,3.0778,2.858,2.508,2.3381,1.6125,2.1555,2.0107,2.1077,1.9872,1.8825,2.035,1.845,2.0508,1.7423,1.6709,1.487,2.2109,2.3348,1.903,1.7147,2.4013,0.81208,0.24927,0.27056,0.8618,1.1148,1.5039,1.1963,1.0344,1.3213,0.76696,1.1214,1.1092,1.3527,1.2932,1.2547,1.0839,0.8655,0.89053,2.0608,0.81317,0.76976,0.9008,0.67059,0.6413,0.49793,0.61252,0.63311,0.32479,0.27123,0.62334,0.58917,0.63696,0.74121,0.63981,0.60976,0.5811,0.55968,0.44689,0.64792,0.54589,0.51788,0.36255,0.39218,0.34993,0.35414,0.45588,0.40393,0.39611,0.88762,0.32112,0.31636,0.32392,0.33015,0.6794,0.65798,0.6527,0.6596,0.62942,0.57524,0.48377,0.51649,0.49169,0.38037,0.47771,0.54973,0.63393,0.77128,0.93762,1.0485,1.2663,1.3499,1.3717,1.6704,1.7916,1.8126,1.7236,1.5205,1.5714,1.4858,1.5085,1.5018,1.4935,1.4855,1.4672,1.4719,1.5399,1.5816,1.5684,1.4528,1.4482,1.5033,1.4459,1.4665,1.4495,1.4678,1.5152,2.0752,1.7626,1.8926,2.0919,4.1402,2.9452,2.2157,2.6136,5.262,4.799,4.2466,5.1244,3.746,3.4278,0.75172,0.65518,0.78224,0.58207,0.56207,1.3378,1.7296,0.69181,0.54685,0.36573,0.32359,0.4484,2.5325,2.043,1.1039,0.78641,1.1204,1.5553,1.2572,1.7782,0.9087,0.76184,1.1488,1.7647,1.104,1.1183,1.1692,1.6302,1.0249,1.0741,0.64087,1.8499,1.5513,1.3646,1.5166,1.0862,3.4491,0.81098,0.69868,0.77297,0.7232,0.78781,0.70598,0.74958,3.0264,0.64576,0.59466,0.59961,0.56984,1.9767,1.9014,1.6648,1.1243,0.92494,0.90066,0.92504,1.0096,1.0988,2.7472,2.6927,2.4031,2.2742,2.0541,1.5374,0.81521,1.9755,0.88975,0.93464,0.97204,0.81577,0.89928,0.81658,0.75786,0.8125,0.79367,1.4351,1.208,1.0197,0.81759,0.81072,1.0741,1.1525,1.2171,1.3514,1.268,1.1704,2.5044,1.1763,1.1692,1.1474,1.0085,0.94125,0.97057,0.97113,1.0802,1.0198,1.329,1.4678,1.1988,1.4837,1.3316,1.0447,1.0769,0.96005,0.88267,0.87671,1.015,0.85652,0.83685,0.83149,0.92572,0.99436,0.77848,0.72498,0.78684,0.61674,0.67877,0.87615,0.62073,1.5675,1.5041,1.4778,1.4341,1.4342,1.4974,1.4431,1.3932,1.3542,1.2871,1.7057,1.5285,1.3876,1.1791,1.2524,1.1961,1.2137,1.3196,1.1866,1.367,1.3537,1.2918,1.3176,0.82082,0.82796,0.8665,0.79315,0.85659,0.96943,1.0591,1.2297,1.2376,1.3206,1.2827,1.3353,1.2821,1.3758,1.3336,1.5403,1.3686,1.4233,1.5639
2004,4,29.525,1.8178,6.0334,31.272,13,10.785,14.446,16.829,41.399,16.01,20.823,19.08,17.935,13.999,15.635,19.362,9.6292,9.7381,16.867,7.2515,36.366,12.892,12.883,12.519,30.423,8.3878,0.18971,2.4567,7.3884,4.9257,0.96657,14.141,2.1673,17.133,17.953,31.563,29.863,39.039,35.231,43.701,49.176,50.024,34.634,89.464,59.13,65.329,65.236,69.779,85.968,89.38,86.077,73.235,82.897,92.186,55.516,39.028,4.8657,25.928,12.088,14.135,12.359,15.217,14.687,46.195,38.471,29.064,45.243,41.426,52.09,43.687,20.398,16.902,32.883,38.014,56.804,42.459,46.242,49.157,41.54,50.379,45.626,51.521,48.039,53.405,48.436,48.54,29.732,34.194,26.819,32.808,41.133,27.971,11.974,14.473,10.557,9.825,9.2003,37.919,42.133,42.788,36.806,34.05,23.992,52.236,52.735,59.883,44.735,34.363,33.839,30.342,37.668,51.956,61.615,55.291,43.757,54.013,57.269,40.288,26.198,41.799,18.158,59.605,38.255,23.095,7.0781,58.825,56.039,21.333,8.7334,59.985,41.442,4.7478,38.415,3.1509,20.492,0.27932,0.26568,3.7177,0.21628,0.20885,15.874,15.581,17.948,7.2361,4.3568,6.8677,13.544,24.85,23.89,16.75,8.7152,9.9254,15.501,12.19,22.776,14.129,8.1715,49.919,66.215,49.678,43.154,41.15,59.667,48.028,39.957,12.37,75.432,65.446,56.18,59.12,27.986,46.275,14.759,12.67,1.0801,21.671,0.29273,4.1903,13.793,26.488,0.23995,0.22096,0.2228,0.21174,2.5315,3.6135,0.79724,2.0773,6.7297,13.48,32.268,27.547,36.449,1.9205,4.6412,11.069,31.836,40.039,29.631,7.9428,5.788,10.138,9.5797,6.5742,1.0547,7.4946,2.3926,0.28442,10.855,2.5206,8.3979,2.7908,6.3698,5.791,38.347,15.226,16.203,20.643,66.874,31.748,45.2,88.181,52.164,35.13,48.965,32.506,34.473,33.01,36.244,45.744,46.372,40.646,45.328,28.668,50.745,26.64,22.671,43.765,24.678,31.099,44.791,63.333,18.992,60.111,24.45,52.544,29.023,32.271,18.299,37.868,32.847,32.51,67.097,24.252,55.535,48.469,49.186,23.244,30.938,43.965,9.1195,22.327,10.264,16.344,37.959,28.079,15.383,9.1907,14.587,13.937,12.639,8.0959,13.692,16.275,17.969,12.766,12.275,26.246,14.144,19.724,34.093,34.084,20.814,12.732,9.0874,10.991,7.4463,10.913,5.8906,12.045,22.004,18.663,27.747,3.848,7.8218,25.385
2004,5,13.541,1.1665,4.1442,12.899,7.4772,6.5515,8.0342,8.8704,14.567,8.5901,10.101,9.5863,9.2256,7.868,8.4592,9.6656,6.0525,6.1129,8.8733,4.9035,20.227,7.441,7.4886,8.8313,12.52,7.3599,0.12901,2.0374,5.0097,3.6075,0.59649,7.9203,1.7045,8.9551,9.2063,12.689,12.325,14.141,13.436,14.917,15.733,15.836,33.869,31.738,19.429,19.454,22.789,18.942,21.158,21.046,20.18,18.7,19.906,20.983,16.791,14.083,3.6136,11.476,7.1382,7.925,7.7208,8.7748,9.1062,17.645,16.614,13.973,19.245,18.322,20.728,18.802,11.435,10.277,16.215,18.066,21.582,18.352,19.305,20.005,16.262,18.339,17.597,18.977,19.146,19.831,19.831,19.311,14.892,16.391,14.011,15.839,18.039,13.577,7.1188,8.0407,6.4912,6.1645,5.8765,15.138,16.193,16.354,14.959,14.973,11.771,22.235,20.458,21.963,18.912,16.187,37.739,35.237,35.417,36.98,40.218,23.134,20.014,26.684,22.977,18.336,14.017,23.392,25.323,45.62,41.72,36.408,24.257,69.32,60.886,39.403,31.719,74.931,72.99,41.742,74.126,42.058,69.512,40.753,44.56,62.876,24.341,11.253,91.154,76.838,42.584,36.849,40.889,50.735,61.343,71.094,68.943,65.351,57.993,63.243,65.652,64.046,76.521,71.692,68.213,49,53.708,56.429,55.596,54.336,69.301,69.196,88.073,85.572,62.689,58.992,62.806,55.905,65.937,72.469,72.214,80.597,57.213,79.576,39.008,70.487,82.851,81.097,22.889,12.976,3.5756,14.228,37.143,40.258,25.885,32.063,33.23,32.804,39.602,33.055,40.457,1.2101,3.2704,6.687,16.685,26.954,40.694,63.403,16.672,60.289,57.406,42.973,43.027,52.7,46.418,33.541,60.501,39.386,46.156,26.838,21.508,36.061,50.115,22.179,26.394,21.995,28.11,21.215,21.69,30.988,27.276,17.872,26.374,20.02,19.206,19.006,20.179,25.254,21.061,50.455,51.368,27.974,51.079,34.549,15.086,23.795,15.133,16.688,19.568,22.789,9.5388,18.14,11.037,20.084,12.132,12.816,9.3129,13.891,12.922,12.858,18.655,10.977,53.246,51.11,45.812,30.096,34.083,44.364,20.287,29.055,11.657,14.534,58.798,44.496,29.603,12.627,19.858,15.99,11.811,5.7008,10.94,9.1282,9.264,7.3998,7.2059,12.459,8.1198,10.727,15.056,16.351,12.849,9.8097,5.8287,6.8896,5.0148,6.644,4.1637,7.1137,10.489,9.4397,12.295,2.8862,5.2022,11.64
2004,6,29.429,1.4218,9.1687,30.092,26.722,19.393,10.831,12.097,45.12,12.163,20.457,16.354,16.875,12.236,11.69,8.0053,2.4419,2.3104,4.3195,1.8745,32.7,11.046,9.5789,13.91,8.0047,11.155,0.047937,0.75703,1.8615,1.3405,0.22164,2.943,0.63337,3.6924,7.2713,7.7062,7.5977,10.588,8.9311,9.4017,8.8976,7.6883,40.175,37.797,20.598,16.793,26.257,13.332,14.149,11.82,11.022,9.4881,8.999,9.4727,8.952,7.2514,1.3467,7.5978,8.1782,13.322,20.161,17.411,24.381,10.813,10.994,10.264,11.601,14.379,11.631,11.895,18.927,17.251,12.609,14.202,10.081,8.7045,9.2431,9.7291,11.989,12.871,13.936,15.444,16.031,12.113,11.204,11.105,8.9449,9.2108,8.5409,10.371,15.038,17.009,15.234,11.275,16.709,19.053,17.536,32.166,34.314,34.595,32.743,34.873,31.866,47.69,42.78,43.968,42.271,40.203,70.186,70.041,67.295,65.555,66.253,49.747,46.525,53.848,48.071,43.278,39.829,51.305,59.692,69.538,67.589,65.758,60.911,77.689,76.046,67.424,64.78,78.672,77.813,69.083,77.385,66.716,72.93,64.426,64.504,65.243,61.578,56.271,71.252,53.715,70.757,64.829,60.261,60.654,62.293,59.74,60.508,58.451,50.788,52.085,46.443,45.351,47.206,47.353,43.854,78.36,75.015,74.806,75.641,78.509,65.365,67.915,50.419,39.994,75.188,73.381,73.573,72.125,63.245,72.221,51.217,43.458,42.17,50.945,49.493,51.255,52.431,67.689,49.562,54.614,43.916,56.842,47.245,48.931,47.815,55.913,64.586,68.606,70.039,65.276,73.285,15.94,20.741,18.667,32.803,39.285,40.952,36.825,35.06,39.312,40.264,33.284,31.68,36.027,33.466,35.144,39.94,40.475,46.534,50.848,57.143,39.989,42.317,52.921,63.554,49.997,39.586,39.795,33.408,39.152,42.092,28.249,41.565,34.157,35.94,35.268,35.979,41.617,32.165,80.062,71.3,56.383,63.803,54.438,37.474,42.512,34.947,31.212,25.585,25.158,6.6647,12.483,6.0301,27.747,8.4638,6.9641,4.1305,7.8033,6.7081,6.5361,10.814,5.8918,73.587,73.863,71.207,69.075,70.464,71.217,63.913,64.582,47.9,45.704,67.389,64.475,56.834,44.918,54.993,48.849,41.307,27.774,37.286,27.477,22.931,18.679,20.734,20.352,17.376,22.572,22.001,28.33,31.586,33.181,20.819,24.971,15.098,16.364,13.109,16.848,23.437,21.187,27.677,10.261,15.464,27.314
2004,7,25.49,3.2146,10.473,26.623,26.396,18.836,13.827,19.544,27.422,19.744,22.851,21.637,20.355,16.332,17.294,11.653,2.5815,2.146,5.2613,2.7973,34.058,16.115,14.747,19.465,7.8881,14.308,0.017812,0.2813,0.69168,0.49809,0.082357,1.0935,0.23534,1.5854,5.7272,4.5169,4.4806,6.1167,5.1372,5.3475,5.0763,4.3263,26.812,22.069,16.805,15.415,17.69,10.468,12.79,10.081,8.0987,6.3794,6.0514,6.1707,9.8752,5.9956,0.54835,6.5433,7.9346,11.742,16.51,14.794,18.277,9.2588,9.4118,9.4674,9.4128,12.277,8.8111,9.8111,15.739,15.178,11.285,12.276,5.6173,5.3857,5.7804,6.2755,17.904,17.906,20.469,22.13,21.616,13.939,10.766,9.7232,9.8779,7.753,9.2757,13.086,20.154,24.351,23.553,18.957,21.702,22.769,23.321,27.171,27.191,26.998,26.834,28.139,26.722,30.951,29.725,29.979,29.331,28.537,32.024,32.155,32.652,32.867,32.991,30.998,29.916,31.143,30.382,29.237,27.892,30.423,30.957,33.691,32.988,32.238,30.513,34.781,34.639,32.461,31.339,34.989,34.504,31.577,34.175,31.87,34.53,33.643,34.374,37,31.771,28.749,37.115,49.344,32.066,31.279,30.885,30.58,32.858,39.03,38.166,37.398,41.409,44.068,51.029,50.22,50.576,47.275,49.632,37.745,36.907,41.297,42.268,42.69,43.548,45.95,50.109,54.154,35.137,34.218,38.703,33.315,39.764,35.881,49.803,52.582,48.133,46.86,40.953,45.763,46.909,38.79,35.797,30.001,27.019,29.797,28.206,28.461,26.2,27.411,29.194,30.102,31.095,29.901,34.32,26.576,29.038,28.645,35.877,40.442,45.513,52.006,38.944,47.593,45.482,46.127,48.885,49.751,47.15,41.599,46.705,38.91,35.439,29.23,31.574,36.383,32.435,26.702,31.06,24.923,18.986,19.875,16.394,18.525,20.714,14.173,20.56,17.868,18.126,17.864,18.222,20.687,19.841,38.803,33.704,27.187,29.647,25.202,17.94,20.812,20.504,22.742,19.926,19.763,10.256,12.1,8.5036,18.601,13.048,7.44,3.9924,10.039,5.566,4.8535,7.3906,4.0969,33.444,33.523,32.397,31.804,32.266,32.627,29.775,29.432,27.467,25.206,31.781,29.381,25.882,20.557,23.309,23.134,25.015,23.444,25.074,25.542,26.211,25.246,24.834,33.26,33.071,33.619,32.581,32.666,29.238,26.641,23.368,24.973,23.061,24.696,22.244,25.072,26.906,26.495,27.015,20.828,23.094,26.538
2004,8,12.132,2.2393,5.7198,12.572,12.465,9.4907,7.4527,9.9232,12.816,9.9993,11.153,10.704,10.196,8.5784,9.019,6.5735,1.7633,1.4689,3.336,2.0543,15.183,8.5226,7.9634,9.9474,4.4219,8.0267,0.0066186,0.10452,0.25701,0.18508,0.030602,0.40634,0.087449,0.5891,2.8707,1.8594,1.8432,2.4036,2.0217,2.1331,2.1218,1.9289,14.717,10.704,8.4675,7.9674,8.6134,5.378,6.7549,5.448,4.2136,3.2335,3.2421,3.2818,5.6342,3.3337,0.23133,3.6296,4.9697,7.7362,13.314,11.622,15.616,7.7257,9.8583,10.224,13.128,14.202,12.609,13.153,14.319,15.739,14.52,15.462,10.175,10.305,10.615,11.018,13.484,13.962,15.967,16.996,18.899,14.014,14.678,11.751,14.588,12.718,14.308,16.629,19.783,22.183,24.129,24.239,27.454,29.089,29.416,34.952,36.665,36.871,35.57,33.302,33.274,33.366,33.5,33.459,33.108,32.658,28.095,28.941,29.696,30.163,29.595,33.257,32.649,31.732,32.719,32.632,31.782,31.985,30.493,29.914,29.611,28.845,27.606,25.131,26.549,27.985,26.653,24.788,24.045,22.865,23.392,22.276,23.079,21.532,21.728,23.254,19.269,17.302,22.494,33.397,21.923,20.806,19.185,18.057,19.341,22.705,22.46,22.237,25.802,28.713,33.675,32.332,31.219,28.892,30.655,25.181,25.751,26.722,26.706,26.402,29.096,28.685,31.811,32.829,22.661,22.607,24.296,23.233,26.293,24.841,30.708,32.161,29.957,28.887,25.707,28.069,29.203,25.355,22.57,18.289,17.144,18.033,13.93,13.609,12.757,14.863,18.799,21.658,23.458,23.823,24.811,12.397,13.248,13.085,15.602,17.612,21.105,29.298,17.949,25.697,24.455,24.582,28.241,26.951,27.367,26.822,28.5,25.924,18.141,17.464,24.193,25.577,20.399,18.995,21.389,14.688,8.9193,10.239,7.5837,9.0897,10.231,6.7746,10.099,8.6513,8.3362,8.3239,8.5216,10.064,9.9015,24.125,21.318,16.297,18.91,16.944,12.954,11.306,13.759,14.046,10.813,9.969,6.6872,6.5491,5.1853,9.1654,7.4496,4.3532,2.5021,5.8676,3.1043,2.5972,3.6829,2.0664,25.58,26.384,26.075,28.748,28.567,26.325,28.79,28.811,30.544,30.811,21.126,23.226,21.601,21.956,28.762,27.299,29.719,29.89,28.696,30.743,30.204,28.852,29.349,20.935,21.55,22.526,21.212,23.651,24.498,26.493,28.047,28.957,28.497,28.385,28.322,28.479,30.597,29.79,33.029,28.159,29.856,33.214
2004,9,34.105,9.5112,12.283,14.732,15.964,14.04,7.5674,16.006,15.163,17.31,16.694,17.038,14.398,10.999,12.959,6.1116,0.65766,0.5458,1.2485,0.84491,42.815,17.215,10.104,14.406,1.6912,5.1789,0.0024593,0.038838,0.0955,0.068771,0.011371,0.15099,0.032494,0.2189,1.0667,0.69089,0.68487,0.89314,0.75121,0.79259,0.78841,0.71672,13.378,4.5796,3.1745,2.9775,3.2502,1.9983,2.51,2.0244,1.5657,1.2015,1.2047,1.2194,2.0935,1.3702,0.085958,1.5713,2.3185,3.7456,6.8451,5.9906,7.9937,4.2803,5.5023,5.7047,7.2662,7.6363,7.0517,7.2572,7.4765,8.2317,7.9164,8.6975,6.0636,6.1302,6.2592,6.4262,13.879,13.465,15.908,17.053,16.952,10.327,8.729,6.773,8.6482,7.1517,8.2765,10.931,15.912,20.972,21.589,15.847,19.536,20.562,19.978,22.207,22.982,23.083,22.691,23.924,23.785,29.012,26.428,26.564,26.87,26.839,40.717,41.997,37.735,34.698,33.944,30.773,29.718,30.65,29.411,27.988,27.887,30.713,35.823,36.697,36.677,36.64,36.393,36.199,36.995,37.034,36.86,36.407,36.326,35.5,35.419,31.516,30.503,16.972,16.235,19.625,9.3774,8.0821,62.839,37.287,53.111,58.746,66.26,67.084,73.123,96.354,91.611,85.051,69.134,54.661,41.042,49.771,64.36,71.584,59.351,41.3,38.982,45.691,47.771,49.078,47.953,50.939,63.254,62.739,30.433,29.895,37.353,31.073,41.199,35,53.927,58.364,40.963,67.752,21.239,30.583,40.625,32.059,15.764,8.5705,8.1384,8.4337,13.563,11.785,13.99,31.541,41.549,41.225,36.999,30.043,36.501,49.041,49.829,51.405,54.223,56.84,60.936,64.757,52.967,54.662,50.096,57.041,61.173,62.989,57.015,46.523,54.536,41.232,27.73,23.222,35.579,40.347,26.921,25.028,31.564,16.95,5.0172,8.0758,4.2025,6.5154,6.77,4.7717,6.3596,4.4919,3.2955,3.6263,3.7849,5.6264,4.462,40.757,29.718,21.349,20.884,19.095,17.707,10.286,16.955,15.694,9.4204,5.0368,7.7468,3.1621,2.461,3.529,2.9339,2.0868,1.232,2.3178,1.4595,1.2995,1.7168,0.96839,35.438,37.391,36.531,43.384,42.739,36.593,44.021,42.727,37.217,37.347,22.61,30.037,29.437,35.699,47.641,43.751,37.644,26.87,34.008,23.234,20.104,19.119,20.481,31.706,34.047,35.107,30.495,34.087,35.61,35.746,22.946,24.81,19.258,18.442,18.949,18.329,19.547,18.991,21.024,18.661,19.5,21.254
2004,10,40.81,36.662,49.338,31.099,25.265,32.809,16.482,20.968,26.36,22.518,23.487,22.775,21.748,19.413,20.053,11.46,2.4328,0.40827,1.1355,1.2192,28.49,21.374,12.66,15.163,4.4144,4.8491,0.00091383,0.014431,0.035485,0.025554,0.0042252,1.8565,0.012074,0.081336,0.39635,0.87668,0.35237,0.33187,0.27913,0.29538,0.29365,0.42091,10.808,3.7687,2.3773,3.194,1.424,1.338,3.4105,3.1384,1.8213,1.2824,1.9542,2.1778,5.0849,19.293,26.086,33.598,26.601,23.371,14.742,16.617,11.065,23.702,13.255,12.231,6.7483,7.6616,6.5656,6.7715,10.596,7.2972,5.8612,5.3787,5.4224,5.441,5.6251,5.9508,52.525,48.935,49.591,50.84,40.805,28.419,12.98,13.724,12.214,6.4535,10.409,18.851,34.146,51.71,52.082,35.754,41.928,43.832,44.663,36.115,33.113,32.2,34.764,46.04,43.675,58.046,51.085,51.356,52.45,52.658,76.674,78.449,71.596,66.03,64.654,61.696,59.615,59.92,58.839,55.559,55.93,55.833,54.387,58.965,53.122,52.424,51.342,52.61,57.527,51.625,49.965,47.633,44.753,43.545,41.898,38.379,37.058,24.331,22.889,25.119,11.666,7.209,41.114,29.768,27.924,29.223,31.414,32.985,32.888,30.508,30.585,31.352,30.302,30.516,26.057,27.702,29.839,31.371,30.801,40.848,38.061,41.773,42.632,43.8,38.118,41.313,34.271,34.884,53.163,54.738,48.204,58.854,44.518,46.521,37.247,35.275,29.576,32.362,21.201,26.779,32.486,34.474,18.729,8.5573,8.3626,8.6515,26.981,26.264,26.841,30.586,29.275,27.946,30.614,33.295,38.495,32.742,32.214,29.442,30.673,32.004,33.599,35.448,34.188,34.711,34.465,32.871,33.873,34.681,32.874,34.972,34.316,33.805,31.821,29.764,35.808,30.409,20.821,29.898,37.141,29.072,9.2279,22.792,5.7527,10.019,20.483,5.6675,18.14,4.0491,1.7452,3.6112,4.3077,13.06,7.3737,44.751,48.806,46.982,47.727,45.616,49.205,36.959,50.576,49.607,47.208,33.451,58.785,31.178,22.679,2.1185,6.9581,29.098,27.079,11.254,24.025,31.544,37.377,30.154,67.093,68.145,72.028,83.283,82.779,72.946,80.044,73.684,70.164,62.286,46.705,53.895,53.393,58.891,64.203,64.867,63,52.695,61.192,48.624,46.771,48.538,48.168,78.273,80.279,79.964,74.821,73.782,72.033,67.581,49.683,53.43,46.971,48.292,46.262,48.24,45.377,46.606,40.333,45.11,43.504,39.462
2004,11,60.594,57.552,61.178,43.724,45.506,55.605,36.548,35.817,47.159,36.203,39.252,37.38,37.315,34.975,34.573,23.392,14.448,7.2113,11.801,5.6464,43.697,41.883,24.942,23.202,24.08,5.2624,0.00033956,0.34732,2.979,1.8166,0.50064,11.559,0.56539,2.525,2.8443,8.5686,5.8182,2.7542,4.1416,4.0451,2.6925,2.2278,6.3083,7.5547,1.8407,3.003,3.141,1.7116,3.8286,3.9357,3.2705,2.891,3.029,3.1989,5.4267,11.358,12.442,15.019,12.543,11.427,8.1554,8.9333,6.5072,11.902,7.6097,7.1245,4.1666,4.6981,4.071,4.1823,6.3006,4.4204,3.4839,2.9373,3.4181,3.4231,3.5341,3.7345,20.534,19.605,19.839,20.245,17.596,13.454,7.3375,7.7709,6.9864,3.9875,6.1305,9.9114,15.806,22.841,25.427,20.638,24.732,26.777,27.958,22.626,20.611,19.946,21.604,27.285,25.771,31.267,28.538,28.553,28.942,28.938,36.892,37.463,35.615,33.661,32.948,32.129,31.28,31.346,30.953,29.917,29.901,28.168,24.806,27.008,23.421,22.919,22.241,22.598,25.413,22.174,21.19,19.922,18.572,18.046,17.431,16.307,15.908,11.664,11.157,11.971,6.7158,4.3792,25.583,13.803,25.521,25.103,23.657,23.269,22.715,20.523,19.254,18.818,14.199,14.376,12.175,12.773,13.564,14.527,14.038,32.216,28.982,30.02,30.87,32.732,23.8,26.111,17.294,15.795,33.493,32.973,31.621,31.945,22.312,20.105,18.494,16.276,13.653,16.068,10.486,12.615,14.748,15.216,9.5736,5.1499,5.0705,5.2145,49.07,51.233,47.382,35.612,29.585,26.81,26.229,26.65,30.338,53.93,54.454,58.33,52.759,44.418,32.13,18.241,38.637,22.322,24.249,20.218,17.109,19.747,17.064,20.014,18.259,20.444,38.196,34.992,25.956,16.445,11.474,23.528,29.844,26.115,10.601,23.424,5.9925,11.879,20.879,4.6888,18.694,3.1946,0.99026,3.3011,4.119,13.819,7.1853,35.052,34.06,38.041,30.645,29.728,33.931,31.736,32.067,27.817,24.809,23.158,23.075,16.953,13.724,1.2523,6.2759,15.321,14.141,8.6735,12.709,14.701,16.272,13.687,32.064,31.958,35.207,38.577,38.409,35.949,37.791,35.431,35.174,31.858,28.197,29.533,29.682,31.015,30.574,31.006,31.116,29.775,30.645,29.058,29.454,30.769,29.809,27.409,28.145,29.014,26.669,27.885,29.953,30.521,27.955,29.695,29.642,30.954,29.41,31.028,29.06,29.953,25.647,28.96,27.832,24.991
2004,12,22.878,22.774,24.136,20.863,21.784,23.511,20.371,28.861,31.497,30.999,30.787,30.477,29.53,28.323,28.701,21.251,11.047,7.1501,10.841,6.9852,17.803,18.5,13.592,12.491,19.669,3.5498,0.00012617,0.75901,4.031,2.2608,0.76842,9.6942,0.69988,2.5777,2.8456,7.6306,5.6112,2.5221,3.8734,3.3806,2.2073,1.8069,2.768,4.7467,0.87019,1.559,2.3382,1.1201,2.1528,2.2987,2.1762,2.0418,1.9132,1.9733,2.9272,5.0931,5.2587,6.5151,5.157,4.5626,3.0445,3.3796,2.4179,4.9236,2.8635,2.6533,1.5482,1.7457,1.5127,1.5541,2.3411,1.6425,1.2945,1.0914,1.2701,1.272,1.3132,1.3877,8.8902,8.4386,8.4865,8.6737,7.3785,5.4656,2.7289,2.919,2.5966,1.4817,2.278,3.8258,6.6143,10.275,11.707,9.7479,11.619,12.512,13.008,10.722,9.7765,9.4519,10.24,12.689,12.042,14.247,13.163,13.166,13.322,13.318,16.374,16.584,15.9,15.161,14.884,14.574,14.241,14.263,14.111,13.705,13.696,12.9,11.115,12.2,10.303,10.01,9.6156,9.8809,11.35,9.5397,8.9415,8.7323,7.3154,6.9911,6.6314,6.1331,5.9662,4.3339,4.1457,4.448,2.4954,1.6272,11.895,5.1755,12.145,11.97,11.306,11.069,10.807,9.8701,9.1633,8.8125,5.5315,5.5829,4.5239,4.7463,5.0464,5.5948,5.2163,14.615,13.431,13.815,14.137,14.816,11.135,12.155,7.3703,5.97,15.217,14.918,14.415,14.514,10.018,8.4221,7.9104,6.348,5.0733,6.7148,3.8962,4.6873,5.514,5.6866,3.5573,1.9136,1.8841,1.9376,18.231,18.565,17.911,15.451,13.607,12.627,12.401,12.55,13.937,21,20.722,20.185,19.341,17.756,14.511,7.9234,16.61,10.518,11.482,9.4759,7.2865,9.0366,7.3991,9.2009,8.0874,9.5564,16.169,15.243,12.228,7.2816,4.962,11.299,13.753,12.369,5.8234,11.363,3.3371,6.5041,10.36,2.4015,9.4582,1.6121,0.40884,1.7468,2.2116,7.2939,3.834,15.594,15.283,16.46,14.053,13.708,15.212,14.361,14.576,12.917,11.637,11.15,10.466,7.9891,6.4679,0.47592,3.1663,7.0653,6.4021,4.1737,5.8085,6.7072,8.4111,6.2548,14.501,14.439,15.746,16.992,16.931,16.024,16.706,15.824,15.735,14.441,13.078,13.55,13.621,14.12,13.815,14.023,14.116,13.674,13.942,13.42,13.599,14.1,13.732,11.999,12.351,12.841,11.66,12.35,13.471,13.805,12.942,13.642,13.673,14.168,13.585,14.195,13.45,13.794,12.063,13.413,12.968,11.78
2005,1,9.4124,9.6887,10.277,9.2531,9.8231,10.334,9.5277,13.39,16.562,14.412,14.658,14.284,14.114,13.792,13.633,10.772,5.4594,3.7321,5.6457,3.964,6.8998,7.8611,5.9615,5.2976,11.571,1.5622,4.6883e-05,0.53139,2.5182,1.2493,0.45931,7.3214,0.36098,1.5184,2.1952,6.4946,4.5445,1.8703,3.084,3.7455,4.2797,2.6039,1.0285,24.947,16.232,19.431,16.044,11.667,23.588,18.843,12.732,7.2446,7.6705,9.8488,12.969,4.4109,1.9974,4.0797,1.9162,1.8873,1.3723,1.951,1.788,11.131,5.5939,3.2956,5.3672,5.3917,6.4922,5.2975,2.297,0.79056,1.6765,1.6231,3.1413,1.532,2.1093,2.7476,23.286,27.264,25.856,30.49,23.007,18.473,8.587,8.9467,2.8,2.0398,1.7905,5.3732,14.896,16.042,8.8406,7.3245,7.2449,7.1648,7.889,22.475,25.682,26.231,21.906,16.152,11.314,17.047,21.324,24.7,16.625,12.086,6.0842,6.1624,5.9079,6.4921,7.6406,17.039,13.051,12.493,18.798,13.254,8.2394,10.021,4.1301,6.7166,3.975,3.7195,3.5729,3.7213,4.2173,3.5447,3.3225,3.5755,2.7279,2.6002,2.4677,2.2789,2.2169,1.6104,1.5404,1.6528,0.92724,0.60464,4.4198,1.9231,4.5127,4.4476,4.2012,4.1131,4.0156,3.6675,3.4049,3.2745,2.0554,2.0745,1.681,1.7636,1.8751,2.0789,1.9383,5.4305,4.9906,5.1335,5.2529,5.5052,4.1375,4.5165,2.7386,2.2183,5.9785,5.5433,5.3562,5.393,3.7226,3.1295,2.9393,2.3588,1.8851,2.4951,1.4477,1.7417,2.0489,2.113,1.3218,0.71105,0.70008,0.71996,6.7743,6.8983,6.6552,5.7414,5.0561,4.6921,4.6079,4.6632,5.1786,8.5578,8.3005,7.5916,7.2666,6.6497,5.3919,2.9442,6.2964,3.9083,4.2665,3.521,2.7075,3.3578,2.7493,3.4188,3.0051,3.5509,6.008,5.664,4.5437,2.7057,1.8438,4.1983,5.1103,4.5959,9.0408,4.4891,2.4867,13.286,7.6465,0.89235,6.6713,0.89625,1.7887,1.6192,2.3199,5.8306,10.029,5.7944,5.6787,6.1314,5.2216,5.0936,6.4922,9.8386,8.8191,12.564,16.121,26.961,8.4408,22.061,7.6915,14.382,13.739,7.81,2.9398,12.356,3.5272,3.7188,14.889,2.629,5.3882,5.3652,5.8508,6.3139,6.2912,5.9543,6.2076,5.8799,5.8467,7.0876,4.8595,5.035,5.0614,5.2468,5.7858,6.4198,7.2153,6.1785,7.9652,9.5431,10.858,8.6931,8.2912,30.44,21.31,23.667,33.65,29.882,16.357,9.3501,7.0892,7.8278,8.1614,8.768,8.4809,8.9207,12.957,11.365,16.283,8.9812,9.0572,15.081
2005,2,3.4974,3.6001,3.8186,3.4383,3.65,3.8397,3.5403,4.9753,7.2171,5.5138,5.7705,5.4902,5.5207,5.4672,5.2444,4.1873,2.0286,1.3868,2.107,1.4729,2.5638,2.921,2.2151,1.9685,5.2189,0.58047,1.742e-05,0.19745,1.0575,0.48059,0.17067,3.87,0.13413,0.73642,1.2756,3.6409,2.5588,1.1261,1.8164,2.5108,3.0829,1.928,0.38217,16.233,8.6502,9.6788,8.9813,6.962,10.869,9.5177,7.3791,4.867,5.0987,6.1561,7.4661,2.8227,0.74217,2.3629,0.71203,0.81569,0.65287,1.1171,1.1558,6.6479,3.8604,2.3317,3.8382,3.8359,4.4911,3.7956,1.5993,0.40137,1.2626,1.2531,2.4044,1.1442,1.6147,2.0988,11.024,12.084,11.721,12.877,10.897,9.4616,5.5236,5.693,1.9613,1.5313,1.1838,3.6296,8.1939,8.616,5.0571,4.2853,4.0169,3.8449,4.2983,10.835,11.724,11.859,10.649,8.6356,6.4344,8.9779,10.521,11.564,8.8188,6.7649,2.2607,2.2898,2.1952,2.8882,3.8973,8.9712,7.2055,6.9239,9.6513,7.3281,4.4589,5.6636,1.5346,3.555,1.565,1.3821,1.3276,1.3828,1.5671,1.3171,1.2345,1.3286,1.0136,0.96616,0.91692,0.84679,0.82375,0.59838,0.57239,0.61413,0.34454,0.22467,1.6423,0.71457,1.6768,1.6526,1.5611,1.5283,1.4921,1.3628,1.2652,1.2167,0.76372,0.77083,0.62461,0.65532,0.69676,0.77247,0.72021,2.0179,1.8544,1.9075,1.9518,2.0456,1.5374,1.6782,1.0176,0.82427,7.9819,5.3091,2.2144,3.4195,1.3832,1.1628,1.0922,0.87646,0.70047,0.92711,0.53795,0.64718,0.76131,0.78514,0.49116,0.26421,0.26013,0.26752,2.5172,2.5633,2.4729,2.1334,1.8787,1.7435,1.7122,1.7327,1.9243,3.1799,3.0843,2.8209,2.7001,2.4709,2.0035,1.094,2.3396,1.4522,1.5853,1.3083,1.006,1.2477,1.0216,1.2704,1.1166,1.3194,2.2324,2.1046,1.6883,1.0054,0.6851,1.56,1.8989,1.7077,7.1004,1.8258,1.5875,13.81,4.4318,0.33158,3.8783,0.50816,1.5022,1.1331,1.6393,3.5543,6.1758,2.1531,2.1101,2.2876,3.167,1.8927,2.8788,5.4308,4.7527,7.0251,8.6353,12.119,4.9235,10.639,4.8109,8.0052,7.766,4.8331,1.4134,7.1991,1.9736,1.961,8.1534,0.99162,2.2423,1.9936,2.4232,2.3461,2.3376,2.231,2.3066,2.1849,2.1725,3.5071,2.9763,1.9474,1.8807,1.9496,2.5195,3.0314,3.6568,2.889,4.2366,5.3342,6.0903,4.7212,4.4903,13.033,10.503,11.25,13.752,12.914,8.7086,5.1786,3.7303,4.1766,4.4077,4.7637,4.636,4.8622,7.1946,6.3569,8.6955,4.9825,5.0745,8.2068
2005,3,6.5874,1.3377,1.4189,1.3055,1.3563,1.4267,1.3155,1.8487,2.6817,2.0488,2.1442,2.04,2.0514,2.0315,1.9487,5.3505,0.76919,1.2055,4.1853,2.1839,6.0431,1.1879,1.1357,0.94024,18.407,3.4515,5.2416,11.683,26.741,29.871,12.099,55.613,24.59,37.186,20.695,50.72,45.205,38.899,42.483,38.885,28.796,6.4497,0.14201,14.579,3.2142,3.6393,10.146,8.055,5.2044,3.838,5.8422,3.6378,1.8946,2.2875,2.7742,1.0489,0.27577,0.87798,0.26457,0.30309,0.24259,0.41508,0.42945,2.4702,1.4344,0.8664,1.4262,1.4253,1.6688,1.4103,0.59425,0.14914,0.46914,0.46561,0.8934,0.42514,0.59998,0.77985,4.0964,4.49,4.3553,4.7849,4.049,3.5157,2.0524,2.1154,0.72876,0.569,0.43987,1.3487,3.0447,3.2015,1.8791,1.5923,1.4926,1.4287,1.5971,4.026,4.3565,4.4064,3.9568,3.2088,2.3909,3.336,3.9095,4.297,3.2769,2.5137,0.84004,0.85084,0.8157,1.0732,1.4647,3.3335,2.6774,2.5728,3.5862,2.7229,1.6568,2.1045,0.57023,1.3209,0.58152,0.51354,0.49331,0.5138,0.58228,0.48942,0.45873,0.49366,0.37664,0.359,0.34071,0.31465,0.30608,0.22234,0.21269,0.2282,0.12802,0.083482,0.61024,0.26552,0.62306,0.61408,0.58006,0.56789,0.55443,0.50637,0.47011,0.45211,0.28378,0.28642,0.23209,0.2435,0.2589,0.28703,0.26761,1.9714,5.1651,2.3573,1.4468,1.2966,4.3508,1.906,0.66985,0.30628,4.9836,3.4012,0.956,2.0112,0.51398,0.43208,0.40583,0.32567,0.26028,0.34449,0.19989,0.24048,0.28288,0.29174,0.1825,0.098174,0.09666,0.099405,0.93532,0.95245,0.91888,0.79271,0.69809,0.64783,0.63621,0.64385,0.71501,1.1816,1.146,1.0482,4.3338,6.6052,2.0705,0.4065,0.86934,0.53962,0.58907,0.48615,0.37382,0.46361,0.3796,0.47204,0.41491,0.49027,0.82952,0.78202,0.62734,0.37357,0.25457,0.57966,0.70558,0.63455,3.482,0.67843,0.58988,10.059,1.6469,0.12321,1.4411,0.18882,0.55817,0.42102,0.60914,1.3207,2.2948,0.80002,0.78405,0.85001,1.831,0.70327,1.0697,2.018,1.766,2.6104,3.2087,5.4283,1.8294,5.6634,1.7876,2.984,2.8857,1.7959,0.52517,2.675,0.73335,0.72867,5.4611,0.36846,0.97561,0.74076,1.0481,0.87176,0.86861,0.84025,0.85708,0.81184,0.80725,1.3032,1.7339,0.76989,0.69882,0.72442,0.9362,1.1264,1.3588,1.0735,1.5742,1.9821,2.263,1.7543,1.6685,4.8427,3.9028,4.1802,5.11,4.7986,3.2359,1.9243,1.3861,1.5519,1.6378,1.7701,1.7226,1.8067,2.6734,2.3621,3.2311,1.8514,1.8856,3.0495
2005,4,18.567,0.49706,2.2107,13.157,0.6564,1.2962,0.51159,0.68694,0.99646,0.76129,0.79673,0.75803,0.76224,0.75486,0.72409,5.5581,0.2952,0.83739,3.2666,1.6711,33.888,2.449,3.4938,7.0367,16.887,14.442,4.977,10.469,25.573,34.116,23.246,46.627,30.255,50.502,29.621,50.008,49.559,60.824,57.232,59.163,54.211,38.95,79.218,118.84,44.513,42.977,65.394,46.034,46.758,36.697,42.935,36.047,16.377,16.555,20.221,18.762,0.10247,9.8923,0.70768,0.77888,0.090141,0.15423,0.15957,10.431,0.77287,0.32194,0.52993,0.52963,0.62009,0.52405,0.22081,0.055417,0.17432,0.17301,0.33197,0.15797,0.22294,0.28978,56.801,59.381,59.418,68.436,46.819,25.766,2.5507,2.9547,0.27079,0.21143,0.16345,1.681,24.427,37.135,15.896,1.5251,2.6621,2.24,2.3625,12.371,12.061,11.852,10.63,19.834,9.9786,55.137,45.227,53.234,39.661,29.913,88.962,83.807,79.198,85.797,98.349,64.379,49.716,67.891,63.57,40.136,26.591,56.149,53.063,115.02,94.834,77.569,52.589,154.99,138.46,83.286,66.778,166.9,151.42,84.529,153.5,81.548,126,62.999,64.855,85.041,38.163,22.4,77.427,69.222,70.356,55.988,58.504,71.167,86.173,107.03,104.03,92.698,70.089,69.087,69.422,67.907,92.816,84.579,72.053,209.79,235.39,203.22,187.9,181.92,205.06,177.79,134.14,88.88,156.15,139.4,150.3,129.43,114.85,145.09,107.23,95.532,54.918,100.68,42.436,74.982,101.34,131.91,31.252,23.461,11.657,25.927,7.6325,9.2008,6.0098,27.221,50.839,76.918,155.97,194.69,201.89,0.43904,1.7114,10.897,36.109,50.45,57.344,57.359,11.407,51.309,48.48,36.39,35.752,45.759,41.546,48.277,81.344,74.877,31.795,49.809,137.25,91.946,113.83,144.5,154.56,135.04,152.4,131.11,113.59,177.91,165.85,96.865,157.89,82.806,77.188,89.984,97.998,138.77,91.576,167.92,124.99,131.4,109.16,69.858,75.99,148.77,105.29,118.24,113.18,113.3,35.207,52.828,16.259,64.995,22.339,19.834,8.2944,24.125,18.075,17.847,50.65,8.8233,125.27,118.46,110.03,78.818,90.004,101.99,51.391,68.246,30.2,33.626,79.039,68.352,50.346,42.429,51.077,50.951,33.12,7.0533,31.983,8.8763,6.8838,6.0497,4.5159,108.7,90.712,97.859,109.29,104.85,77.747,47.69,6.7338,10.833,4.1353,6.6956,4.4512,7.094,8.5938,8.5091,8.6055,4.7532,3.6383,6.7771
2005,5,125.05,75.281,73.302,98.249,73.278,78.142,113.34,99.705,77.428,92.27,84.068,90.023,93.802,107.72,109.09,165.06,144.45,164.62,182.69,186.1,172.78,144.02,174.76,185.48,223.47,242.66,255.4,261.04,233.78,207.32,175.14,209.67,212.5,149.9,243.69,177.43,168.47,107.04,130.59,128.54,142.51,130.3,277.63,290.83,208.38,179.96,268.91,165.78,154.91,140.95,128.87,127.58,122.8,128.09,117.28,48.392,0.72764,33.68,4.7226,2.7288,0.033494,0.05731,0.059294,26.213,1.7183,0.11962,0.19691,0.1968,0.23041,0.19473,0.082047,0.020592,0.064774,0.064287,0.12335,0.058699,0.082839,0.10767,68.616,65.576,63.334,65.625,48.818,34.569,3.5349,5.5819,0.10062,0.078561,0.060733,3.9624,33.248,52.72,41.342,11.72,19.412,19.44,19.093,31.289,30.465,30.075,29.638,42.944,34.365,69.669,59.603,62.38,58.951,55.221,128.19,125.61,117.67,112.34,115.38,73.931,68.53,84.181,71.722,61.89,56.568,76.976,96.327,118.55,114.09,113.29,109.76,153.06,144.63,119.78,120.86,155.62,156.98,147.9,158.16,154.72,165.36,176.15,179.82,185.76,181.98,176.75,183.63,140.17,227.21,222.8,221.75,222.78,226.63,239.69,238.13,231.21,201.47,172.97,156.29,171.17,196.87,208.72,198.37,284.48,285.6,277.55,274.27,274.14,266.01,257.89,230.51,212.78,189.28,178.15,214.63,161.18,189.38,162.86,227.68,218.68,193.62,221.48,183.36,199.83,202.61,180.74,181.57,176.85,166.22,178.28,125.95,132.74,140.11,183.71,214.16,234.98,267.74,288.53,288.22,100.36,118.49,152.78,170.93,177.91,186.48,199.69,148.52,192.43,190.15,192.17,198.69,194.06,202.99,207.5,216.76,223.23,171.25,205.38,275.81,240.79,253.78,264.13,267.49,221,226.7,175.9,236.31,220.48,166.84,225.99,174.09,265.59,284.76,252.56,244.21,199.45,210.34,258.82,191.43,158.98,147.97,121.82,91.155,124.46,97.672,111.66,123.22,116.06,78.477,87.812,70.196,243.53,120.7,63.374,41.477,84.105,38.181,34.83,55.205,16.649,143.79,141.43,136.54,124.48,127.2,136.48,115.9,113.12,77.732,69.184,152.5,131.64,114.87,85.223,88.404,84.274,69.105,36.986,65.252,33.922,27.467,26.263,25.089,93.164,90.603,92.47,90.792,89.88,85.94,75.488,32.125,39.506,23.131,26.508,23.257,26.829,28.351,28.281,27.857,23.252,21.008,25.537
2005,6,126.52,149.59,134.67,147.52,147.84,146.74,197.26,241.58,233.9,251.37,243.91,246.58,246.11,251.8,251.66,260.31,226.46,242.4,249.12,259.41,166.36,176.12,217.1,223.3,255.01,262.67,282.61,282.31,267.82,252.04,242.5,250.45,254.25,222.3,246.42,236.49,232.44,199.03,211.39,199.24,190.97,160.21,163.54,137.36,111.34,110.25,160.91,148.87,111.74,110.57,128.63,134.08,109.37,105.62,104.49,100.51,64.165,102.86,62.832,49.168,15.59,21.351,0.39163,76.379,35.082,19.893,2.956,4.4576,4.0641,2.4701,3.07,0.0076514,0.37564,2.2415,0.22737,0.021811,0.030781,0.058579,113.4,108.3,106.28,106.96,91.745,78.201,34.618,41.195,14.418,0.045845,5.3573,43.707,79.535,105.62,109.44,82.804,99.372,103.19,103.68,99.779,95.889,94.684,97.471,113.04,107.46,132.31,121.89,122.94,122.7,121.68,193.13,190.5,183.84,176.64,179.31,133.86,130.8,146.19,131.16,125.89,124.54,144.58,180.28,194.05,199.64,204.01,208.79,249.42,232.53,214.89,224.27,260.56,269.7,268.04,273.59,264.03,262.86,226.71,223.24,229.23,194.92,179.61,76.319,60.797,148.25,137.3,119.24,107.84,109.86,124.43,125.4,123.1,102.09,82.253,72.531,94.946,130.2,151.7,170.41,235.45,231.05,244.64,246.35,247.11,244.41,253.33,239.37,258.9,233.53,228.88,242.2,222.86,253.15,251.08,258.27,257.15,214.56,197.1,183.28,218.14,250.64,256.02,201.67,179.35,176.47,184.74,75.476,82.162,88.215,104.27,135.72,163.02,191.95,214.58,228.93,111.39,117.41,138.46,150.03,163.7,192.26,246.07,155.26,218.37,207.4,236.86,245.55,236.59,237.27,225.98,240.18,220.85,144.3,151.99,227.42,230.69,198.86,209.55,223.42,200.58,159.34,180.92,150.27,160.35,183.33,148.5,180.54,143.66,133.32,145.19,148.28,170.56,141.68,244.26,232.92,211.17,223.12,207.21,167.99,184.49,167.91,163.84,165.21,162.09,138.96,127.94,112.82,116.61,105.61,117.81,107.46,103.32,99.161,105.59,121.15,88.039,216.41,215.55,202.01,188.54,189.81,202.66,185.76,178.6,150.62,137.07,236.58,208.65,194.38,156.25,148.63,145.51,135.88,118.55,133.06,113.49,109.43,110.83,109.8,134.66,134.12,136.83,131.52,133.79,138.83,136.54,112.48,118.09,108,110.85,107.43,110.94,108.53,109.83,102.97,106.35,103.46,101.05
2005,7,43.942,37.782,32.448,34.351,33.301,33.937,38.68,34.921,33.211,34.277,33.839,34.131,34.488,35.443,35.294,38.662,44.682,44.991,43.861,41.691,53.82,48.506,48.283,48.222,46.066,44.15,43.22,43.969,46.078,48.449,46.921,50.477,48.485,47.993,44.052,46.822,46.431,44.822,45.988,46.366,46.785,45.824,39.095,38.265,38.713,40.566,40.355,43.854,42.715,43.364,44.634,44.856,43.273,43.107,42.794,41.826,33.95,42.658,34.648,32.053,26.944,25.226,8.0876,39.965,31.235,25.672,16.142,17.604,16.99,14.71,13.893,5.236,16.557,27.635,10.124,5.4842,7.2992,8.6374,51.456,50.672,52.174,52.801,52.397,46.983,37.834,35.968,30.772,10.654,23.976,42.742,51.572,57.521,67.365,72.307,82.509,85.364,85.866,111.66,121.33,123.4,115.86,100.34,105.18,99.05,102.5,102.45,101.41,100.67,79.006,82.383,88.486,88.923,81.457,98.318,96.69,91.841,93.682,98.651,93.234,91.778,80.881,73.735,68.006,62.814,61.592,63.991,66.358,62.078,60.677,60.979,57.806,55.97,54.844,56.836,58.454,71.994,73.53,69.693,83.614,89.728,38.379,32.818,36.698,36.46,36.365,36.245,36.836,38.027,37.9,37.751,35.277,35.328,31.026,34.101,37.381,39.505,41.853,42.329,41.517,43.165,43.632,44.14,42.531,45.006,42.601,44.997,66.729,70.542,56.619,70.888,57.731,61.371,47.979,45.844,50.136,42.904,61.666,58.517,56.013,58.934,70.824,85.387,84.488,86.867,42.791,43.1,40.62,37.999,37.005,37.165,38.484,39.26,40.982,47.034,49.389,59.234,58.069,55.05,51.032,44.976,47.271,46.409,46.421,46.357,44.012,45.837,44.161,42.417,44.009,42.108,45.586,40.945,40.514,41.753,41.571,41.126,42.009,43.192,42.032,44.779,41.102,44.234,45.117,42.366,44.527,38.491,36.618,38.742,39.318,42.7,40.88,47.348,59.324,48.546,67.201,63.385,51.976,47.344,50.664,50.829,50.181,48.24,51.518,47.362,44.859,37.283,41.942,45.392,42.972,42.856,41.623,42.513,45.766,38.868,73.223,73.761,77.168,82.597,82.593,80.475,80.088,75.999,78.736,71.873,74.463,71.608,66.753,58.842,62.43,61.574,68.121,77.655,69.15,83.893,84.204,79.134,80.666,59.156,59.765,60.067,58.61,60.166,61.511,64.278,78.703,76.968,81.606,78.873,83.06,78.935,86.765,83.388,100.16,85.894,90.03,101.96
2005,8,58.417,45.528,45.635,61.381,71.507,61.052,55.072,48.472,30.308,42.896,39.391,42.022,39.501,37.61,41.023,42.427,47.567,47.481,47.864,46.635,52.763,51.562,46.551,44.928,46.547,39.83,41.92,42.033,40.148,38.385,38.648,37.322,38.176,39.486,38.237,40.794,41.194,42.161,41.369,40.425,39.176,37.558,20.094,20.184,24.7,27.539,25.9,34.633,30.993,32.558,35.828,36.074,34.018,33.387,32.579,40.952,43.745,41.524,47.125,50.035,56.831,53.731,52.565,47.926,55.345,54.428,58.505,58.786,58.537,57.48,54.445,51.195,59.865,65.439,54.055,49.59,51.741,53.163,35.536,37.14,37.805,37.923,43.825,48.055,59.329,56.745,58.779,55.848,58.524,57.698,49.512,37.886,37.176,44.067,40.61,40.364,40.995,48.95,51.718,52.213,49.987,43.985,44.918,40.575,42.625,42.453,41.875,41.455,32.033,31.947,34.275,35.089,34.104,39.37,39.218,38.431,38.96,40.425,39.097,39.26,40.561,34.675,35.508,32.287,32.043,33.187,33.244,32.298,32.053,32.495,31.555,30.904,30.275,30.362,30.52,32.03,32.119,32.019,32.567,32.448,25.739,24.132,16.525,17.628,19.955,21.431,21.9,22.134,21.715,22.236,22.295,23.833,21.808,22.76,23.764,24.602,26.175,31.313,30.945,31.5,31.01,30.836,29.869,30.672,25.65,28.317,31.087,31.24,31.339,31.655,31.638,32.429,29.913,29.035,29.588,25.179,30.872,31.228,31.32,31.143,31.918,32.213,31.936,32.412,51.226,51.257,43.158,29.323,20.595,18.452,23.614,32.422,32.611,67.652,64.917,52.227,51.831,50.537,44.442,32.334,53.882,35.431,36.866,34.966,30.336,34.466,29.856,33.513,31.539,33.884,45.385,38.05,31.838,28.108,23.419,29.37,31.063,25.007,20.216,22.252,19.82,22.226,22.133,21.205,21.84,18.349,16.972,18.43,18.834,20.988,22.243,32.082,30.909,27.059,30.15,29.603,27.245,23.994,26.022,25.888,26.869,28.83,31.617,36.581,37.161,21.13,30.73,37.885,39.602,35.456,43.058,42.555,40.818,45.277,32.501,32.702,31.605,31.302,31.282,31.338,31.232,31.059,33.505,33.286,31.671,30.864,30.001,28.44,28.802,29.049,32.398,37.061,33.107,39.905,40.723,39.165,39.297,28.571,28.718,29.04,29.608,29.909,29.814,31.007,37.62,37.09,39.837,39.221,40.405,39.295,41.776,40.747,45.773,41.453,42.692,46.212
2005,9,67.019,52.883,46.987,44.578,43.988,46.506,47.184,34.596,20.118,30.538,27.498,29.494,28.589,29.054,30.832,36.309,52.408,50.725,48.49,44.297,68.3,60.662,56.066,56.91,48.801,49.477,41.869,42.326,44.183,46.863,47.043,47.599,46.614,51.015,46.706,48.904,49.38,53.339,51.909,51.977,50.694,50.326,57.153,53.505,50.24,48.872,50.48,48.701,48.091,47.726,48.844,49.279,47.916,47.555,45.579,36.864,29.946,27.421,29.276,29.505,29.379,29.564,27.748,30.813,31.73,31.082,32.171,31.583,32.468,31.696,29.07,27.226,30.722,31.536,31.713,30.076,30.779,31.303,34.711,35.514,37.084,37.888,39.748,36.761,36.68,34.388,35.632,31.372,34.376,38.236,40.584,39.584,39.286,41.46,41.612,41.838,41.928,54.038,58.898,59.873,56.225,47.784,49.825,45.373,47.043,46.773,46.318,45.929,38.183,39.332,42.898,43.153,39.994,43.949,44.043,43.911,44.189,45.029,44.768,44.327,46.141,39.686,41.753,38.713,38.715,36.685,37.816,38.654,38.754,37.742,39.099,39.823,39.361,40.124,39.465,46.472,46.961,48.45,56.921,57.538,165.69,105.32,108.22,119.88,138.99,149.52,151.37,151.19,148.05,145.11,124.65,120.6,88.133,91.629,97.633,106.03,87.542,98.538,108.16,89.86,83.968,79.62,92.654,76.124,82.238,69.004,45.431,36.817,49.055,33.645,38.87,33.736,59.116,68.523,67.629,95.997,65.053,63.476,55.091,40.636,59.88,58.299,58.251,57.377,117.36,117.05,121.18,129.22,118.44,110.65,123.58,136.72,115.63,76.991,75.537,67.532,68.675,70.148,70.148,68.476,77.705,75.229,79.437,66.182,66.71,68.198,67.357,90.562,78.081,97.307,100.88,118.68,113.9,84.068,65.344,98.676,97.14,65.078,45.759,43.688,47.399,50.914,41.611,51.369,42.362,50.263,50.774,48.529,47.818,45.326,47.855,76.105,51.586,50.122,40.881,41.486,42.269,39.973,40.066,38.751,33.11,33.435,28.72,34.029,37.722,50.728,44.839,33.657,34.132,41.462,36.117,32.281,29.167,31.43,35.498,36.516,36.119,36.949,36.555,37.505,38.986,38.547,39.313,39.133,42.66,40.421,40.027,38.784,36.778,37.683,39.056,40.554,39.363,41.978,40.773,38.061,39.498,39.148,40.692,41.527,39.317,40.285,40.074,39.183,39.962,39.852,39.517,37.615,40.088,37.546,41.547,39.749,48.406,41.369,43.598,49.458
2005,10,59.991,39.879,39.314,38.379,38.768,38.88,33.309,30.16,20.961,28.159,26.327,27.617,26.899,26.861,28.102,29.971,29.432,29.414,30.045,31.297,54.868,43.111,36.433,38.383,31.037,36.8,33.459,33.464,33.105,32.654,32.081,32.376,32.756,32.229,33.204,32.748,32.784,32.238,32.387,32.757,33.565,34.559,39.367,33.509,30.274,30.105,33.224,33.133,31.44,33.008,34.105,34.78,36.122,36.504,28.987,19.196,14.134,12.754,13.547,13.593,13.467,13.588,12.898,14.176,14.517,14.265,14.835,14.517,14.963,14.624,13.423,12.717,14.148,14.397,14.776,14.13,14.402,14.607,17.299,17.586,18.567,19.077,19.606,17.482,17.052,15.822,16.599,14.59,16,18.029,19.759,20.498,20.887,21.47,21.719,22.001,22.557,26.295,27.558,27.729,26.773,24.077,24.618,22.647,23.367,23.218,23.013,22.824,18.08,18.914,20.602,20.52,18.569,21.874,21.375,19.851,20.554,22.08,20.65,19.908,20.952,18.252,19.436,18.298,18.397,16.947,17.558,18.342,18.571,18.015,19.605,20.505,20.842,21.565,21.199,26.838,27.358,29.238,37.479,37.998,67.373,60.138,58.503,59.652,62.105,64.575,62.935,55.573,56.297,58.217,57.141,58.875,54.539,54.165,54.293,55.899,54.245,63.956,60.642,64.353,65.693,67.391,60.254,60.124,56.961,55.53,27.582,18.354,32.071,15.731,20.068,15.576,45.8,54.94,51.332,56.308,46.047,46.68,37.699,21.939,41.433,38.957,38.933,38.089,69.15,69.553,69.309,67.613,62.522,58.154,56.334,55.105,60.447,72.96,70.009,56.274,57.66,59.638,59.554,57.729,67.724,58.752,59.615,53.39,55.384,57.122,54.867,58.878,56.286,57.732,65.034,62.389,57.932,53.03,45.923,52.953,57.745,44.986,33.45,32.607,34.419,36.069,30.626,36.561,30.797,34.336,32.082,31.82,31.473,31.024,28.771,58.517,33.36,33.669,20.898,19.656,19.631,24.784,21.341,22.339,18.832,18.616,14.102,16.751,18.867,28.817,24.704,16.436,16.711,22.477,18.135,15.532,13.747,14.918,16.328,16.849,17.216,18.023,17.88,18.374,18.643,18.173,19.248,18.537,20.698,19.04,18.526,17.311,16.365,17.019,18.643,20.435,19.164,21.887,22.399,21.58,21.64,21.944,22.938,22.85,21.519,21.395,20.471,19.535,20.953,20.907,21.947,21.598,22.263,21.637,22.942,22.398,24.952,22.863,23.538,25.171
2005,11,23.346,19.828,22.587,20.176,20.449,21.324,16.974,16.769,11.177,15.874,14.485,15.361,14.465,13.989,15.007,14.649,13.643,13.478,13.802,14.355,21.247,18.368,16.165,16.804,14.212,16.21,15.049,15.055,14.945,14.796,14.587,14.696,14.832,14.639,14.991,14.834,14.848,14.634,14.696,14.838,15.133,15.478,16.955,15.093,13.899,13.833,14.997,14.97,14.348,14.92,15.312,15.544,15.961,16.073,13.389,8.5111,5.4569,4.7433,5.068,5.067,5.0042,5.0521,4.793,5.3149,5.4394,5.3402,5.6397,5.4678,5.698,5.5417,4.9934,4.7333,5.3146,5.3911,5.683,5.4204,5.5273,5.6097,7.3923,7.5016,8.0594,8.3481,8.4932,7.1749,6.7855,6.1026,6.5766,5.5788,6.2741,7.3766,8.4775,9.1777,9.4568,9.6118,9.7885,9.9514,10.276,11.796,12.302,12.36,11.973,10.836,11.048,10.139,10.463,10.388,10.294,10.204,7.7023,8.2292,9.0838,8.9875,7.8419,9.7531,9.4199,8.3483,8.8386,9.7997,8.8569,8.3326,8.9341,7.5998,8.2892,7.7828,7.8626,6.9053,7.2768,7.8219,7.9897,7.6593,8.7076,9.262,9.512,9.9077,9.7248,12.446,12.676,13.475,16.464,16.628,24.523,22.532,22.013,22.414,23.159,23.76,23.49,21.992,22.118,22.518,22.119,22.465,21.13,21.119,21.244,21.703,21.134,23.276,22.811,23.193,23.287,23.456,22.482,22.154,21.582,21.089,12.804,8.0476,14.583,6.3225,9.033,6.1389,18.785,20.975,20.214,21.659,18.954,19.089,16.517,10.093,17.668,16.928,16.918,16.655,24.776,24.841,24.741,24.293,23.032,22.052,21.972,21.977,22.9,24.826,24.24,21.515,21.812,22.208,22.121,21.568,23.812,21.966,22.241,20.702,21.045,21.481,20.95,22.253,21.487,22.139,23.746,23.405,22.363,20.86,18.844,21.068,22.092,18.629,15.022,14.735,15.348,15.915,14.039,16.064,14.102,15.34,14.576,14.479,14.355,14.19,13.316,21.884,15.054,15.15,9.4802,8.6175,8.578,11.669,9.8413,10.463,8.7106,8.5218,5.672,7.0376,8.2249,13.316,11.437,6.824,6.9714,10.31,7.8106,6.2578,5.2651,5.8711,6.5621,6.87,7.2554,7.8081,7.7402,8.0129,8.0763,7.7592,8.418,7.9059,9.2181,8.2409,7.9039,7.0847,6.5074,6.9493,8.0106,9.0725,8.3514,9.8773,10.25,9.9402,9.8865,10.201,10.682,10.597,9.9326,9.8061,9.2485,8.6673,9.4479,9.4325,10.064,9.9771,10.212,10.003,10.514,10.306,11.298,10.481,10.744,11.372
2005,12,9.3721,9.3152,18.543,41.656,35.438,25.776,21.72,58.312,46.695,64.658,57.411,60.769,49.802,38.823,47.164,29.291,6.9856,6.3891,11.4,9.1026,7.895,6.8832,6.0064,6.2441,13.287,6.0231,5.592,5.5942,5.5534,5.4978,5.4202,5.4606,5.5111,5.4395,5.5701,5.5121,5.5172,5.4376,5.4609,5.5133,5.6232,5.7514,6.3001,5.6084,5.1647,5.1399,5.5724,5.5624,5.3313,5.5439,5.6895,5.7758,5.9307,5.9725,4.9751,3.1625,2.0276,1.7625,1.8831,1.8828,1.8594,1.8772,1.781,1.9749,2.0212,1.9843,2.0956,2.0317,2.1172,2.0592,1.8554,1.7588,1.9748,2.0032,2.1117,2.0141,2.0538,2.0844,2.7468,2.7874,2.9947,3.102,3.1559,2.666,2.5213,2.2676,2.4437,2.0729,2.3313,2.741,3.15,3.4102,3.5139,3.5715,3.6372,3.6977,3.8183,4.383,4.5711,4.5927,4.449,4.0266,4.1052,3.7673,3.8877,3.8599,3.8251,3.7916,2.862,3.0578,3.3753,3.3396,2.9139,3.624,3.5002,3.102,3.2842,3.6414,3.291,3.0962,3.3197,2.8239,3.0801,2.8919,2.9216,2.5659,2.7039,2.9064,2.9688,2.846,3.2355,3.4415,3.5344,3.6815,3.6135,4.6247,4.7102,5.0068,6.1175,6.1785,9.112,8.3723,8.1794,8.3285,8.6054,8.8287,8.7283,8.1717,8.2186,8.3671,8.219,8.3475,7.8514,7.8473,7.8938,8.0643,7.8527,9.1509,9.7784,9.4773,9.3041,9.8189,9.2016,8.8436,8.0195,7.8361,5.9268,2.9903,5.4384,2.3493,3.3565,2.2811,6.9802,7.7937,7.5111,8.0481,7.0429,7.093,6.1374,3.7502,6.5652,6.2899,6.2864,6.1886,9.2063,9.2302,9.1931,9.0268,8.5582,8.194,8.1642,8.1663,8.5091,9.2937,9.0219,7.9943,8.1049,8.2521,8.2198,8.0141,8.848,8.1622,8.2641,7.6922,7.8198,7.9818,7.7846,8.2685,7.9839,8.2265,8.8236,8.6967,8.3095,7.7512,7.002,7.8283,8.2087,6.9221,5.582,5.4752,5.7029,5.9135,5.2165,5.969,5.24,5.6999,5.4162,5.3802,5.3338,5.2727,4.9478,8.2811,5.5937,5.6293,3.5226,3.2021,3.1874,4.3358,3.6568,3.8877,3.2367,3.1665,2.1076,2.615,3.0562,4.9478,4.2497,2.5357,2.5904,3.8311,2.9022,2.3253,1.9564,2.1816,2.4383,2.5527,2.6959,2.9013,2.8761,2.9774,3.001,2.8831,3.1279,2.9377,3.4252,3.0621,2.9369,2.6325,2.418,2.5822,2.9766,3.3711,3.1032,3.6702,3.8085,3.6935,3.6736,3.7903,3.9691,3.9377,3.6907,3.6437,3.4365,3.2206,3.5106,3.5049,3.7396,3.7072,3.7945,3.7169,3.9067,3.8295,4.1979,3.8944,3.9921,4.2257
2006,1,3.5385,3.8689,9.2889,16.191,14.851,12.19,10.728,18.67,16.263,19.409,18.274,18.839,17.123,15.092,16.741,12.924,4.4348,3.887,7.3249,4.9543,2.9336,2.5576,2.2318,2.3201,13.229,2.2381,2.0778,2.0787,2.0635,2.0429,2.014,2.1859,2.0478,2.0212,2.0697,2.4825,2.1738,2.0205,2.0487,2.0885,2.0895,2.1371,2.341,8.2302,1.9501,2.2424,3.5839,2.1594,2.8659,2.0968,2.1141,2.1461,2.2037,2.2192,1.8487,16.542,12.119,42.366,18.772,17.513,11.128,11.644,6.616,34.586,18.331,12.015,10.426,11.653,11.258,10.072,8.3388,5.2687,9.2964,13.908,6.3141,4.1462,5.0066,5.6961,25.047,27.918,21.935,24.435,18.599,21.841,12.078,17.609,5.3559,6.1636,4.5153,7.0061,13.432,14.886,9.0218,4.0192,6.7179,8.1535,6.7936,7.7503,5.0481,4.4893,5.628,16.406,7.1635,37.919,30.76,36.355,26.979,20.405,32.462,43.631,38.528,38.356,40.169,45.424,31.154,29.645,33.978,25.793,11.209,16.902,1.2335,23.466,3.4305,1.8411,1.0856,12.567,16.402,1.3254,1.1031,8.8455,2.0274,1.2788,1.3164,1.3679,1.3427,1.7184,1.7502,1.8604,2.2731,2.2958,9.2164,8.3355,7.9461,4.607,4.3939,5.8223,9.5807,19.704,17.42,11.673,6.2267,8.2714,5.956,4.7285,8.2695,5.2916,2.9179,56.021,65.678,51.027,45.15,45.883,43.677,35.002,12.434,2.9117,55.696,34.53,31.718,27.862,4.3969,7.3558,3.4764,2.9164,2.791,6.1773,2.617,2.6356,2.3228,2.0799,2.4395,2.3372,2.3359,2.2995,3.4209,3.4297,3.4159,3.3542,3.6515,6.2825,24.489,30.819,42.874,3.4533,3.3523,2.9705,3.0116,3.0663,3.0543,2.9779,3.2877,3.0329,3.0707,2.8582,2.9057,2.9658,2.8926,3.0724,2.9666,3.0568,3.2787,3.3436,10.388,2.889,5.5553,14.888,20.503,11.644,19.005,10.695,8.8263,38.861,19.631,8.6117,15.67,2.2123,2.0125,2.1028,2.5791,8.6351,5.5553,41.648,32.519,23.734,26.774,16.298,28.749,25.935,20.596,17.365,36.121,47.16,31.669,55.168,16.218,2.9601,2.469,32.523,19.395,7.308,21.602,37.592,82.064,30.436,29.617,27.335,39.59,39.038,45.35,45.029,30.151,54.953,35.018,60.563,13.953,31.218,27.049,52.604,95.131,77.902,53.652,22.041,43.711,18.354,14.251,13.417,13.5,11.972,5.649,10.749,17.683,26.425,29.915,34.56,12.996,18.769,7.74,11.394,5.6663,12.031,13.945,13.9,8.9847,3.2074,3.9491,7.056
2006,2,1.3148,1.4376,3.4515,6.0161,5.5181,4.5296,3.9865,6.9374,6.0431,7.212,6.7902,7.0003,6.3626,5.6077,6.2206,4.8021,2.1602,1.8852,3.2447,1.8409,1.0901,0.95036,0.8293,0.86211,6.9904,0.83161,0.77208,0.77239,0.76675,0.75908,0.74836,0.90616,0.76091,0.75103,0.76907,1.1745,0.88209,0.75077,0.77317,0.80022,0.7764,0.79409,0.86985,5.2651,0.74346,1.0284,2.1156,0.8582,1.554,0.80149,0.78554,0.79746,0.81885,0.82461,0.68703,8.7835,7.1343,14.739,9.486,9.0881,6.7239,6.9409,4.5415,13.638,9.9941,7.3104,7.7704,8.0068,8.5696,7.5225,5.4682,3.76,5.9355,7.8342,5.1799,3.2099,3.9755,4.6498,11.272,11.975,10.45,11.13,9.4598,10.412,7.3481,9.7464,3.7518,4.5877,3.2261,4.6926,7.6468,8.1972,5.7031,2.7385,4.4653,5.2511,4.4952,4.993,3.3352,2.9444,3.7306,8.7447,4.6854,14.11,12.679,13.823,11.802,10.03,12.982,15.046,14.194,14.16,14.453,15.377,12.742,12.387,13.319,11.5,6.7272,8.905,0.45835,10.863,2.373,1.1132,0.40338,7.3091,8.7305,0.63793,0.4099,6.0523,1.2971,0.47517,1.4449,0.5083,0.58154,0.63853,0.65132,1.1847,1.647,1.3363,8.8437,6.1218,25.732,14.107,7.345,6.3247,13.922,50.708,45.305,25.838,8.7131,10.299,4.4384,3.4942,8.3865,5.5301,1.0842,27.766,32.621,23.378,21.121,21.066,23.444,16.213,11.582,1.0819,17.367,13.41,13.036,11.939,3.0309,4.9119,1.7798,1.0961,1.0371,9.0944,0.97241,0.99232,0.88876,1.177,0.90645,1.0236,0.86796,1.2107,1.2711,1.2744,1.2693,1.2463,4.6244,17.982,31.73,26.567,26.622,1.2832,1.2456,1.1038,1.119,1.1394,1.1349,1.1065,1.2216,1.1269,1.141,1.0621,1.0797,1.102,1.0748,1.1416,1.1023,1.1358,1.2183,1.3098,8.7037,1.0788,3.3978,9.8177,12.996,6.8196,9.6369,6.429,5.4899,15.049,9.8282,5.3597,8.4881,0.87897,0.74781,0.8438,1.2987,5.414,3.6319,18.225,13.157,11.041,11.738,8.6997,12.188,11.567,10.084,9.0709,13.736,15.609,12.771,16.689,8.6709,1.7047,1.409,12.975,9.6945,4.7858,10.353,13.95,19.498,12.511,12.345,11.825,14.335,14.252,15.306,15.264,12.495,16.685,13.515,17.394,7.847,12.731,11.776,16.347,20.608,19.187,16.52,10.492,15.063,9.392,7.9595,7.6367,7.6697,7.0442,3.7913,6.5051,9.1738,11.657,12.466,13.431,7.4709,9.5208,5.0286,6.7977,3.819,7.0707,7.8413,7.8244,5.652,2.0816,2.6321,4.6153
2006,3,0.48856,0.53417,1.2825,2.2354,2.0504,1.6831,1.4813,2.5778,2.2455,2.6798,2.5231,2.6012,2.3642,2.0837,2.3114,1.7843,0.80269,0.70051,1.2057,0.68404,0.40504,0.35313,0.30815,0.32034,2.5975,0.30901,0.28689,0.287,0.28491,0.28206,0.27807,0.33671,0.28274,0.27907,0.28577,0.43642,0.32776,0.27897,0.28729,0.29734,0.28849,0.29507,0.32322,2.8518,0.27625,0.38213,0.78612,0.31889,0.57742,0.29782,0.29189,0.29632,0.30427,0.30641,0.25528,3.2637,2.6509,6.6721,3.5318,3.637,3.3096,3.2805,2.8144,7.2669,5.4946,3.6228,5.1795,5.4686,5.6685,4.9419,3.1686,2.0412,3.5777,5.0976,2.8625,1.4508,2.012,2.5627,8.2412,10.241,8.3913,10.829,6.8782,6.1678,3.9656,5.3798,1.5679,2.6693,1.3644,1.9169,3.5571,3.8634,2.1191,1.0176,1.6592,1.9512,1.6703,2.5675,1.6575,1.4224,1.6132,4.5031,1.741,11.789,10.606,13.879,7.6828,4.6219,6.646,7.4506,8.3611,10.966,12.261,13.243,7.2043,7.1658,9.5378,6.1022,2.4997,3.5849,3.492,24.023,29.518,19.011,8.1381,40.247,37.988,21.604,15.41,71.445,90.752,52.031,122.55,49.659,73.976,10.265,8.6416,7.1581,1.6559,0.77546,6.7743,4.2662,11.853,7.8813,4.636,3.6888,7.5815,18.026,16.919,12.045,5.1274,5.9913,2.4106,1.7576,4.576,3.2182,0.40287,12.899,14.786,10.875,9.7964,9.7195,11.075,7.1214,6.0629,0.40202,19.255,15.851,6.371,10.929,1.1394,9.8878,0.66133,0.40729,0.38535,5.3533,0.36133,0.37663,0.33024,22.304,0.33681,0.47324,0.32251,0.65845,0.91628,2.2763,0.47572,0.46311,3.0656,9.3429,14.128,12.538,12.52,0.4768,0.46285,0.41013,0.41581,0.42336,0.4217,0.41115,0.45393,0.41875,0.42397,0.39464,0.40118,0.40949,0.39937,0.4242,0.4096,0.42205,0.45268,0.4867,4.428,0.40087,1.2626,4.4851,6.1213,2.534,3.5808,2.3889,2.0399,6.2392,3.6519,1.9916,3.154,0.3266,0.27787,0.31354,0.48257,2.0117,1.3495,8.1548,6.1671,4.1026,11.297,4.4624,4.5289,4.298,3.7468,3.3705,6.4804,8.5525,5.3521,13.376,3.2219,0.63341,0.52356,5.1867,3.6022,1.7783,3.8468,5.7954,23.381,4.6629,9.4642,9.9417,11.11,5.5434,7.1055,11.536,4.6427,7.9776,5.022,8.4057,9.4522,9.2799,5.064,6.2109,11.495,9.5945,7.47,3.8987,6.6591,3.6239,3.185,3.0607,2.8881,6.867,2.0092,4.3726,10.183,11.96,7.5795,5.9162,2.776,3.5397,1.8685,2.6819,1.419,2.8704,3.5158,3.2768,2.4067,0.77346,0.97802,1.7455
2006,4,0.409,0.19848,0.63963,1.4962,0.76188,0.6254,0.86957,0.95784,0.83436,0.99575,0.93751,0.96653,0.87848,0.77425,0.85887,0.66302,1.1176,0.53859,1.8567,0.25417,0.1505,0.13122,0.1145,0.11903,6.0954,0.11482,0.1066,0.10664,0.10586,0.10481,0.10333,0.12511,0.10506,0.10369,0.10618,0.16216,0.12179,0.10366,0.10675,0.11049,0.1072,0.10964,0.1201,2.5373,0.10265,0.14199,0.2921,0.11849,0.21456,0.11066,0.10846,0.1101,0.11306,0.11385,0.094858,1.2127,0.98502,3.1188,1.3166,1.5053,1.6816,1.6143,1.653,3.7009,2.7827,1.7805,2.7367,2.9859,2.9192,2.6028,1.7814,1.1237,2.0405,2.9546,1.3384,0.62407,0.92377,1.2192,4.7225,5.8584,4.8946,6.2319,4.0193,3.3949,2.0653,2.735,0.68644,1.4252,0.60603,0.81579,1.7246,1.8906,0.78742,0.37811,0.61652,0.72502,0.62065,1.355,0.85898,0.72128,0.73424,2.3401,0.6469,6.5653,6.0132,7.6202,4.2982,2.2115,3.385,3.6994,4.4838,6.1113,6.7941,7.2481,3.843,3.8623,5.34,3.1857,0.92882,1.4951,2.7484,11.298,12.319,9.5406,5.4073,14.784,14.461,10.276,8.3658,19.137,20.666,16.081,23.307,15.754,18.634,6.379,5.6396,4.8262,0.95533,0.28814,3.515,2.3207,4.4043,2.9285,1.7226,1.3707,2.8171,6.6979,6.2868,4.4756,1.9052,2.3508,1.0627,0.65308,1.7003,1.1958,0.1497,4.7931,5.4943,4.0407,3.6401,3.6115,4.1154,2.6462,2.2563,0.14938,9.9097,8.5006,3.1419,6.2373,0.43142,6.066,0.24573,0.15134,0.14319,1.9892,0.13426,0.13995,0.12271,10.489,0.12515,0.17584,0.11984,0.24466,0.59783,1.7533,0.17925,0.17208,1.1391,3.4716,5.2495,4.6587,4.6523,0.17717,0.17198,0.1524,0.1545,0.15731,0.1567,0.15277,0.16867,0.1556,0.15754,0.14664,0.14907,0.15216,0.1484,0.15762,0.1522,0.15682,0.16821,0.18085,1.6453,0.14895,0.46913,1.6666,2.2745,0.94158,1.3306,0.88765,0.75799,2.4934,1.357,0.74001,1.1719,0.12136,0.10325,0.1165,0.17931,0.74751,0.50146,3.0302,2.9696,1.5244,6.4427,2.3138,1.6828,1.597,1.3922,1.2524,3.1309,4.4439,2.3342,7.2498,1.1972,0.23536,0.19454,2.141,1.3385,0.66078,1.4294,2.5018,11.298,1.7412,5.38,5.6999,6.1794,2.2065,3.382,6.353,1.7251,3.8614,1.866,4.0879,5.6954,5.2347,2.2702,2.3898,5.8727,4.7295,3.4783,1.4487,3.0505,1.427,1.3186,1.2698,1.0964,4.2634,1.0887,2.5945,6.0047,6.7837,4.1479,2.7076,1.0315,1.3165,0.69429,1.0899,0.52729,1.2107,1.6494,1.4335,1.0747,0.2874,0.36341,0.66715
2006,5,0.28707,0.073752,0.33523,0.93253,0.2831,0.23238,0.51072,0.35591,0.31003,0.37,0.34836,0.35914,0.32642,0.28769,0.31914,0.24636,0.87127,0.36446,1.4274,0.094445,0.055923,0.048757,0.042546,0.044229,4.7614,0.042664,0.03961,0.039626,0.039337,0.038943,0.038393,0.046489,0.039037,0.03853,0.039456,0.060256,0.045254,0.038517,0.039666,0.041054,0.039832,0.04074,0.044626,1.4939,0.038142,0.052761,0.10854,0.044029,0.079725,0.041119,0.040301,0.040912,0.04201,0.042305,0.035247,0.45062,0.36601,1.1589,0.48922,0.55934,0.62484,0.59982,0.61422,1.3752,1.034,0.66158,1.0169,1.1095,1.0847,0.96713,0.66194,0.41756,0.75821,1.0979,0.4973,0.23189,0.34325,0.45301,1.7548,2.1768,1.8187,2.3156,1.4935,1.2615,0.76741,1.0163,0.25506,0.52957,0.22519,0.30313,0.6408,0.70251,0.29259,0.1405,0.22909,0.2694,0.23062,0.50348,0.31918,0.26801,0.27283,0.86952,0.24037,2.4395,2.2344,2.8315,1.5971,0.82173,1.2578,1.3746,1.6661,2.2708,2.5245,2.6932,1.428,1.4351,1.9842,1.1837,0.34513,0.55553,1.0212,4.198,4.5774,3.5451,2.0092,5.4933,5.3735,3.8184,3.1085,7.2106,7.9687,5.9753,9.1407,5.8537,6.9309,2.3703,2.0955,1.7933,0.35498,0.10707,1.3061,0.86231,1.6365,1.0882,0.64009,0.50931,1.0468,2.4888,2.336,1.663,0.70793,0.87352,0.39486,0.24267,0.6318,0.44434,0.055624,1.781,2.0416,1.5014,1.3526,1.342,1.5292,0.98325,0.84047,0.055506,3.738,3.1586,1.1674,2.3176,0.1603,2.254,0.091309,0.056234,0.053204,0.73913,0.049888,0.052002,0.045596,3.8973,0.046504,0.06534,0.044529,0.090911,0.22214,0.65148,0.066605,0.063941,0.42326,1.29,1.9506,1.7311,1.7287,0.065831,0.063906,0.056627,0.05741,0.058453,0.058224,0.056767,0.062674,0.057816,0.058538,0.054487,0.055391,0.056538,0.055141,0.058569,0.056553,0.058272,0.062501,0.067198,0.61137,0.055347,0.17432,0.61926,0.84517,0.34987,0.4944,0.32983,0.28165,0.9265,0.50422,0.27497,0.43547,0.045094,0.038365,0.04329,0.066628,0.27776,0.18633,1.1259,1.1034,0.56644,2.394,0.85976,0.62531,0.59342,0.51732,0.46537,1.1634,1.6512,0.86735,2.6939,0.44484,0.087454,0.072288,0.79555,0.49736,0.24553,0.53113,0.9296,4.1982,0.647,1.9991,2.1179,2.2961,0.81989,1.2567,2.3606,0.64101,1.4348,0.69338,1.519,2.1163,1.9451,0.84356,0.88799,2.1822,1.7574,1.2925,0.53829,1.1335,0.53025,0.48996,0.47183,0.40739,1.5842,0.40455,0.96407,2.2312,2.5207,1.5413,1.0061,0.38328,0.48918,0.25798,0.40498,0.19593,0.44987,0.61289,0.53267,0.39935,0.10679,0.13504,0.2479
2006,6,30.799,16.239,16.621,20.495,6.7747,22.083,62.626,49.194,61.559,47.812,50.409,51.683,47.705,41.275,47.09,60.466,91.246,100.28,106.64,66.361,38.129,33.652,52.114,46.819,111.22,47.735,29.705,46.462,32.911,12.012,0.39954,27.324,8.1087,3.5814,41.101,25.301,18.987,1.7885,6.5773,6.7513,8.6475,0.43398,24.024,74.808,28.44,28.142,59.883,21.798,28.083,16.696,10.158,3.1573,0.84787,2.0858,11.748,49.834,40.774,71.925,49.811,52.954,46.792,50.781,49.402,86.06,65.63,54.369,59.529,61.709,63.953,59.884,49.794,40.154,41.867,40.243,46.687,38.815,41.256,45.14,91.844,100.61,93.347,101.46,87.198,85.252,61.991,70.321,44.825,44.915,43.253,50.148,70.576,78.137,60.577,38.822,43.321,50.727,56.04,56.473,47.687,44.07,47.604,61.255,34.554,60.204,57.706,65.685,48.74,38.087,41.218,40.029,46.974,52.66,63.751,62.032,45.165,49.569,56.125,41.804,20.028,35.178,29.292,56.179,44.922,37.077,25.559,57.454,54.49,34.786,26.686,54.208,31.225,20.404,25.249,7.7061,15.493,2.5125,4.0089,12.395,0.95289,0.039784,5.2926,0.32041,6.4971,0.79148,0.23784,0.53055,3.6202,10.366,9.9177,5.2271,0.26305,0.32458,0.14672,0.09017,3.8499,3.2974,1.6288,52.079,58.76,57.138,54.873,57.43,59.239,60.296,39.697,16.902,86.555,73.402,70.438,64.902,32.128,49.815,23.515,18.3,1.6229,17.743,0.20054,12.021,25.326,31.872,0.01728,0.024279,0.016546,0.033781,0.082542,0.31523,0.024749,0.023759,0.46848,2.8493,13.391,7.9828,27.073,0.024461,0.023892,2.4353,19.418,29.48,24.063,8.7937,1.3805,9.7778,8.3815,9.9316,0.97008,8.0939,1.9194,0.021763,8.8996,0.155,3.8546,0.024969,0.89691,1.5504,28.643,5.04,11.068,14.295,49.068,24.738,26.317,70.488,46.045,16.642,42.127,17.022,20.3,20.464,24.406,38.645,40.321,56.382,62.677,48.829,66.588,51.873,66.332,60.83,61.181,64.438,79.731,87.15,64.495,97.435,44.181,42.412,20.626,64.499,44.642,34.393,57.359,72.906,125.13,64.407,61.905,54.112,55.934,26.157,34.38,50.562,23.8,58.994,51.827,93.947,57.771,64.909,54.339,68.932,101.75,97.603,98.059,69.837,91.766,72.908,75.252,79.617,73.098,94.84,83.256,93.175,101.38,107.44,98.718,92.765,59.096,72.869,65.865,79.069,61.1,80.532,77.55,78.4,63.529,52.131,50.625,56.534
2006,7,15.254,10.403,15.469,17.922,9.8576,17.31,21.617,20.895,36.012,21.831,25.517,24.081,24.081,21.631,21.906,21.02,20.927,21.684,22.756,19.364,14.642,13.29,16.409,15.87,23.282,16.894,12.794,16.407,13.342,7.1134,0.37326,11.72,5.4085,2.8552,14.899,11.214,9.5054,1.5602,4.6314,4.7234,5.6654,0.40473,14.012,24.365,15.786,16.125,20.931,11.68,15.589,11.016,6.858,2.5678,0.77761,1.7929,9.7215,21.038,19.132,27.241,21.054,21.047,21.877,20.595,19.308,28.952,25.026,22.623,23.982,23.742,24.398,23.546,20.278,20.845,24.308,27.849,22.471,20.985,21.369,21.819,35.95,36.296,36.525,37.721,36.248,33,28.26,27.586,25.253,22.934,24.619,28.351,34.25,40.707,44.719,39.291,46.7,51.065,53.135,51.008,48.516,47.354,48.676,51.089,44.058,47.09,47.579,48.618,45.241,42.365,33.92,34.233,36.954,38.114,40.487,46.136,42.074,41.077,43.442,42.306,33.174,37.784,37.36,41.531,40.478,37.301,33.306,41.348,41.193,36.442,33.431,40.586,33.943,29.341,30.476,19.48,26.113,20.396,24.767,31.971,26.966,21.729,4.7268,0.11906,4.4854,0.51993,0.088376,0.39725,2.768,6.4496,6.2138,3.7431,0.097744,0.12061,0.054518,0.033505,3.3358,2.8595,2.1035,25.228,23.638,28.088,29.226,31.548,25.713,30.856,21.112,16.513,36.324,35.262,35.647,35.949,28.032,36.464,21.899,18.125,6.3281,13.274,8.4214,24.486,28.234,32.322,10.163,17.817,6.1399,21.44,0.030671,0.16135,0.0091962,0.0088283,0.35716,2.1883,7.6439,5.2683,15.451,0.0090893,0.0089665,2.0508,9.6337,12.953,12.777,8.5643,1.2272,7.7771,6.4912,7.8033,0.96854,7.309,2.0016,0.0080866,7.8512,0.13764,3.0323,0.009278,0.71205,1.4153,17.013,4.1895,9.8658,12.079,21.961,17.096,15.845,29.263,24.239,14.506,23.242,11.291,12.504,13.708,15.531,21.714,21.369,31.652,32.518,26.686,32.025,29.849,31.143,27.556,30.748,31.479,33.501,32.818,32.382,32.744,24.573,19.774,15.706,27.724,22.671,19.535,22.673,25.744,32.368,23.081,38.105,37.69,35.297,28.604,30.776,33.621,30.504,41.568,45.482,55.775,33.785,38.931,36.783,42.972,54.576,52.268,55.922,54.594,54.182,55.586,56.917,58.168,56.497,41.998,41.415,43.085,42.508,45.571,47.296,50.8,51.495,54.347,55.679,58.343,54.952,58.612,57.298,57.855,53.726,53.36,52.522,52.212
2006,8,8.6209,4.8292,8.6024,9.8498,6.0033,9.3121,9.9873,10.012,15.936,10.545,12.267,11.626,11.942,11.446,11.203,10.992,8.2146,8.569,9.2117,8.0951,18.223,5.1987,9.5776,18.436,9.2922,23.249,5.0769,6.7965,8.0194,7.3622,1.8192,13.783,5.8872,3.1602,6.6857,6.5044,5.1603,0.57972,2.4169,2.6297,3.1074,0.15039,58.565,27.209,11.992,11.468,15.341,6.1173,9.6365,6.177,3.2083,0.96137,0.28894,0.66784,6.5534,12.34,10.714,14.772,10.856,10.364,10.835,9.8674,8.7608,15.643,13.01,11.626,12.46,11.917,12.628,12.029,9.5761,10.462,13.062,14.999,12.409,11.724,11.855,11.951,24.971,24.768,25.705,26.669,25.128,20.852,16.805,15.412,15.345,12.615,14.627,18.34,23.475,27.58,27.628,23.26,25.425,26.533,27.207,27.607,27.234,26.914,27.137,29.647,27.898,35.05,31.683,32.231,31.485,30.655,70.697,60.91,57.933,60.463,67.808,35.404,37.219,51.839,45.368,33.893,41.784,50.271,61.956,72.468,76.718,80.678,79.968,84.922,81.287,81.607,81.725,87.104,86.798,85.934,87.925,84.692,88.518,93.946,97.341,114.41,112.84,105.24,61.758,132.26,40.56,30.882,29.728,39.907,48.429,49.503,49.934,56.605,77.414,88.582,143.6,137.7,153.44,133.6,163.08,120.03,111.96,141.98,147.85,150.23,151.39,166.57,179.08,217.96,101.62,88.966,119.9,82.326,112.99,94.143,183.09,209.14,187.55,146.12,155.15,178.17,172.05,112.14,134.19,111.03,100.86,108.81,4.593,7.3053,1.8043,13.849,27.433,34.781,56.21,58.992,97.621,0.0033774,0.0033318,0.76203,7.7288,30.826,80.36,180.87,36.446,144.03,129.06,137.52,165.09,155.94,158.06,117.58,161.44,110.4,53.123,23.372,77.156,119.33,104.83,64.718,88.531,63.013,33.701,43.916,25.567,36.06,44.636,23.436,42.458,24.178,17.683,22.244,24.344,37.29,25.502,131.03,105.84,83.374,82.515,69.535,48.547,51.139,45.517,41.461,34.225,32.663,23.013,20.595,16.635,16.766,12.776,17.276,14.57,13.261,13.532,15.061,17.848,12.796,78.814,76.77,72.939,58.989,60.626,68.605,54.364,50.53,38.197,31.329,88.144,67.769,58.742,37.676,31.902,32.34,31.024,28.505,31.032,28.467,28.362,28.444,28.204,36.017,36.672,37.799,34.765,35.487,35.59,33.012,27.567,28.89,27.791,28.372,27.567,28.429,28.441,28.413,27.974,27.135,27.094,27.582
2006,9,16.059,4.7044,8.3909,13.166,10.341,9.2623,6.0447,8.5932,20.291,9.498,12.296,10.708,11.693,11.366,10.207,7.7177,3.0524,3.1841,3.4228,3.2069,23.101,5.2968,8.6352,15.568,3.4664,16.051,1.8865,2.5769,4.451,4.5971,1.5321,7.746,3.812,2.201,3.1369,3.5343,2.7514,0.21541,1.2906,1.461,1.7018,0.05588,28.607,17.552,7.5875,6.7641,10.166,2.9026,5.0269,2.9074,1.4059,0.36162,0.10736,0.24815,3.4612,5.7895,4.8734,6.5484,4.6193,4.2407,4.3265,3.8985,3.2903,6.9472,5.5779,4.9097,5.3226,4.943,5.3983,5.072,3.7173,4.1901,5.6251,6.5545,5.5103,5.2114,5.2576,5.2748,13.911,13.53,14.334,14.975,13.563,10.293,7.8047,6.9571,7.1715,5.5615,6.7597,8.89,12.342,15.686,15.871,12.55,13.924,14.541,15.097,15.077,14.868,14.688,14.863,16.572,15.889,19.633,17.871,18.099,17.898,17.608,29.121,27.249,26.55,27.117,28.674,19.915,20.566,24.878,23.176,19.129,21.749,24.169,25.691,28.812,28.543,29.201,28.705,30.444,29.926,29.198,28.851,30.289,29.291,28.549,28.97,27.561,28.967,27.859,28.502,31.675,28.712,27.028,44.421,50.692,31.666,30.877,33.883,38.547,41.234,43.673,42.959,43.399,45.912,48.072,50.478,49.148,49.694,47.548,45.523,27.933,28.278,30.204,30.497,30.389,33.874,34.087,43.851,44.803,32.353,32.365,32.479,31.726,34.576,32.711,39.185,42.562,40.234,45.322,35.442,39.018,39.938,33.886,31.388,27.905,25.742,27.651,25.068,26.939,17.418,27.086,28.167,25.904,25.074,21.258,25.268,2.4852,5.4016,1.6766,18.319,31.372,40.085,43.808,35.588,43.117,42.367,39.798,40.584,42.382,40.523,36.279,39.986,34.105,37.6,23.615,22.577,32.166,35.738,22.675,24.475,26.017,24.968,27.751,20.687,23.195,26.156,17.604,24.915,19.044,14.153,16.199,16.896,22.405,16.225,29.412,31.535,31.204,31.477,29.372,27.025,28.86,26.132,24.602,20.193,18.291,13.035,10.257,8.3684,10.886,7.4307,8.3522,7.0624,6.7841,6.3883,7.0131,8.0785,5.8325,30.65,30.08,29.871,26.995,27.538,28.982,25.446,24.4,20.757,16.75,30.733,27.462,25.877,20.305,16.46,17.34,16.781,15.465,17.113,15.61,15.734,15.842,15.598,23.584,24.401,24.762,22.131,22.024,21.633,19.161,15.275,16.091,15.483,15.854,15.421,15.894,15.796,15.838,15.439,15.297,15.214,15.231
2006,10,34.162,37.539,37.904,62.281,66.619,53.484,51.766,40.49,46.147,35.181,38.083,36.03,37.49,37.678,36.026,34.94,50.76,38.951,34.687,29.091,40.552,42.234,54.826,57.131,45.365,54.251,23.666,22.009,32.072,38.491,36.448,43.515,36.676,41.844,38.792,41.997,39.53,38.518,41.98,43.123,42.661,31.53,60.19,51.839,40.915,39.282,44.249,38.167,38.055,36.079,36.278,33.003,25.365,27.637,33.679,18.895,19.612,45.676,25.557,23.123,24.25,22.862,14.507,42.411,31.81,27.224,20.565,19.145,18.357,16.539,17.012,13.502,17.087,18.488,18.288,18.235,17.96,17.783,40.722,38.401,37.035,36.505,30.16,30.738,20.53,26.066,20.567,17.038,19.967,23.806,27.81,33.366,34.16,28.102,30.641,33.859,35.858,25.469,21.846,20.751,23.752,34.587,31.252,44.027,37.484,37.8,38.575,38.725,69.402,74.565,68.24,63.357,60.249,46.078,44.585,45.082,43.859,41.295,41.322,41.402,33.095,47.734,38.901,44.199,43.301,43.626,45.823,43.382,42.348,42.349,41.048,39.952,41.08,39.69,42.035,32.913,32.309,35.806,23.836,20.149,32.989,49.881,24.767,24.852,26.939,29.673,29.885,27.832,28.031,30.202,38.032,41.392,52.73,49.743,46.624,42.527,46.129,25.539,25.401,30.035,31.01,30.75,34.631,38.945,44.486,51.061,76.128,74.784,55.193,66.704,52.188,47.266,48.39,49.006,45.293,41.041,36.564,40.816,46.424,46.583,31.067,22.429,21.683,21.769,33.793,36.273,30.256,29.624,25.989,22.607,21.222,18.279,21.831,20.179,23.247,13.983,29.999,37.609,44.652,51.348,43.83,49.025,47.797,52.278,51.357,50.404,51.719,42.654,46.626,39.64,42.254,28.971,23.663,43.407,60.137,33.206,29.308,49.127,69.866,67.454,64.176,56.445,51.886,51.364,48.694,59.391,47.7,44.452,42.857,45.064,44.73,36.178,67.637,60.86,77.609,73.4,66.199,59.195,50.495,45.097,60.704,65.602,66.309,51.963,36.385,41.456,36.225,40.27,29.517,27.79,16.242,23.239,36.426,16.217,60.857,59.454,70.794,75.833,76.231,77.443,75.63,72.343,61.645,55.87,76.864,73.69,71.278,64.493,63.36,60.267,54.14,44.747,50.494,40.396,38.891,41.33,40.213,34.272,34.698,38.174,34.483,37.183,44.797,48.518,37.143,42.057,39.176,41.311,38.497,41.324,37.46,39.134,30.94,37.364,35.091,29.732
2006,11,76.809,81.591,90.65,57.246,58.497,75.397,50.848,50.185,38.286,46.891,43.008,44.104,39.971,36.491,39.588,30.699,31.895,20.814,20.316,19.534,50.011,50.487,37.638,36.64,23.581,25.931,12.198,11.074,14.627,15.638,16.984,16.714,14.921,15.911,17.329,16.416,15.565,15.109,16.085,16.914,18.028,16.614,32.524,29.734,32.032,34.045,25.773,24.229,32.339,29.68,23.988,20.574,20.484,22.44,35.707,27.689,22.638,32.829,18.6,14.314,11.327,11.272,8.0568,20.099,14.391,12.433,10.119,9.6692,9.4225,8.7998,8.9499,7.6657,8.9957,9.4832,9.4015,9.3794,9.2888,9.2298,21.74,19.872,19.445,19.166,15.029,14.411,10.166,12.071,10.164,8.9781,9.9667,11.286,14.314,19.106,22.871,18.678,24.483,27.967,28.592,25.29,23.94,23.344,24.717,28.285,26.42,30.045,28.121,28.138,28.337,28.298,34.635,38.244,36.615,34.282,32.527,30.377,29.619,28.8,28.854,28.839,27.991,27.465,25.551,29.683,27.942,29.639,29.58,28.731,29.455,29.639,29.766,30.06,31.861,32.299,34.324,32.235,32.936,21.961,20.906,22.056,13.203,10.601,31.071,27.536,19.934,20.7,24.376,29.819,26.032,14.552,15.439,18.568,21.53,22.878,25.249,23.668,22.083,21.574,22.517,24.974,21.282,27.502,29.708,31.788,24.537,30.288,24.291,25.717,42.967,38.461,37.863,34.563,31.289,28.959,28.614,25.928,22.782,22.028,18.627,20.892,24.399,30.166,16.476,11.803,11.535,11.617,28.237,28.18,26.592,29.723,24.718,18.695,15.767,12.972,19.071,59.221,59.006,49.475,54.331,51.95,44.95,30.922,51.106,31.078,30.722,33.44,29.67,32.972,30.038,23.64,27.076,22.564,30.164,20.695,18.709,25.786,33.935,27.356,27.541,42.141,49.448,52.943,44.85,43.218,42.824,38.474,39.66,36.208,27.352,28.077,27.752,33.822,35.011,34.777,43.049,46.577,40.439,39.488,40.466,44.107,34.626,30.883,42.329,58.517,44.133,53.749,45.646,30.494,45.527,45.696,38.607,39.313,26.364,32.376,39.423,22.74,31.984,31.907,35.155,37.118,37.002,37.542,40.487,43.328,40.09,45.635,38.26,42.701,43.671,48.731,56.353,51.128,45.231,36.875,41.005,32.638,29.675,29.892,30.529,20.518,21.135,23.961,20.547,24.025,31.643,37.073,29.727,32.964,29.422,29.416,29.049,29.293,28.639,28.871,27.112,28.617,28.115,26.772
2006,12,63.559,67.886,79.384,94.757,109.31,95.631,71.919,104.64,117.43,107.45,108.78,106.43,102.41,95.666,97.653,74.57,37.061,26.48,33.476,39.924,53.076,53.997,46.887,45.206,50.152,41.964,30.934,29.339,37.32,30.027,38.111,42.487,28.198,29.027,38.23,45.193,39.977,29.696,33.545,33.964,37.945,38.271,31.943,42.77,49.482,54.484,42.232,49.476,56.35,55.667,50.344,45.496,47.146,49.777,59.699,27.8,17.967,28.052,17.754,14.446,10.945,11.083,5.2906,22.286,16.312,12.996,8.8543,8.8451,9.8773,8.5173,6.5272,4.3376,6.145,6.9018,7.0122,7.0778,6.8972,6.7973,16.364,15.128,14.144,13.71,10.458,11.864,7.5416,11.068,7.4629,6.3796,7.4747,8.4553,9.854,12.533,14.318,13.615,15.941,17.528,17.798,19.682,20.648,20.74,20.161,18.03,17.593,16.163,16.686,16.626,16.507,16.437,15.536,16.812,16.32,15.415,14.744,15.959,15.149,13.375,13.852,15.669,13.568,12.886,12.378,13.67,13.028,13.669,13.65,13.309,13.587,13.672,13.724,13.84,15.275,16.124,18.21,17.511,17.907,12.226,11.52,12.301,6.9336,4.7794,23.903,16.507,30.01,26.363,22.986,23.557,20.479,9.5357,10.407,13.236,12.998,13.727,13.259,12.505,11.879,12.945,13.576,17.996,16.896,18.885,19.829,20.393,19.01,19.711,20.704,19.418,19.256,16.906,17.414,15.509,14.282,13.363,17.371,19.025,15.124,16.698,10.709,13.001,13.552,15.066,9.2408,5.6258,5.5336,5.6099,50.735,51.816,48.011,38.539,34.21,29.691,19.235,12.013,14.728,56.67,57.87,62.633,61.296,55.296,45.993,27.797,49.806,32.577,33.691,31.975,26.675,30.846,27.586,21.979,23.806,20.545,42.404,30.921,14.817,20.133,28.88,20.018,18.799,26.939,35.729,31.358,33.295,26.36,23.949,24.68,22.634,31.666,24.892,21.636,20.571,20.827,31.554,19.152,19.702,22.984,17.674,17.266,17.919,21.673,16.46,16.113,26.06,44.43,31.029,45.84,44.551,38.482,63.811,38.895,32.33,50.842,23.147,23.852,27.438,16.984,14.522,14.499,15.729,16.436,16.399,16.593,17.56,18.915,18.937,23.622,16.84,18.51,19.079,22.452,27.22,25.113,24.058,21.264,22.23,19.752,17.951,17.365,18.078,11.071,11.537,13.227,11.484,13.575,17.241,20.143,17.772,19.216,17.531,17.009,17.482,16.925,17.601,17.249,18.793,17.579,17.945,18.973
2007,1,24.09,23.702,25.451,26.329,27.693,27.046,23.517,27.515,27.412,27.526,27.196,27.076,26.389,25.572,25.992,22.755,16.418,12.488,14.745,15.963,21.264,21.591,19.233,18.527,21.054,16.831,13.252,12.765,14.843,13.183,15.28,16.07,12.655,12.925,15.36,16.517,15.414,13.064,14.075,14.251,15.291,15.346,14.448,19.58,18.93,19.855,17.307,18.257,20.056,19.827,18.422,17.242,17.717,18.52,20.661,12.976,8.9147,13.09,9.0431,7.7071,6.2631,6.3096,3.0682,10.946,8.6388,7.2226,5.2017,5.232,5.8271,5.1092,3.8389,2.3851,3.5663,4.0326,4.1159,4.1619,4.0513,3.9907,8.1998,7.6917,7.1705,6.9476,5.5138,6.4619,4.3835,6.2692,4.3321,3.7336,4.3606,4.8404,5.1976,6.1732,6.787,6.849,7.627,8.2803,8.3903,9.6519,10.166,10.227,9.9107,8.5582,8.4527,7.1214,7.7261,7.684,7.5821,7.539,5.7727,6.2468,6.115,5.7351,5.4787,6.9195,6.3982,4.9918,5.4245,6.9217,5.3428,4.8264,4.7567,5.0794,4.8414,5.0792,5.0721,4.9451,5.0487,5.0803,5.0997,5.146,6.1189,6.771,8.0892,7.8281,8.0209,5.429,5.0899,5.5252,3.1997,2.0499,11.428,7.7567,13.504,12.404,11.169,11.307,10.011,4.9838,5.3766,6.6969,6.2146,6.5346,5.9172,5.6583,5.5156,6.2756,6.585,8.7878,8.4531,9.1091,9.4885,9.6794,9.3714,9.377,10.228,9.5752,7.6784,6.282,6.9394,5.7627,5.3115,4.9655,8.1529,9.3507,7.4869,8.417,5.1651,6.3842,6.1842,6.2432,4.4167,2.5138,2.4817,2.5132,19.629,19.282,18.084,16.182,14.861,13.37,9.7802,6.4847,7.4113,24.801,24.505,23.24,23.065,21.428,18.613,12.994,20.387,14.596,14.919,14.458,12.578,14.08,12.915,10.787,11.475,10.202,17.122,13.78,7.5169,9.8803,13.397,9.7196,9.0594,12.523,15.894,14.261,15.024,12.217,11.005,11.563,10.441,14.395,11.903,10.485,9.9833,9.7689,14.338,8.7107,8.0918,10.178,6.6371,6.4447,6.9334,9.5025,6.6555,6.9632,12.095,18.581,14.193,18.766,18.182,16.232,21.797,16.745,14.618,19.251,11.209,11.397,12.811,8.3785,5.3961,5.3877,5.8446,6.1074,6.0934,6.1655,6.5519,7.3876,7.9072,10.696,6.2575,7.0866,7.4851,9.7001,12.271,11.291,10.973,9.8424,10.143,9.2426,8.3859,7.9854,8.3866,4.8506,5.0909,5.8718,5.1736,6.1093,7.6985,9.1221,8.2702,8.8892,8.143,7.7986,8.1483,7.7555,8.2633,8.0156,9.0838,8.2516,8.5208,9.2038
2007,2,26.809,15.876,32.422,49.711,28.541,30.81,25.794,17.283,36.226,15.72,19.217,17.571,18.415,17.509,17.164,21.949,20.654,18.315,23.722,15.103,14.709,13.047,14.577,13.794,41.869,19.583,11.302,15.983,22.006,19.1,10.714,33.771,15.887,20.44,25.346,32.84,28.51,21.365,24.673,24.512,22.682,11.631,17.259,44.447,14.136,13.802,30.589,17.543,15.897,13.304,14.438,11.644,8.2385,9.1177,8.6652,4.8217,3.3125,5.6287,3.3602,3.1292,3.2499,3.2038,2.8884,6.214,3.4234,2.6837,1.9328,2.1038,2.1652,1.8984,2.1584,0.88624,1.3252,1.4984,1.5294,1.5465,1.5054,1.4828,3.1219,3.3101,2.7095,2.9048,2.0488,2.4334,1.6288,2.3313,1.6097,1.3873,1.6203,1.7986,1.9313,2.2938,2.5219,2.5449,2.834,3.0768,3.1176,4.1727,4.1367,4.0883,3.8775,3.7435,3.1408,4.8036,5.4862,7.1623,3.8547,2.8485,2.145,2.3212,2.2722,2.1605,2.2939,4.939,2.5974,1.9033,2.8042,2.7683,1.9853,1.7934,1.7675,2.3756,1.7989,1.8873,1.8847,3.1586,2.651,1.8877,1.8949,5.0634,3.7335,2.5159,5.6025,2.9087,3.5346,2.0173,1.8913,3.0878,1.1931,0.76171,5.4245,10.354,5.0271,4.6089,4.1503,4.2016,3.9264,2.0678,2.2567,2.6399,2.557,3.6249,10.237,6.93,10.103,5.4594,6.1946,3.2653,3.7529,3.9619,3.9002,3.8569,9.9062,8.2721,21.788,15.66,6.8246,3.8344,3.8105,2.4866,1.9736,2.0825,5.8585,12.446,5.7672,10.699,2.9238,9.5475,8.6952,4.6784,1.6411,0.93408,0.92213,0.93385,7.8185,7.4926,6.7374,6.0129,5.5219,4.9678,3.6341,2.4096,2.7539,14.95,13.106,9.5072,9.6984,13.06,13.358,10.058,11.175,9.6928,8.7367,8.0752,5.5366,8.7291,5.9301,4.0081,6.7878,3.7909,7.1934,5.1202,2.7931,3.6713,19.386,3.6116,3.3663,4.6535,32.244,12.326,19.369,46.614,22.663,13.733,20.681,13.499,12.652,11.772,13.038,18.563,17.168,3.2367,3.4121,5.0757,3.958,2.4756,5.5788,16.752,5.2516,5.4741,13.012,26.193,5.2738,15.429,6.7576,17.628,8.5628,6.5794,5.4317,7.4236,4.1651,4.2347,10.996,3.1133,2.0382,2.0019,2.1717,2.2694,2.2641,2.291,2.4345,2.7451,2.9381,4.8278,2.3251,2.6332,2.7813,3.7659,6.5117,5.4393,4.4451,3.6572,4.0341,3.5291,3.31,2.9841,3.1163,1.8024,1.8917,2.1818,1.9224,2.4518,2.8837,3.3896,3.073,3.303,3.0258,2.8978,3.0277,2.8851,3.5723,3.2987,3.6434,3.0661,3.1661,3.4579
2007,3,122.87,79.84,73.29,88.456,67.098,82.252,101.32,27.039,29.916,15.512,18.712,18.344,21.16,23.946,23.647,60.628,145.29,141.62,138.66,89.732,113.12,106.62,116.31,107.7,176.58,107.34,84.423,102.84,127.18,139.38,101.45,181.59,130.51,158.19,141.81,172.68,164.64,161.85,166.05,164.84,152.23,110.9,132.8,201.26,134.93,129,166.39,127.86,128.06,110.26,114.51,103.76,75.255,77.414,101.64,244.42,304.49,398.95,370.14,389.51,364.89,377.03,376.53,346.59,289.8,282.71,211.89,254.73,210.67,222.34,337.84,268.16,188.84,166.11,158.77,150.55,157.65,167.26,342.67,340.55,324.03,330.65,282.26,273.5,199.81,245.17,174.17,171.31,166.51,189.95,241.28,231.82,163.44,99.136,89.775,84.97,81.753,67.64,52.276,48.42,57.381,94.071,64.806,126.81,110.87,120.64,105,93.293,119.35,155.89,145.65,134.45,118.89,138.83,107.71,87.382,101.28,98.956,56.587,60.502,10.411,77.444,31.7,28.062,10.372,46.918,62.014,23.834,10.322,50.488,37.891,5.9082,38.087,6.4091,26.154,17.808,21.442,33.587,38.757,32.16,31.74,18.337,27.194,17.311,16.245,22.143,29.853,36.727,36.144,30.083,12.603,12.323,18.661,17.17,28.542,27.264,30.025,94.414,96.249,101.52,101.1,106.11,100.32,103.91,79.557,68.146,156.9,108.73,89.274,79.227,20.559,20.259,45.607,65.796,45.267,52.228,37.787,59.118,45.613,32.119,29.427,31.379,19.848,33.137,29.784,34.015,20.488,18.835,19.034,21.302,37.481,32.26,62.938,106.42,97.433,63.152,84.671,99.177,84.788,63.976,82.556,57.717,52.88,63.914,49.464,63.093,52.387,17.827,52.014,21.041,42.924,18.7,24.222,34.937,114.57,52.721,59.931,101.3,191.74,173.99,166.25,221.45,204.34,166.2,203.26,150.68,162.16,166.86,172.32,203.25,190.96,106.37,126.1,142.27,139.36,129.26,194.14,209.37,225.75,260.04,330.7,304.08,367.51,343.12,236.7,170.28,121.53,303.14,274.21,165.18,270.57,332.48,430.13,335.29,84.368,85.655,125.12,146.06,154.65,156.08,139.14,177.93,138.82,187.75,110.54,144.23,141.44,199.38,237.36,236.17,203.06,125.14,194.05,114.15,105.86,108.18,106.02,343.57,316.66,319.56,348.39,325.02,275.37,228.99,116.79,134.54,89.31,103.52,80.966,105.35,103.47,106.33,80.125,67.57,68.297,72.499
2007,4,33.937,28.293,35.395,53.273,40.891,37.249,41.825,31.43,38.799,24.909,27.818,27.398,29.389,30.951,30.89,47.127,43.974,47.178,51.191,48.16,28.807,30.666,35.41,34.351,57.32,47.57,53.709,57.873,61.963,62.217,54.1,64.511,59.488,82.02,69.55,88.343,90.285,107.92,98.833,92.404,78.771,61.4,42.077,53.647,40.707,39.414,53.429,55.173,41.939,40.357,51.691,51.211,35.902,34.824,34.949,43.449,50.361,60.364,67.019,76.146,105.11,91.57,106.7,77.472,85.618,86.884,95.512,99.456,93.235,95.472,101.77,115.2,111.63,123.15,87.684,88.727,88.921,88.686,93.855,94.894,102.02,104.67,110.56,98.452,101.72,92.062,101.27,96.313,100.87,106.36,111.62,109.67,109.33,96.782,99.167,100.77,103.35,91.163,82.852,80.101,85.476,96.549,85.562,92.944,92.198,93.216,89.307,85.894,71.866,75.768,78.065,77.429,76.26,90.651,83.329,74.552,80.137,84.421,68.782,68.365,42.109,70.047,55.24,50.395,34.981,57.885,64.53,46.913,33.754,56.703,48.586,21.31,43.682,13.884,27.538,10.483,11.339,15.726,14.08,12.791,25.997,11.471,23.64,16.762,14.917,18.461,21.287,21.828,21.175,18.377,9.1416,8.3091,10.993,10.392,15.613,15.326,15.491,49.662,49.748,48.026,47.469,49.009,44.98,45.91,33.698,27.029,61.072,58.077,50.711,56.349,27.713,35.299,26.245,27.08,18.105,23.953,14.256,20.161,21.59,27.009,12.258,12.639,9.7851,13.001,39.039,45.675,36.017,25.835,22.664,23.659,33.378,34.02,44.562,29.641,27.073,18.635,22.105,25.872,25.814,25.555,28.357,26.694,27.054,23.972,21.502,24.273,22.982,15.997,25.352,19.187,35.576,27.821,26.048,22.772,41.265,37.859,42.271,46.886,56.398,55.281,52.705,71.788,65.227,61.366,66.131,48.114,51.715,55.402,57.182,66.922,58.047,53.319,54.396,49.106,59.506,57.587,55.263,59.215,68.099,78.465,74.313,60.001,69.577,52.754,45.907,47.578,35.409,47.848,45.095,39.425,44.031,45.807,51.248,48.08,64.823,66.869,67.894,70.895,70.976,70.694,74.607,81.938,90.177,100.65,68.733,75.675,71.164,76.55,92.453,92.263,103.94,103.38,103.78,106.34,111.14,114.55,110.27,116.74,118.39,115.69,115.93,115.35,107.39,106.06,105.23,108.57,108.49,115.07,106.74,115.87,111.69,114.11,100.23,103.06,101.14,96.878
2007,5,14.983,12.758,15.818,21.176,17.587,16.503,18.09,14.134,16.261,11.837,12.828,12.693,13.377,13.918,13.892,19.044,18.892,19.81,20.916,19.629,15.248,13.721,16.418,19.958,22.835,31.642,21.143,22.573,23.102,23.216,20.999,24.249,22.539,26.509,26.634,27.744,27.832,29.53,28.678,28.62,28.927,33.06,104.91,88.098,72.604,71.896,62.325,50.114,67.547,62.308,50.763,44.618,51.943,53.325,68.253,80.538,88.908,112.72,90.454,84.217,72.639,74.686,60.358,96.305,76.295,73.148,57.595,58.773,57.755,57.501,62.944,55.624,55.791,54.655,57.238,56.715,56.989,57.306,110.2,106.13,102.13,101.7,89.123,85.709,65.52,72.472,63.679,57.119,61.496,69.851,81.234,85.107,74.819,57.462,57.966,57.159,55.283,54.925,54.165,53.669,54.514,60.86,57.789,71.546,64.704,65.138,64.845,63.931,82.953,103.76,100.23,88.438,70.957,72.877,66.318,56.628,59.756,64.287,54.078,48.995,31.469,50.554,39.369,42.385,35.801,31.896,42.548,39.348,33.606,35.234,38.107,28.53,38.343,19.73,24.735,10.242,10.188,21.124,14.096,6.9832,88.886,112.42,105.95,95.158,86.154,86.124,89.499,104.94,101.07,91.705,96.785,92.555,129.82,125.82,130.18,119.21,125.57,139.65,143.52,143.4,142.12,141.09,152.8,144.53,155.85,156.4,91.441,57.07,71.069,39.586,26.606,16.685,108.82,147.71,114.8,126.16,63.056,85.52,73.696,27.108,32.763,9.6243,6.5274,8.936,19.133,22.394,27.727,56.222,89.175,108.51,128.41,135.07,141.61,13.257,11.9,7.11,9.0598,18.162,47.147,129.54,33.252,100.91,92.062,94.622,127.12,109.29,125.53,117.14,133.73,118.8,49.265,65.617,133.31,141.33,136.65,140.51,144.14,153.55,140.76,166.55,133.72,177.87,195.63,162.26,195.24,114.12,109.85,135.2,142.38,182.61,137.65,131.3,101.58,136.47,96.948,101.38,118.58,170.43,149.63,155.64,166.7,166.88,134.38,122.45,111.24,89.117,80.833,114.53,103.37,82.073,85.485,96.538,111.23,87.137,48.561,53.982,72.501,99.043,97.311,96.044,109.44,108.54,92.48,93.456,100.75,104.38,104.34,110.95,113.62,112.09,96.56,72.526,91.915,63.348,56.103,54.987,57.864,114.32,113.06,114.4,113.32,110.83,109.06,101.37,65.964,70.012,54.798,53.464,53.72,53.145,54.234,53.661,54.58,52.311,52.888,54.482
2007,6,5.8687,4.7407,5.8776,7.8686,6.535,6.1321,6.722,5.252,6.0421,4.3985,4.7668,4.7163,4.9707,5.1717,5.1619,7.1152,10.53,20.143,22.35,21.501,15.442,5.8101,14.748,23.792,23.006,44.505,42.655,47.142,25.548,14.872,7.9387,12.312,16.213,11.118,31.015,17.372,18.013,12.12,12.905,13.464,16.55,19.757,42.145,37.251,29.194,28.181,37.799,28.478,27.251,26.194,24.774,23.462,24.458,24.506,25.592,25.597,26.687,30.319,28.888,29.149,30.629,29.822,28.181,32.165,30.837,30.489,28.999,28.944,28.97,28.781,28.838,28.227,29.216,29.647,29.161,29.041,29.092,29.102,36.137,36.069,36.66,37.047,36.726,34.536,32.04,31.656,31.739,29.402,31.165,33.723,36.284,36.997,36.175,32.558,33.683,34.235,34.243,36.21,36.806,36.636,36.232,36.273,35.157,37.872,35.883,35.759,35.412,34.814,45.506,48.018,48.835,46.861,41.98,36.546,34.997,33.629,34.114,34.702,32.465,31.164,30.157,35.922,35.407,36.489,34.225,27.118,33.947,35.388,33.578,31.625,36.595,34.279,37.799,26.955,26.388,17.395,16.796,25.816,25.517,15.426,95.248,124.59,84.031,83.315,86.564,93.202,89.186,71.967,73.148,77.226,93.253,102.64,127.19,112.84,95.841,83.164,82.945,56.962,59.755,56.749,56.332,55.893,62.754,59.482,71.339,68.884,48.812,37.673,41.444,27.466,20.009,9.4504,53.148,65.953,70.32,72.476,60.781,58.888,46.605,24.214,39.614,20.953,17.003,18.765,41.283,44.616,57.905,81.389,85.358,79.831,70.649,61.091,58.975,8.5454,6.8815,2.6419,5.305,20.104,39.785,63.061,35.223,61.315,60.848,55.468,61.313,58.773,60.319,64.167,62.601,62.258,56.082,62.692,56.289,55.752,49.614,50.124,53.333,46.289,38.663,42.617,37.491,45.409,48.097,42.44,48.787,37.388,39.287,42.943,44.089,49.303,41.563,56.436,50.653,45.318,51.913,50.901,39.539,44.661,43.505,44.161,41.472,38.929,34.031,31.081,30.175,33.144,26.688,29.76,28.248,26.281,26.128,26.981,28.69,26.051,33.531,36.307,41.282,44.361,43.878,47.881,47.594,46.516,41.597,40.069,65.607,56.562,51.186,41.079,41.139,40.434,40.326,37.517,39.544,36.216,34.625,33.908,34.704,39.865,40.362,40.732,39.863,40.508,40.424,40.126,35.697,36.886,33.915,33.431,33.737,33.358,34.352,33.899,35.488,33.617,34.156,35.528
2007,7,2.362,1.7615,2.184,2.9238,2.4283,2.2786,2.4977,1.9515,2.2451,1.6344,1.7712,1.7525,1.847,1.9217,1.918,2.6674,5.4202,10.211,11.062,10.693,8.3876,2.5596,7.897,11.52,11.205,17.713,16.237,17.233,12.066,7.661,3.0315,6.0196,8.39,4.8042,13.884,8.7187,9.0352,5.0676,5.8686,6.1587,7.9243,9.2052,18.287,16.471,12.972,12.442,16.68,13.018,11.979,11.552,11.046,10.595,10.988,10.975,11.061,10.231,10.454,12.132,11.729,12.046,13.255,12.753,12.294,13.652,13.374,13.265,12.942,12.849,12.927,12.826,12.594,12.544,13.092,13.338,13.072,13.026,13.041,13.035,15.58,15.596,15.933,16.121,16.108,15.122,14.269,13.923,14.168,13.178,13.938,14.987,16.007,16.446,16.614,15.327,16.363,16.973,17.203,18.203,18.516,18.42,18.197,17.824,17.275,17.822,17.156,17.029,16.848,16.54,19.46,20.535,20.938,20.193,18.357,17.012,16.266,15.481,15.787,16.309,15.165,14.508,14.391,16.213,16.084,16.358,15.515,12.754,15.397,15.931,15.245,14.464,16.227,15.35,16.558,12.637,12.461,9.1015,8.8593,12.231,12.009,8.3755,37.481,59.107,26.435,26.608,28.501,30.672,30.651,28.298,28.064,29.301,40.116,45.481,62.826,54.707,44.227,35.336,35.536,22.657,23.312,22.626,22.517,22.431,24.02,23.379,26.272,26.322,20.291,16.605,17.908,12.786,9.7525,4.637,21.473,25.351,27.974,27.442,25.104,23.317,19.259,11.633,16.756,10.418,8.9845,9.6381,20.792,20.693,22.771,27.231,26.723,25.666,24.861,23.252,23.046,5.1283,3.8062,0.98168,2.9168,10.453,17.98,24.873,17.314,24.308,24.148,22.516,24.182,23.678,23.854,24.35,24.25,23.667,22.917,23.081,22.107,22.074,20.712,20.825,21.729,19.798,16.797,18.463,16.32,19.528,20.524,18.381,20.764,16.434,17.238,18.623,19.047,20.92,18.078,22.513,20.829,19.451,21.134,20.962,17.307,19.258,18.82,19.058,17.869,16.714,14.114,12.627,12.508,14.657,11.326,12.034,11.323,10.851,10.395,10.508,11.104,10.071,15.125,16.148,17.917,19.186,18.981,20.19,20.536,20.31,19.055,18.752,24.36,22.784,21.398,18.269,18.652,18.279,18.779,18.165,18.39,17.883,17.442,17.134,17.357,17.358,17.644,17.853,17.371,17.813,17.98,18.216,17.234,17.812,17.112,16.976,17.089,16.962,17.413,17.215,17.941,17.131,17.366,17.944
2007,8,69.239,23.36,22.586,33.186,29.588,25.509,23.162,9.2145,2.8401,6.1162,5.6122,6.9109,5.6755,4.0839,5.9455,10.701,21.108,22.553,23.376,21.137,83.645,47.006,41.712,48.344,22.918,33.591,18.309,17.735,8.4804,3.257,1.1264,2.2367,3.6366,1.7851,12.432,3.8752,4.0389,1.883,2.1806,2.2884,2.9445,3.4204,34.988,17.656,7.271,5.7839,14.822,5.6831,4.6717,4.2998,4.1045,3.9369,4.0828,4.078,4.1294,5.3161,9.6764,14.659,13.687,15.108,20.742,18.029,18.364,18.54,17.913,17.676,17.392,17.541,16.935,16.983,17.869,18.907,19.164,20.689,16.801,17.059,17.077,17.082,25.241,24.837,26.396,27.228,27.315,22.724,20.969,19.299,21.644,18.606,21.312,24.43,27.889,28.921,29.795,27.545,29.455,30.628,31.399,36.406,38.473,38.68,37.257,35.181,35.652,37.063,35.656,35.459,35.449,35.16,38.258,43.524,44.481,41.713,34.646,36.486,34.592,30.801,32.097,34.618,31.343,28.731,31.013,31.374,33.796,34.939,35.157,25.887,30.589,34.898,35.782,32.576,41.252,44.665,47.416,43.925,40.994,37.729,36.796,41.815,48.086,42.86,112.48,134.73,103.81,103.77,103.08,102.21,103.26,105.03,104.65,104.82,118.36,123.67,135.88,130.45,121.23,110.32,107.44,38.69,48.226,39.255,36.958,33.339,58.007,46.613,87.526,85.967,37.118,29.92,25.722,22.228,19.54,10.656,55.149,78.528,88.296,95.566,80.414,74.016,55.656,33.176,59.747,48.523,47.586,44.976,128.07,128.55,124.45,113.25,105.08,96.888,77.516,61.628,46.331,98.951,95.874,65.411,87.637,96.815,96.843,90.378,103.12,96.963,98.999,84.519,85.383,90.05,83.78,88.686,83.379,82.719,112.34,100.24,50.885,60.921,48.041,38.377,36.149,25.897,18.112,20.777,17.303,21.599,20.839,19.624,20.79,19.636,18.506,18.969,18.924,21.165,15.607,31.809,34.701,25.524,38.262,36.319,25.931,22.108,25.077,25.507,23.877,14.734,22.184,10.67,8.527,11.47,4.7457,9.7883,8.5708,4.4544,6.3934,8.2885,10.45,8.0565,25.879,28.997,34.768,42.075,41.593,42.459,43.702,40.5,37.306,33.175,46.694,42.138,38.07,30.607,32.03,31.617,33.075,31.922,32.425,32.153,31.399,30.236,30.805,34.138,35.998,36.516,33.437,34.178,33.984,33.31,30.487,31.635,30.653,29.967,30.889,29.94,31.643,30.875,34.432,31.498,32.429,34.777
2007,9,57.604,46.587,52.397,53.214,50.029,49.303,37.717,27.927,15.736,23.389,21.664,23.587,21.103,18.082,21.5,23.561,28.24,24.175,24.548,23.978,52.489,43.707,38.324,40.762,24.846,32.528,17.843,16.754,13.637,8.7185,7.3369,6.401,8.6793,6.4729,19.905,10.652,10.632,8.0545,8.5703,8.4424,9.4173,9.4357,52.673,40.513,26.421,21.674,31.339,16.198,16.2,13.263,11.171,10.306,10.175,10.378,14.663,31.278,45.048,48.146,46.659,46.57,49.172,45.21,43.647,43.37,40.406,39.747,36.637,38.187,35.448,36.189,41.847,43.734,42.162,45.965,34.148,35.049,34.995,34.906,50.141,48.76,50.118,50.712,50.063,44.712,41.133,40.351,42.547,38.515,42.404,45.971,51.078,62.027,74.595,73.892,83.538,88.555,91.745,82.306,78.52,77.302,80.078,84.698,81.764,81.245,81.065,80.766,80.611,80.326,84.164,78.027,78.133,80.445,85.939,79.493,80.071,82.639,81.833,80.362,81.789,83.651,86.529,87.6,87.575,87.188,86.817,93.03,89.867,87.418,86.761,89.768,85.082,81.921,81.329,76.338,76.845,52.253,49.848,53.189,29.183,23.25,37.31,46.353,35.484,35.168,34.765,34.548,34.74,35.039,35.118,36.399,42.383,42.2,47.706,47.499,46.354,45.35,48.607,32.3,36.259,34.792,33.651,31.319,43.654,43.894,53.618,59.463,72.583,90.107,68.291,95.344,91.367,97.058,64.153,57.503,49.878,47.158,39.296,47.195,65.392,81.602,38.189,25.975,25.063,25.347,48.756,49.863,46.555,40.342,37.416,37.084,37.945,39.323,34.945,59.256,57.59,49.151,53.547,56.82,59.749,62.384,60.973,59.885,58.817,58.733,61.762,61.279,61.104,56.391,58.035,53.69,53.978,46.124,38.802,51.397,54.202,38.348,34.811,38.838,43.438,43.097,40.108,37.587,38.653,34.523,38.017,43.482,41.603,38.711,37.749,38.586,36.166,36.744,60.33,42.418,75.263,68.3,44.609,40.349,42.748,45.023,49.309,40.823,54.424,41.255,33.829,34.134,20.138,39.64,39.031,21.44,35.756,42.606,46.731,43.474,92.906,90.639,85.837,77,77.232,80.164,76.475,76.861,81.283,80.927,87.444,82.554,75.529,63.692,72.821,69.825,79.652,87.024,78.886,90.044,94.499,97.398,94.085,58.541,60.337,60.884,57.945,61.305,65.489,72.799,86.102,87.63,95.166,98.498,95.188,98.848,94.883,96.775,88.26,94.857,92.585,86.896
2007,10,139.96,151.91,177.28,235.12,235.74,200.4,162.93,132.85,139.41,119.34,126.13,123.48,124.64,120.62,120.77,116.13,133.43,115.88,110.66,103.49,123.93,133.86,128.44,124.9,113.92,108.68,83.687,80.573,103.34,119.51,127.38,124.26,117,133.47,110.41,125.07,124.31,139.24,135.73,137.12,133.56,128.9,131.65,125.11,115.55,112.53,114.43,116.54,112.46,112.9,119.24,121.61,114.19,114.3,107.12,103.77,94.685,85.849,84.242,80.051,73.482,73.137,68.156,78.753,74.315,72.621,71.785,70.848,71.231,70.731,69.267,71.159,74.412,77.329,72.447,72.733,72.677,72.51,96.834,95.439,97.749,98.95,97.057,88.05,81.24,78.067,81.507,74.499,80.187,87.395,95.523,99.325,95.562,84.811,85.833,85.991,85.614,82.779,81.742,81.463,82.448,83.438,81.694,81.876,81.426,81.43,81.384,81.417,98.232,95.704,93.662,93.616,96.719,80.908,82.728,87.929,85.881,82.261,86.326,89.198,108.67,105.99,119.1,120.41,122.83,122.95,116.78,123.62,127.71,133.58,145.2,149.6,158.08,155.62,156.14,135.3,132.66,130.04,111.07,104.38,113.42,103.28,163.48,147.75,123.49,111.93,108.9,98.15,102.83,103.08,102.3,105.78,102,102.63,102.54,101.83,103.35,154.84,139.49,153.78,161.6,170.63,133.1,149.26,117.49,105.16,145.27,129.33,157.92,118.41,130.17,124.68,127.03,110.91,104.94,111.18,106.19,108,113.41,138.79,110.87,107.18,105.6,106.87,121.17,120.05,124.08,130,150.9,159.65,136.27,110.63,134.36,135.01,131.49,117.73,119.23,119.44,116.9,108.76,125.95,109.64,110,112.34,108.85,110.46,110.38,103.95,106.23,103.59,115.94,121.03,124.12,113.68,128.2,133.52,144.48,156.95,158.63,159.85,153,141.89,143.72,138.04,140.1,143.39,131.75,130.31,128.7,133.08,120.77,170.29,155,156.73,129.85,122.98,115.69,136.68,118.65,119.63,115.55,114.11,99.859,99.726,95.889,116.22,102.88,96.087,98.034,101.11,102.27,100.04,96.561,98.489,107.43,105.48,103.85,92.392,92.92,101.34,96.278,101.76,94.224,102.94,123.05,119.36,119.19,116.03,116.48,114.58,107.68,94.881,105.01,89.914,86.113,86.129,87.329,115.33,118.05,118.59,112.96,113.86,113.79,110.24,90.969,93.805,85.969,85.46,85.479,85.253,84.828,84.929,83.791,84.879,84.543,83.67
2007,11,31.239,30.576,32.251,37.289,37.592,34.091,31.02,27.968,34.089,26.611,28.252,27.388,28.01,27.704,27.126,26.563,28.266,26.075,25.491,24.74,30.909,29.982,29.758,30.3,26.323,28.083,22.38,21.786,24.615,26.619,27.27,27.735,26.405,26.674,25.583,26.018,25.622,25.798,26.073,26.165,26.048,25.141,31.458,28.122,25.619,24.9,26.386,24.715,24.295,23.966,24.204,24.334,23.613,23.656,23.676,24.837,24.993,24.408,24.148,23.715,23.145,22.881,22.159,23.478,22.79,22.542,22.264,22.233,22.12,22.1,22.217,22.572,22.911,23.473,22.192,22.285,22.275,22.249,25.778,25.574,25.878,26.028,25.827,24.616,23.677,23.252,23.793,22.72,23.634,24.641,25.745,26.715,27.236,26.243,27.2,27.646,27.812,27.736,27.698,27.669,27.712,27.165,26.905,26.107,26.386,26.362,26.29,26.272,27.456,27.064,26.933,27.032,27.427,25.782,26.052,26.519,26.415,26.204,26.54,26.854,29.271,28.345,29.697,29.516,29.71,30.112,29.317,29.818,30.144,30.893,31.548,31.672,32.319,32.08,32.371,29.913,29.65,30.577,26.299,24.773,36.166,42.477,40.223,38.821,36.569,35.573,34.815,32.218,33.061,33.946,37.375,39.08,42.603,41.97,39.936,37.962,38.916,31.57,31.306,32.704,33.29,33.381,34.316,35.296,39.874,40.361,32.782,31.929,34.734,30.654,34.223,31.769,38.423,39.228,36.704,38.007,31.633,33.569,35.603,33.418,29.471,25.763,25.549,25.433,36.523,36.476,37.106,37.819,39.006,38.204,32.976,28.433,29.886,32.044,31.456,29.057,30.185,31.565,34.091,39.569,34.404,38.283,37.735,36.909,39.075,38.059,38.505,36.644,36.652,34.278,36.089,34.315,29.993,33.15,33.472,29.255,29.715,29.645,29.696,29.478,29.22,28.109,28.26,27.668,28.017,29.341,28,27.505,27.31,27.666,26.629,32.549,32.69,30.095,30.751,29.576,27.128,28.013,27.089,27.305,27.232,26.455,26.195,25.263,24.438,26.285,23.919,24.836,24.938,23.861,25.035,25.295,25.265,25.201,28.832,28.41,28.181,26.665,26.719,27.735,27.069,27.64,27.182,28.434,30.587,29.914,29.516,28.675,29.085,28.795,28.85,28.352,28.632,28.165,27.944,27.925,27.962,27.883,28.233,28.344,27.649,27.987,28.356,28.574,27.819,28.181,27.882,27.882,27.87,27.873,27.876,27.872,27.838,27.873,27.859,27.815
2007,12,12.416,12.073,12.788,15.618,15.855,13.902,12.464,11.092,15.092,10.543,11.718,11.049,11.592,11.572,11,10.574,11.257,10.116,9.7584,9.3927,12.634,11.997,12.126,12.518,10.36,11.577,8.5504,8.2432,9.8903,11.225,11.585,11.991,11.131,11.11,10.113,10.551,10.254,10.19,10.465,10.517,10.442,9.7955,12.968,10.969,9.6608,9.3485,10.123,9.34,9.0975,8.9634,9.1127,9.2218,8.8142,8.8344,8.821,9.2287,9.2868,9.0693,8.9728,8.8121,8.6001,8.5019,8.2336,8.7238,8.4681,8.3761,8.2727,8.2612,8.2193,8.2118,8.2553,8.3873,8.5131,8.722,8.246,8.2805,8.2769,8.2673,9.5783,9.5026,9.6157,9.6715,9.5967,9.1468,8.7978,8.6401,8.841,8.4423,8.7817,9.156,9.5662,9.9973,10.422,10.161,10.776,11.066,11.179,11.317,11.366,11.369,11.334,10.813,10.727,10.024,10.315,10.299,10.241,10.23,10.231,10.059,10.044,10.125,10.297,9.8235,9.9598,10.058,10.088,10.122,10.184,10.298,11.425,10.689,11.334,11.106,11.196,11.577,11.08,11.257,11.407,11.87,12.081,12.094,12.429,12.414,12.663,11.685,11.608,12.319,10.198,9.4776,21.521,47.027,43.687,37.107,27.913,23.924,22.923,20.953,22.366,23.243,32.576,36.71,54.556,49.261,41.393,33.835,36.769,13.437,15.329,14.336,14.441,14.187,20.069,16.893,36.307,36.036,13.459,12.869,14.568,12.209,14.497,13.017,21.236,31.364,30.484,32.255,20.387,21.722,18.81,13.815,13.799,10.072,10.003,9.8271,16.7,16.533,17.881,23.185,34.452,39.554,26.194,15.076,12.93,13.046,12.734,11.502,12.193,13.098,15.553,30.276,15.092,24.859,23.289,22.21,29.124,25.633,27.615,26.823,26.702,23.232,17.959,19.105,14.3,21.09,17.685,11.857,11.847,11.374,11.28,11.022,11.12,10.552,10.501,10.309,10.411,11.347,10.557,10.24,10.15,10.28,9.8947,13.456,13.26,11.649,12.035,11.391,10.153,10.409,10.066,10.146,10.119,9.8301,9.7335,9.387,9.0806,9.8787,8.9078,9.2284,9.2663,8.8661,9.3023,9.399,9.3878,9.364,11.06,10.756,10.631,9.9081,9.9282,10.36,10.059,10.323,10.256,10.994,11.848,11.508,11.321,10.999,11.149,11.027,11.173,11.223,11.116,11.265,11.232,11.198,11.196,10.384,10.538,10.603,10.287,10.475,10.727,10.935,10.99,11.127,11.19,11.189,11.202,11.19,11.236,11.216,11.3,11.233,11.252,11.299
2008,1,4.6136,4.486,4.7519,7.8297,5.9905,5.1657,4.6481,6.1672,16.613,6.2102,7.9193,7.2251,6.5159,5.0808,5.4978,4.9338,4.1828,3.7589,3.626,3.4901,4.6945,4.4577,4.5059,4.6513,4.5842,4.3017,3.1771,3.063,3.675,4.1711,4.3047,4.4557,4.1361,4.1282,3.7578,3.9207,3.8101,3.7865,3.8884,3.908,3.88,3.6398,4.8189,5.2011,3.5897,3.4737,3.8048,3.4705,3.3804,3.3306,3.3861,3.4266,3.2752,3.2827,3.2777,3.4292,3.4508,3.37,3.3341,3.2744,3.1956,3.1591,3.0594,3.2416,3.1466,3.1124,3.074,3.0697,3.0541,3.0513,3.0675,3.1165,3.1633,3.2409,3.064,3.0768,3.0755,3.0719,3.5591,3.531,3.573,3.5937,3.5659,3.3987,3.2691,3.2104,3.2851,3.137,3.2631,3.4021,3.5546,3.7148,3.8727,3.7755,4.0041,4.112,4.1538,4.2053,4.2232,4.2244,4.2114,4.018,3.9859,3.7247,3.8327,3.8267,3.8054,3.8013,3.8014,3.7378,3.7321,3.7621,3.8263,3.6502,3.7008,3.7375,3.7485,3.7612,3.784,3.8267,4.2451,3.9718,4.2116,4.1266,4.16,4.3016,4.1171,4.1829,4.2386,4.4107,4.4891,4.494,4.6184,4.6127,4.7052,4.3417,4.3134,4.5773,3.7893,3.5217,10.003,29.486,17.936,16.15,13.017,11.295,10.843,9.9972,10.666,11.046,15.234,19.426,31.917,25.111,18.342,15.139,16.061,5.1777,6.7901,5.6258,5.5532,5.2971,9.4002,7.1309,15.95,15.882,7.481,5.0675,5.413,4.5365,5.3869,4.8367,9.6539,14.316,13.987,14.617,9.7786,10.335,8.4275,5.1334,5.901,3.7423,3.7169,3.6515,6.6406,6.6341,7.6155,10.806,15.353,16.792,12.385,7.1264,5.2245,4.8476,4.7315,4.274,4.5307,4.867,6.2646,13.915,5.8336,11.628,10.866,10.349,13.472,12.005,12.865,12.569,12.519,11.041,7.731,8.7987,6.2789,10.057,8.0481,4.5581,4.402,4.2264,4.1915,4.0954,4.1318,3.9853,3.9018,3.8306,3.8683,4.2164,3.9226,3.8049,3.7716,3.8199,3.6766,5.0001,4.9271,4.3284,4.4718,4.2328,3.7724,3.8678,3.7402,3.77,3.7599,4.587,3.6167,4.1062,3.3741,3.6707,3.3099,3.4291,3.4432,3.2944,3.4565,3.4925,3.9185,3.4795,4.1096,3.9968,3.9502,3.6816,3.6891,3.8494,3.7376,3.8356,3.8108,4.0852,4.4025,4.2763,4.2066,4.0871,4.1645,4.0974,4.1516,4.1701,4.1304,4.1858,4.1737,4.1609,4.16,3.8585,3.9158,3.9398,3.8224,3.8922,3.986,4.0631,4.0837,4.1344,4.1578,4.1577,4.1624,4.1579,4.175,4.1677,4.1987,4.1738,4.1811,4.1984
2008,2,1.8657,1.6669,1.7657,3.9074,2.2857,1.9194,1.7373,3.2973,8.7899,3.4083,4.4666,4.0722,3.49,2.3243,2.7811,2.3817,1.5542,1.3967,1.3473,1.2968,1.7444,1.6564,1.6743,1.7283,2.905,1.5984,1.1805,1.1381,1.3655,1.5499,1.5995,1.6557,1.5369,1.534,1.3963,1.4568,1.4158,1.407,1.4448,1.4521,1.4417,1.3525,1.7906,4.3345,1.3339,1.2907,2.5095,2.5704,3.4885,4.9946,4.3512,2.268,4.8233,7.7709,1.2179,1.2742,1.2822,1.2522,1.2389,1.2167,1.1874,1.1739,1.1368,1.2045,1.1692,1.1565,1.1422,1.1406,1.1348,1.1338,1.1398,1.158,1.1754,1.2042,1.1385,1.1433,1.1428,1.1415,1.3225,1.312,1.3276,1.3353,1.325,1.2629,1.2147,1.1929,1.2207,1.1656,1.2125,1.2642,1.3208,1.3803,1.439,1.4029,1.4878,1.5279,1.5435,1.5626,1.5692,1.5697,1.5648,1.493,1.4811,4.172,2.4218,3.8682,1.7883,1.4125,26.573,21.106,19.871,26.572,31.984,6.666,4.269,14.758,11.633,2.1351,1.938,7.3543,1.5774,20.602,5.1163,2.703,1.5458,18.913,18.968,2.3058,1.575,16.779,6.6702,1.6699,4.5986,1.714,1.8271,1.6133,1.6028,1.7008,1.408,1.3086,14.295,13.614,7.87,6.291,7.2938,13.972,17.87,15.781,15.534,12.757,6.0405,8.7125,14.509,11.39,7.3681,5.758,5.9678,13.478,18.191,15.236,13.742,14.573,17.619,17.037,11.805,5.9013,64.854,51.74,34.3,39.204,7.8073,14.807,4.004,5.3195,5.1973,7.4994,3.6335,3.8401,3.1366,4.5777,2.1927,1.3906,1.3811,1.3568,2.4874,2.5638,2.9141,4.0714,5.7319,6.2396,5.3702,2.648,4.3536,1.8013,1.7581,1.5881,1.6835,1.8085,2.3278,5.1704,2.1676,4.3208,4.0376,3.8454,5.0058,4.4608,4.7803,4.6704,4.6517,4.1027,2.8726,3.2694,2.3331,3.7368,2.9905,1.6937,1.6357,1.5704,1.7287,1.5218,1.5353,4.3143,1.4498,1.4234,1.4374,1.5667,1.4576,1.4138,1.4014,1.4194,1.3662,17.069,28.327,2.5464,32.828,9.3079,1.4018,1.4829,1.3898,1.4008,1.3971,3.8266,1.3439,1.9269,1.2537,1.3639,1.2299,1.2742,1.2794,1.2241,1.2844,1.2977,1.8721,1.2929,33.787,27.844,37.7,18.912,25.485,36.851,5.0767,7.1774,1.416,1.518,32.253,13.882,3.6263,1.5187,1.5607,1.5225,1.5426,1.5495,1.5348,1.5554,1.5508,1.5461,1.5458,1.4337,1.455,1.4639,1.4203,1.4463,1.4811,1.5098,1.5174,1.5362,1.545,1.5449,1.5466,1.545,1.5513,1.5486,1.5601,1.5509,1.5536,1.56
2008,3,0.78391,0.61939,0.65609,1.4519,0.84932,0.71322,0.64553,1.2252,3.2661,1.2664,1.6597,1.5131,1.2968,0.86366,1.0334,0.88498,0.57752,0.51899,0.50064,0.48188,0.64816,0.61547,0.62212,0.6422,1.7547,0.59393,0.43866,0.4229,0.5074,0.5759,0.59434,0.6152,0.57107,0.56998,0.51884,0.54132,0.52606,0.5228,0.53687,0.53958,0.53571,0.50254,0.66534,2.5193,0.49563,0.47961,1.5122,1.6344,2.3742,3.435,2.9958,1.3862,3.3281,5.0731,0.45254,0.47346,0.47645,0.46529,0.46034,0.45209,0.44121,0.43618,0.42241,0.44756,0.43444,0.42972,0.42442,0.42382,0.42168,0.42129,0.42353,0.4303,0.43675,0.44747,0.42305,0.42482,0.42463,0.42414,0.4914,0.48752,0.49332,0.49618,0.49234,0.46926,0.45136,0.44326,0.45357,0.43312,0.45053,0.46973,0.49078,0.5129,0.53469,0.52129,0.55285,0.56775,0.57351,0.58062,0.58309,0.58325,0.58146,0.55476,0.55033,2.8283,1.4447,2.5949,0.88312,0.52485,12.057,10.332,9.9874,12.347,13.915,4.4343,2.9,8.1501,6.9003,1.2074,1.0255,4.8118,0.58612,10.119,3.4209,1.6318,0.57437,9.5835,9.6143,1.2781,0.58522,8.8779,4.3698,0.62048,3.0187,0.63688,0.72648,0.59946,0.59555,0.63198,0.52319,0.48623,7.9082,5.0934,3.5685,2.5085,3.8718,7.7394,9.3048,8.5156,8.4104,7.1944,2.2945,3.2535,5.3985,4.2324,2.748,2.2192,2.2175,9.3245,10.892,9.9422,9.4061,10.652,9.2508,9.3925,6.4554,2.1928,26.829,22.847,18.262,17.864,4.9566,8.1673,1.7302,1.9766,1.9312,3.8011,1.3501,1.4269,1.1686,2.9384,0.81474,0.5167,0.51319,0.50417,0.92427,0.95266,1.0828,1.5468,2.1464,2.3185,2.4253,0.98394,2.7629,0.6693,0.65328,0.59011,0.62555,0.67198,0.86495,1.9212,0.80544,1.6055,1.5003,1.4289,1.86,1.6575,1.7763,1.7354,1.7285,1.5245,1.0674,1.2148,0.86692,1.3885,1.1112,0.62934,0.60778,0.58353,0.74466,0.56545,0.57048,2.8957,0.53872,0.52889,0.53409,0.58216,0.5416,0.52534,0.52074,0.52741,0.50763,12.808,15.607,1.4617,15.186,5.8118,0.52086,0.5787,0.51641,0.52052,0.51912,2.2473,0.49936,0.74599,0.46586,0.50681,0.457,0.47345,0.47539,0.45486,0.47724,0.4822,0.79511,0.48041,14.67,12.655,15.614,9.5992,11.725,15.477,3.4458,4.7125,0.52616,0.56404,16.178,7.8223,2.36,0.5643,0.5799,0.56572,0.57321,0.57577,0.57028,0.57793,0.57626,0.5745,0.57437,0.53274,0.54065,0.54396,0.52775,0.5374,0.55034,0.56099,0.56384,0.57083,0.57407,0.57405,0.57469,0.57408,0.57644,0.57542,0.57971,0.57628,0.57728,0.57968
2008,4,0.29128,0.23015,0.24379,0.53949,0.31559,0.26502,0.23986,0.45525,1.2136,0.47058,0.6167,0.56225,0.48186,0.32092,0.38399,0.32884,0.21459,0.19285,0.18603,0.17905,0.24084,0.2287,0.23117,0.23863,1.9226,0.22069,0.163,0.15714,0.18854,0.21399,0.22084,0.22859,0.2122,0.21179,0.19279,0.20114,0.19547,0.19426,0.19949,0.2005,0.19906,0.18673,0.24722,0.93611,0.18417,0.17821,0.5619,0.60731,0.8822,1.2764,1.1132,0.51509,1.2367,1.885,0.16815,0.17593,0.17704,0.17289,0.17105,0.16799,0.16395,0.16207,0.15696,0.1663,0.16143,0.15968,0.1577,0.15748,0.15668,0.15654,0.15737,0.15989,0.16229,0.16627,0.1572,0.15785,0.15778,0.1576,0.18259,0.18115,0.1833,0.18437,0.18294,0.17437,0.16771,0.16471,0.16854,0.16094,0.16741,0.17454,0.18236,0.19058,0.19868,0.1937,0.20543,0.21096,0.2131,0.21574,0.21666,0.21672,0.21606,0.20614,0.20449,1.0509,0.53683,0.96422,0.32815,0.19502,4.6882,3.8967,3.7829,4.955,5.7046,1.6477,1.0776,3.0284,2.564,0.44866,0.38106,1.788,0.21779,3.7754,1.2711,0.60635,0.21342,3.5615,3.5834,0.4749,0.21745,3.2988,1.6237,0.23056,1.1217,0.23665,0.26994,0.22274,0.22129,0.23483,0.19441,0.18067,2.9385,1.8926,1.326,0.93211,1.4387,2.8758,3.4575,3.1642,3.1251,2.6733,0.8526,1.2089,2.0059,1.5726,1.0211,0.8246,0.82396,4.3202,4.8276,4.5223,4.3418,5.1621,3.4627,3.7249,2.3987,0.81478,12.378,10.646,8.6185,8.1321,1.8418,3.0348,0.6429,0.73446,0.71759,1.4124,0.50167,0.5302,0.43422,1.0918,0.30274,0.19199,0.19069,0.18734,0.34344,0.35398,0.40235,0.57474,0.79754,0.8615,0.9012,0.36561,1.0266,0.2487,0.24274,0.21927,0.23244,0.24969,0.3214,0.71387,0.29928,0.59657,0.55747,0.53093,0.69114,0.61589,0.66001,0.64484,0.64226,0.56645,0.39662,0.4514,0.32213,0.51594,0.4129,0.23385,0.22584,0.21683,0.2767,0.21011,0.21198,1.076,0.20017,0.19652,0.19846,0.21632,0.20124,0.19521,0.19349,0.19597,0.18862,6.3572,7.2824,0.54314,6.642,2.1595,0.19354,0.21503,0.19189,0.19341,0.19289,0.83503,0.18555,0.27719,0.1731,0.18832,0.16981,0.17592,0.17665,0.16902,0.17733,0.17917,0.29545,0.17851,6.1566,5.0639,6.5934,3.5847,4.5338,6.5559,1.2804,1.751,0.19551,0.20958,7.4077,2.9113,0.87693,0.20968,0.21548,0.21021,0.21299,0.21394,0.2119,0.21475,0.21412,0.21347,0.21342,0.19795,0.20089,0.20212,0.1961,0.19968,0.20449,0.20845,0.20951,0.21211,0.21331,0.2133,0.21354,0.21331,0.21419,0.21381,0.21541,0.21413,0.2145,0.21539
2008,5,5.137,0.085518,0.090586,0.20046,0.11727,0.098474,0.089128,0.16916,0.45095,0.17486,0.22915,0.20892,0.17905,0.11925,0.14268,0.12219,0.093245,0.96622,5.0866,0.13205,7.3032,0.084978,0.89993,1.2194,23.885,4.9381,0.89605,3.7322,0.070057,0.079514,0.08206,0.08494,0.078848,0.078697,0.95882,0.07474,0.072633,0.072183,0.074125,0.074499,0.073965,0.069386,0.091862,0.34784,0.068432,0.066219,0.20879,0.22566,0.3278,0.47427,0.41363,0.1914,0.45951,0.70044,0.062482,0.065371,0.065782,0.064242,0.063558,0.06242,0.060918,0.060223,0.058322,0.061794,0.059983,0.059332,0.058599,0.058517,0.05822,0.058167,0.058476,0.059411,0.060302,0.061782,0.05841,0.058654,0.058628,0.05856,0.067847,0.067311,0.068112,0.068507,0.067977,0.06479,0.062319,0.061201,0.062624,0.0598,0.062204,0.064855,0.067761,0.070815,0.073825,0.071973,0.076331,0.078388,0.079184,0.080165,0.080507,0.080529,0.080282,0.076595,0.075983,0.3905,0.19947,0.35828,0.12193,0.072466,1.742,1.4479,1.4056,1.8412,2.1197,0.61224,0.4004,1.1253,0.95272,0.16671,0.14159,0.66437,0.080925,1.4028,0.47233,0.22531,0.079302,1.419,1.3328,0.17646,0.0808,3.3705,1.2111,0.085669,2.6166,0.087933,0.1003,0.082766,0.082226,0.087257,0.072236,0.067134,43.205,19.089,5.3937,2.1649,5.2438,13.824,23.765,34.367,31.159,20.776,7.4967,14.112,7.6252,2.3673,3.1927,0.35712,0.30617,12.942,14.159,9.7955,9.0888,12.651,3.5373,3.57,0.8913,0.30275,17.101,5.0757,7.7455,3.0217,0.68436,1.1277,0.23889,0.27291,0.26664,0.52482,0.18641,0.19701,0.16135,0.40571,0.11249,0.071341,0.070855,0.06961,1.443,3.5845,0.40866,1.6676,0.76411,0.32011,0.58669,0.13585,1.1293,0.09241,0.090197,0.081476,3.7942,9.6745,6.5133,0.39605,0.11121,1.9091,1.7603,0.19728,0.25681,0.22885,0.24525,0.23961,0.23865,0.21048,2.4402,0.16773,0.1197,0.19171,0.15342,0.086892,0.083916,0.080568,0.10281,0.078071,0.078766,0.39981,0.07438,0.073023,0.073742,0.080378,0.074778,0.072534,0.071898,0.072819,0.070088,12.288,4.0385,0.20182,2.468,0.80242,0.071915,0.079901,0.0713,0.071868,0.071675,0.31028,0.068946,0.103,0.064321,0.069975,0.063097,0.065369,0.065637,0.062802,0.065892,0.066577,0.10978,0.066329,2.2876,1.8816,2.45,1.332,1.6846,2.436,0.47576,0.65065,0.072646,0.077876,2.7525,1.0818,0.32585,0.077913,0.080067,0.078108,0.079142,0.079496,0.078738,0.079795,0.079563,0.079321,0.079303,0.073554,0.074647,0.075105,0.072866,0.074198,0.075985,0.077456,0.077848,0.078815,0.079261,0.079259,0.079348,0.079263,0.079589,0.079448,0.08004,0.079566,0.079705,0.080036
2008,6,31.624,2.4964,6.8518,6.9377,0.043573,0.33683,1.4619,0.062856,0.19319,0.064972,0.085147,0.077629,0.066531,0.044309,0.053017,0.045403,2.3178,4.1452,11.034,1.7935,23.172,4.1156,6.5088,7.9345,22.945,11.719,2.5293,6.6712,0.026031,0.029546,0.030492,0.031562,0.029298,0.029242,1.7019,0.027772,0.026989,0.026821,0.027543,0.027682,0.027484,0.025782,0.034134,0.12925,0.025428,0.024606,0.077582,0.083851,0.1218,0.17623,0.15369,0.071118,0.17074,0.26027,0.023217,0.02429,0.024443,0.023871,0.023617,0.023194,0.022636,0.022377,0.021671,0.022961,0.022288,0.022046,0.021774,0.021744,0.021633,0.021614,0.021728,0.022076,0.022407,0.022957,0.021704,0.021794,0.021785,0.02176,0.02521,0.025011,0.025309,0.025456,0.025259,0.024075,0.023156,0.022741,0.02327,0.02222,0.023114,0.024099,0.025178,0.026313,0.027432,0.026744,0.028363,0.029127,0.029423,0.029788,0.029915,0.029923,0.029831,0.028461,0.028234,0.1451,0.07412,0.13313,0.045307,0.026926,1.5156,0.53802,0.90567,4.9909,8.5116,0.22749,0.14878,1.6481,0.7918,0.061946,0.052612,0.24686,0.03007,9.6368,2.2604,0.083718,0.029467,13.193,12.585,0.065569,0.030024,19.22,13.465,0.031833,15.358,0.032674,1.5827,0.030754,0.030553,0.032423,0.026841,0.024945,33.313,17.722,6.2634,2.8935,6.507,13.396,18.312,19.608,18.592,14.931,7.276,13.042,7.4505,2.0729,2.7023,0.16343,0.11376,10.656,11.487,7.537,6.8903,9.0671,2.4868,2.5311,0.33119,0.1125,26.026,15.508,12.988,7.1894,0.25429,0.85884,0.088765,0.10141,0.099077,0.19501,0.069266,0.073205,0.059952,0.15075,0.041799,0.026508,0.026328,0.025865,23.885,28.92,12.6,8.7973,2.7524,0.22937,0.96967,0.050479,2.1749,0.034338,0.033515,0.39873,18.033,27.435,26.228,14.555,3.0616,20.751,20.405,7.5531,0.36521,11.014,0.69716,0.089033,8.7232,0.07821,23.846,0.67551,0.044476,0.071235,0.057008,0.032287,0.031181,0.029937,0.038203,0.02901,0.029267,0.14856,0.027638,0.027134,0.027401,0.029867,0.027786,0.026952,0.026716,0.027058,0.026043,12.958,10.108,0.074992,4.8177,0.29816,0.026722,0.029689,0.026493,0.026704,0.026633,0.11529,0.025619,0.038272,0.0239,0.026001,0.023446,0.024289,0.024389,0.023336,0.024484,0.024739,0.040792,0.024646,6.1977,4.5857,5.9363,0.49493,0.62598,4.7805,0.17678,0.24177,0.026994,0.028937,6.1508,0.40196,0.12108,0.02895,0.029751,0.029023,0.029407,0.029539,0.029257,0.02965,0.029564,0.029474,0.029467,0.027331,0.027737,0.027907,0.027075,0.02757,0.028234,0.028781,0.028927,0.029286,0.029452,0.029451,0.029484,0.029452,0.029573,0.029521,0.029741,0.029565,0.029617,0.029739
2008,7,74.727,50.792,56.593,49.45,19.584,40.2,39.011,30.123,19.736,26.354,21.568,25.124,13.739,4.1143,12.104,13.771,34.408,30.33,35.543,22.401,65.196,48.918,41.54,40.856,36.72,25.387,8.0212,10.834,0.0096727,0.010978,0.01133,0.011728,0.010886,0.010866,7.6363,0.010319,0.010028,0.0099662,0.010234,0.010286,0.010212,0.00958,4.429,16.224,0.0094483,0.0091428,8.255,0.031157,0.04526,0.065482,0.057109,0.026426,0.063445,0.096709,0.0086269,0.0090257,0.0090825,0.0088698,0.0087755,0.0086183,0.0084109,0.0083149,0.0080525,0.0085319,0.0082818,0.0081919,0.0080907,0.0080794,0.0080384,0.0080311,0.0080737,0.0082028,0.0083259,0.0085302,0.0080646,0.0080983,0.0080948,0.0080854,0.0093676,0.0092936,0.0094042,0.0094588,0.0093856,0.0089455,0.0086043,0.00845,0.0086465,0.0082566,0.0085885,0.0089545,0.0093557,0.0097774,0.010193,0.0099373,0.010539,0.010823,0.010933,0.011068,1.6966,2.7437,0.011084,0.010575,0.010491,9.022,5.1585,9.3096,1.9692,0.010005,28.203,28.587,29.922,34.345,36.081,12.58,6.4707,25.933,21.6,2.0315,1.0578,12.455,3.643,38.453,29.665,18.622,2.9858,36.683,40.793,17.601,5.681,42.286,42.363,9.1522,43.444,2.8537,18.842,0.011427,0.011353,0.012048,0.0099736,0.0092691,47.407,41.647,32.649,26.936,28.225,32.278,35.843,35.004,34.133,31.656,24.593,35.495,28.41,18.297,15.316,7.014,0.042272,18.808,18.954,14.809,14.293,16.777,8.8762,8.2195,3.1408,0.041801,33.715,26.484,21.213,20.68,0.094489,8.7317,0.032983,0.03768,0.036815,1.1439,0.025738,0.027201,0.022277,2.3758,0.015532,0.0098499,0.0097829,0.009611,66.005,66.513,52.309,42.884,34.769,23.984,17.123,3.5338,15.864,29.075,39.463,52.423,69.266,68.298,59.267,39.195,45.862,46.702,47.726,37.587,21.653,39.562,23.806,13.112,33.637,14.065,57.305,30.154,0.10692,2.8461,20.45,0.011997,1.2743,0.011124,1.1608,0.010779,0.010875,16.455,0.01027,0.010082,0.010181,0.011098,0.010325,0.010015,0.0099269,0.010054,0.009677,25.075,26.029,0.53873,20.608,2.5987,0.0099292,0.011032,0.0098443,0.0099227,0.0098961,0.04284,0.0095194,0.014221,0.0088808,0.0096614,0.0087118,0.0090254,0.0090625,0.0086711,0.0090976,0.0091923,0.015157,0.009158,26.274,28.305,29.592,17.805,24.376,32.583,6.6038,18.491,0.01003,0.10226,27.636,22.02,4.6187,0.043782,12.697,4.8107,0.010927,0.010976,0.010871,0.011017,0.010985,0.010952,0.010949,0.010156,0.010307,0.01037,0.010061,0.010244,0.010491,0.010694,0.010748,0.010882,0.010944,0.010943,0.010955,0.010944,0.010989,0.010969,0.011051,0.010986,0.011005,0.01105
2008,8,61.009,41.566,43.494,43.131,31.807,38.339,33.526,27.163,29.07,25.755,25.683,26.154,19.92,10.019,16.912,14.411,29.686,25.989,27.165,19.705,58.935,44.343,37.513,39.215,27.229,26.454,8.8714,9.613,0.0035941,0.0040794,0.00421,0.0043577,0.0040452,0.0040374,9.1463,0.0038344,0.0037263,0.0037032,0.0038029,0.0038221,0.0037947,0.0035597,30.443,32.969,0.59712,0.067994,21.223,0.011577,0.065921,0.024332,0.02122,0.0098193,0.023575,0.035935,0.0032056,0.0033537,0.0033749,0.0032958,0.0032608,0.0032023,0.0031253,0.0030896,0.0029921,0.0031703,0.0030773,0.0030439,0.0030063,0.0030021,0.0029869,0.0029842,0.003,0.003048,0.0030937,0.0031696,0.0029966,0.0030091,0.0030078,0.0030043,0.0034808,0.0034533,0.0034944,0.0035147,0.0034875,0.003324,0.0031972,0.0031398,0.0032128,0.0030679,0.0031913,0.0033273,0.0034764,0.0036331,0.0037875,0.0036925,0.003916,0.0040216,0.0040624,6.0071,16.679,18.982,9.1692,2.2613,0.482,22.71,17.879,21.25,13.851,7.08,45.006,45.349,44.572,45.361,45.785,25.242,21.951,39.412,34.256,15.01,17.475,31.994,23.917,45.668,41.673,38.419,24.88,42.572,46.1,37.201,27.573,43.978,43.525,27.976,42.218,18.493,31.552,0.044649,0.0042185,0.0044766,0.003706,0.0034442,86.464,66.924,72.968,69.81,72.551,81.389,74.195,40.838,43.604,47.692,44.446,56.426,49.726,34.837,21.79,13.562,0.015707,23.867,24.223,15.958,15.398,17.415,10.124,8.7673,2.8639,0.015532,36.865,34.579,25.087,32.229,1.4793,20.463,0.012256,0.014001,0.013679,3.0018,0.0095635,0.010107,0.0082776,10.065,0.0057712,0.00366,0.0036351,0.0035712,66.221,64.451,66.519,82.198,82.216,68.367,46.352,23.801,29.323,57.653,59.249,54.654,61.291,64.123,64.751,62.652,62.757,62.807,62.26,57.196,54.81,61.198,54.614,47.021,56.544,44.574,62.687,54.029,15.021,29.5,43.454,8.034,13.251,2.6039,14.528,0.14402,4.1306,32.829,10.747,3.3176,9.6541,3.9586,4.1777,2.5956,3.4089,8.7048,2.7869,28.616,32.861,8.853,33.9,19.156,1.2864,4.8337,0.97597,1.6251,1.3018,2.0421,0.0035372,0.0052842,0.0032999,5.0402,0.0032371,0.0033536,0.0033674,0.003222,0.0033805,0.0034156,0.0056321,0.0034029,39.431,41.864,41.871,39.787,42.179,44.767,33.4,38.283,7.3816,10.195,45.191,40.35,25.297,11.108,30.135,22.065,5.765,0.0040784,1.8518,0.0040937,0.0040819,0.0040694,0.0040685,1.0557,0.0038297,0.53177,1.7377,6.2,4.1207,1.2918,0.0039939,0.0040435,0.0040664,0.0040663,0.0040708,0.0040664,0.0040832,0.004076,0.0041063,0.004082,0.0040891,0.0041061
2008,9,30.159,24.601,29.273,32.662,25.145,25.414,20.439,17.334,17.826,16.65,16.613,16.822,13.267,7.3838,11.238,8.4435,17.028,14.575,14.965,11.142,25.98,22.74,19.28,19.397,14.519,13.573,4.9246,5.0402,0.0013355,0.0015158,0.0015643,0.0016192,0.0015031,0.0015002,5.2442,0.0014248,0.0013846,0.001376,0.0014131,0.0014202,0.00141,0.0013227,13.623,14.637,0.56038,0.064349,10.753,0.0043018,0.054257,0.009041,0.007885,0.0036486,0.0087598,0.013353,0.0011911,0.0012462,0.001254,0.0012246,0.0012116,0.0011899,0.0011613,0.001148,0.0011118,0.001178,0.0011435,0.001131,0.0011171,0.0011155,0.0011099,0.0011088,0.0011147,0.0011326,0.0011495,0.0011778,0.0011135,0.0011181,0.0011176,0.0011163,0.0012934,0.0012832,0.0012984,0.001306,0.0012959,0.0012351,0.001188,0.0011667,0.0011938,0.00114,0.0011858,0.0012363,0.0012917,0.00135,0.0014073,0.001372,0.0014551,0.0014943,0.0015095,4.4839,9.9581,10.961,6.4173,1.9277,0.45521,11.624,9.7085,10.972,8.1121,4.9811,19.095,19.759,19.533,19.598,19.467,12.558,11.381,17.681,15.851,8.6394,9.9083,15.034,11.86,19.192,17.587,16.426,11.955,17.74,19.05,15.962,12.751,18.18,17.956,12.706,17.526,9.4818,13.91,0.041104,0.0015675,0.0016634,0.0013771,0.0012798,33.252,27.246,25.295,24.99,26.651,29.393,28.099,18.717,19.47,20.577,19.287,24.128,20.767,15.626,10.768,7.499,0.0058365,12.047,11.991,8.2944,8.0408,8.9265,5.5249,4.7419,1.2648,0.0057714,16.233,15.134,11.987,14.269,1.303,10.255,0.004554,0.0052025,0.005083,2.1013,0.0035536,0.0037556,0.0030758,6.1327,0.0021444,0.00136,0.0013507,0.001327,29.44,28.481,27.624,30.146,28.448,24.427,19.387,12.992,14.872,26.654,26.887,24.553,26.447,26.72,25.534,22.594,25.922,23.508,23.707,21.877,20.022,22.595,20.131,18.752,21.347,18.512,26.024,23.164,9.7689,13.673,17.774,6.0855,8.6776,2.192,8.5498,0.1375,3.2203,16.283,7.5532,2.808,7.0074,3.1048,3.2446,2.1744,2.7456,6.3653,2.312,14.077,15.099,5.9573,15.072,10.135,1.1582,3.8373,0.89511,1.4709,1.171,1.7568,0.0013143,0.0019635,0.0012262,3.7718,0.0012028,0.0012461,0.0012513,0.0011972,0.0012561,0.0012692,0.0020928,0.0012644,16.799,17.71,17.786,17.748,18.423,18.988,16.243,17.965,5.5259,7.2093,18.599,17.754,12.917,8.0554,16.397,13.168,4.7494,0.0015154,1.6323,0.0015211,0.0015167,0.0015121,0.0015118,1.0159,0.001423,0.51466,1.6062,5.2491,3.7383,1.1913,0.001484,0.0015025,0.001511,0.0015109,0.0015126,0.001511,0.0015172,0.0015145,0.0015258,0.0015168,0.0015194,0.0015257
2008,10,51.277,64.386,81.249,90.174,92.363,85.544,76.181,110.23,137.78,120.1,124.14,120.93,107.85,84.491,94.067,53.544,51.255,41.768,44.799,39.346,29.941,42.444,37.041,32.647,39.103,20.159,9.5082,7.4014,0.00049624,0.00056323,0.00058127,0.00060167,0.00055851,0.00055744,5.485,0.00052941,0.00051449,0.0005113,0.00052506,0.00052771,0.00052393,0.00049149,5.8561,6.299,0.20823,0.02391,4.9347,0.0015985,0.020161,0.0033594,0.0029299,0.0013557,0.0032549,0.0049615,0.00044259,0.00046305,0.00046596,0.00045505,0.00045021,0.00044215,0.00043151,0.00042658,0.00041312,0.00043771,0.00042489,0.00042027,0.00041508,0.0004145,0.0004124,0.00041202,0.00041421,0.00042083,0.00042714,0.00043763,0.00041374,0.00041547,0.00041529,0.00041481,0.00048059,0.00047679,0.00048246,0.00048527,0.00048151,0.00045894,0.00044143,0.00043351,0.00044359,0.00042359,0.00044062,0.0004594,0.00047998,0.00050161,0.00052293,0.00050982,0.00054069,0.00055526,0.0005609,1.7617,4.3036,4.7714,2.6777,0.71629,0.16915,4.6648,3.8415,4.3302,3.1976,1.9021,7.9658,8.4511,8.3178,8.2099,8.0211,5.0391,4.61,7.381,6.5071,3.4408,4.1384,6.2573,4.7973,7.7625,6.9979,6.5785,4.767,6.8412,7.5425,6.3321,5.0104,6.9486,6.8248,4.8002,6.5673,3.5232,5.1687,0.015273,0.00058244,0.00061808,0.00051168,0.00047554,14.792,12.094,10.848,10.873,11.788,13.076,12.454,7.8737,8.2164,8.7779,8.2017,10.665,8.8608,6.3008,4.0044,2.7865,0.0021687,4.7735,4.6516,3.082,2.9878,3.3257,2.0529,1.762,0.46997,0.0021445,6.2411,5.697,4.4596,5.3624,0.48418,3.8104,0.0016921,0.0019331,0.0018887,0.78081,0.0013204,0.0013955,0.0011429,2.2788,0.00079682,0.00050533,0.0005019,0.00049307,15.166,14.6,12.867,13.378,12.542,10.62,8.3104,5.7596,6.3786,37.956,35.456,24.265,24.963,24.667,21.266,14.262,27.014,14.074,13.867,16.777,12.518,15.571,11.673,9.2892,10.902,8.4306,14.286,10.289,4.4251,5.807,7.5748,2.6621,3.8193,0.82168,3.4569,0.051091,1.2,7.2386,3.3305,1.1196,3.0911,1.1537,1.2056,0.80796,1.0218,2.7621,0.85909,5.7082,5.9463,2.3579,5.8724,4.0249,0.43035,1.5384,0.3326,0.56851,0.43511,0.65278,0.00048837,0.00072958,0.00045561,1.4015,0.00044695,0.00046303,0.00046494,0.00044485,0.00046674,0.00047159,0.00077762,0.00046984,6.6001,7.0934,7.1274,7.5504,7.7491,7.8039,7.2124,7.8274,2.3281,3.1512,7.5227,7.4242,5.4925,3.685,7.4715,6.0632,2.0853,0.0005631,0.61766,0.00056522,0.00056358,0.00056186,0.00056174,0.4092,0.00052876,0.19966,0.6462,2.4063,1.6933,0.46009,0.00055143,0.00055828,0.00056144,0.00056142,0.00056205,0.00056145,0.00056376,0.00056277,0.00056695,0.0005636,0.00056458,0.00056692
2008,11,18.851,20.414,22.938,24.242,23.591,22.952,21.363,23.893,25.603,24.446,24.687,24.52,23.157,20.495,21.825,17.095,17.676,15.771,16.352,15.009,13.606,16.568,15.138,14.082,15.212,10.147,5.8756,4.7517,0.00018439,0.00020928,0.00021599,0.00022357,0.00020753,0.00020713,3.5241,0.00019672,0.00019117,0.00018999,0.0001951,0.00019608,0.00019468,0.00018263,2.3994,5.5146,0.077372,0.0088846,2.2773,0.00059395,0.0074912,0.0012483,0.0010887,0.00050376,0.0012095,0.0018436,0.00016446,0.00017206,0.00017314,0.00016909,0.00016729,0.00016429,0.00016034,0.00015851,0.00015351,0.00016264,0.00015788,0.00015616,0.00015423,0.00015402,0.00015324,0.0001531,0.00015391,0.00015637,0.00015872,0.00016261,0.00015374,0.00015438,0.00015431,0.00015413,0.00017858,0.00017716,0.00017927,0.00018031,0.00017892,0.00017053,0.00016402,0.00016108,0.00016483,0.0001574,0.00016372,0.0001707,0.00017835,0.00018639,0.00019431,0.00018944,0.00020091,0.00020632,0.00020842,0.6546,1.5991,1.7729,0.99498,0.26616,0.062851,1.7333,1.4274,1.609,1.1881,0.70676,2.9599,3.1403,3.0907,3.0506,2.9804,1.8724,1.713,2.7426,2.4179,1.2785,1.5377,2.3251,1.7826,2.8843,2.6003,2.4444,1.7713,2.542,2.8026,2.3528,1.8617,2.5819,2.5359,1.7836,2.4403,1.3091,1.9206,0.0056752,0.00021642,0.00022966,0.00019013,0.0001767,5.4964,4.4938,4.0308,4.0403,4.3803,4.8587,4.6276,2.9257,3.053,3.2617,3.0476,3.963,3.2925,2.3412,1.4879,1.0354,0.00080584,1.7737,1.7704,1.1452,1.1102,1.2358,0.76282,0.6547,0.17463,0.00079686,2.3191,2.1169,1.6571,1.9925,0.17991,1.4158,0.00062876,0.0007183,0.0007018,0.29013,0.00049064,0.00051854,0.00042467,0.84674,0.00029608,0.00018777,0.00018649,0.00018321,6.6308,6.389,5.1317,4.9711,4.6603,3.9462,3.0879,2.1401,2.3701,15.851,15.226,11.683,11.942,11.831,10.488,7.2117,12.669,6.9704,6.7953,8.5883,6.4041,7.9292,5.8487,4.186,5.1095,3.4639,6.6399,3.8332,1.6443,2.2233,3.0433,0.98917,1.4192,0.30532,1.2845,0.018984,0.4459,2.7794,1.2375,0.416,1.1486,0.42867,0.44798,0.30022,0.37968,1.0367,0.31922,2.121,2.2095,0.87614,2.182,1.4956,0.15991,0.57164,0.12359,0.21125,0.16168,0.24256,0.00018147,0.0002711,0.0001693,0.52076,0.00016607,0.00017205,0.00017276,0.0001653,0.00017343,0.00017523,0.00028895,0.00017458,2.4524,2.6357,2.6484,2.8056,2.8794,2.8998,2.68,2.9085,0.86508,1.1709,2.7953,2.7587,2.0409,1.3693,2.7762,2.2529,0.77485,0.00020924,0.22951,0.00021002,0.00020941,0.00020877,0.00020873,0.15205,0.00019647,0.07419,0.24011,0.89414,0.6292,0.17096,0.0002049,0.00020744,0.00020862,0.00020861,0.00020885,0.00020862,0.00020948,0.00020911,0.00021067,0.00020942,0.00020979,0.00021066
2008,12,10.117,7.5854,8.5232,9.0462,8.7658,8.5283,7.9378,8.878,9.5136,9.0834,9.1732,9.111,8.6044,7.6156,8.1098,6.3521,6.5682,5.8603,6.0762,5.5768,13.158,6.1563,5.6251,5.2326,5.6525,3.7704,2.1832,1.7656,6.8516e-05,7.7765e-05,8.0255e-05,8.3072e-05,7.7113e-05,7.6966e-05,1.3095,7.3096e-05,7.1035e-05,7.0595e-05,7.2495e-05,7.2861e-05,7.2338e-05,6.7859e-05,0.89155,3.343,0.02875,0.0033013,0.8462,0.0002207,0.0027836,0.00046383,0.00040453,0.00018719,0.00044941,0.00068503,6.1108e-05,6.3933e-05,6.4335e-05,6.2829e-05,6.216e-05,6.1047e-05,5.9578e-05,5.8898e-05,5.7039e-05,6.0435e-05,5.8664e-05,5.8026e-05,5.731e-05,5.723e-05,5.694e-05,5.6888e-05,5.719e-05,5.8104e-05,5.8975e-05,6.0423e-05,5.7125e-05,5.7364e-05,5.7339e-05,5.7272e-05,6.6355e-05,6.583e-05,6.6613e-05,6.7e-05,6.6482e-05,6.3365e-05,6.0948e-05,5.9855e-05,6.1247e-05,5.8485e-05,6.0836e-05,6.3429e-05,6.627e-05,6.9257e-05,7.2201e-05,7.039e-05,7.4652e-05,7.6664e-05,7.7442e-05,0.24324,0.59419,0.65878,0.36971,0.098897,0.023354,0.64406,0.53039,0.59786,0.44149,0.26262,1.0998,1.1668,1.1484,1.1335,1.1075,0.69575,0.63649,1.0191,0.89844,0.47507,0.57139,0.86395,0.66236,1.0718,0.9662,0.90828,0.65817,0.94456,1.0414,0.87426,0.69178,0.95939,0.94229,0.66276,0.90674,0.48645,0.71364,0.0021088,8.0418e-05,8.5338e-05,7.0647e-05,6.5657e-05,2.0423,1.6698,1.4978,1.5013,1.6276,1.8054,1.7195,1.0871,1.1344,1.212,1.1324,1.4725,1.2234,0.86994,0.55289,0.38472,0.00029943,0.65907,0.68333,0.42553,0.41252,0.45918,0.28345,0.24327,0.064888,0.00029609,0.86171,0.78658,0.61573,0.74038,0.06685,0.52609,0.00023363,0.0002669,0.00026077,0.10781,0.00018231,0.00019268,0.0001578,0.31463,0.00011002,6.9771e-05,6.9297e-05,6.8078e-05,2.4639,2.374,1.9068,1.8471,1.7317,1.4663,1.1474,0.79523,0.88068,5.8897,5.8144,16.502,24.714,18.098,5.0114,2.6797,4.7076,2.59,2.525,3.1912,2.3796,2.9463,2.1732,1.5554,1.8986,1.2871,2.4672,1.4243,0.61098,0.82612,1.1308,0.36755,0.52733,0.11345,0.4773,0.0070541,0.16569,1.0328,0.45984,0.15458,0.42678,0.15929,0.16646,0.11155,0.14108,0.38521,0.11861,0.78813,0.821,0.32555,0.8108,0.55572,0.059418,0.21241,0.045922,0.078494,0.060076,0.090129,6.7429e-05,0.00010073,6.2906e-05,0.1935,6.1709e-05,6.393e-05,6.4193e-05,6.1421e-05,6.4442e-05,6.5113e-05,0.00010737,6.487e-05,0.91127,0.97938,0.98407,1.0425,1.0699,1.0775,0.99581,1.0807,0.32145,0.43508,1.0387,1.0251,0.75835,0.50879,1.0316,0.83714,0.28792,7.7747e-05,0.08528,7.8039e-05,7.7813e-05,7.7576e-05,7.7559e-05,0.056498,7.3005e-05,0.027567,0.089221,0.33224,0.2338,0.063524,7.6136e-05,7.7081e-05,7.7518e-05,7.7515e-05,7.7602e-05,7.7519e-05,7.7838e-05,7.7701e-05,7.8279e-05,7.7816e-05,7.7952e-05,7.8275e-05
2009,1,5.1442,2.8186,3.167,3.3645,3.2572,3.1689,2.9495,3.2989,3.535,3.3752,3.4085,3.3854,3.1972,2.8298,3.0134,2.3603,2.4406,2.1776,2.2578,2.0722,7.2857,2.2875,2.0902,1.9443,2.2719,1.401,0.81124,0.65606,2.5459e-05,2.8896e-05,2.9821e-05,3.0868e-05,2.8653e-05,2.8599e-05,0.48657,2.7161e-05,2.6395e-05,2.6231e-05,2.6937e-05,2.7073e-05,2.6879e-05,2.5215e-05,0.39742,20.387,3.8158,2.6507,7.0886,8.2007e-05,1.3016,0.00017235,0.00015031,6.9554e-05,0.00016699,0.00025454,2.2706e-05,2.3756e-05,2.3906e-05,2.3346e-05,2.3097e-05,2.2684e-05,2.2138e-05,2.1885e-05,2.1194e-05,2.2456e-05,2.1798e-05,2.1561e-05,2.1295e-05,2.1265e-05,2.1157e-05,2.1138e-05,2.125e-05,2.159e-05,2.1914e-05,2.2452e-05,2.1226e-05,2.1315e-05,2.1306e-05,2.1281e-05,2.4656e-05,2.4461e-05,2.4752e-05,2.4896e-05,2.4703e-05,2.3545e-05,2.2647e-05,2.2241e-05,2.2758e-05,2.1731e-05,2.2605e-05,2.3569e-05,2.4625e-05,2.5734e-05,2.6828e-05,2.6155e-05,2.7739e-05,2.8487e-05,2.8776e-05,0.090381,0.22079,0.24479,0.13738,0.036748,0.0086777,0.23932,0.19708,0.22215,0.16405,0.097582,0.40867,0.43357,0.42673,0.42119,0.45384,0.25852,0.23651,0.37867,0.33384,0.17652,0.21232,0.32102,0.24612,0.48657,0.35902,0.3375,0.24456,0.96884,0.84653,0.32486,0.25705,3.2252,2.769,0.24627,5.5514,0.18075,1.5203,0.00078356,2.9881e-05,3.171e-05,2.6251e-05,2.4397e-05,4.5022,7.0144,0.55653,0.55784,0.60478,0.67084,0.63893,0.98297,0.64235,0.45034,0.42078,1.6194,0.83001,0.32325,0.2109,0.14295,0.00011126,0.24489,0.33844,0.16999,0.15328,0.18245,0.17798,0.16473,0.024111,0.00011002,7.6739,2.588,1.1337,0.47953,0.02484,0.19548,8.6813e-05,9.9176e-05,9.6897e-05,0.040058,6.7742e-05,7.1594e-05,5.8634e-05,0.18536,4.088e-05,2.5925e-05,2.5749e-05,2.5296e-05,0.91551,0.88212,0.70854,0.68636,0.64345,0.54485,0.42635,0.29549,0.32724,2.1885,2.2543,8.7854,11.53,9.3907,2.4634,0.99572,1.7492,0.96239,0.93822,1.1858,0.88421,1.0948,0.80753,0.57796,0.70547,0.47826,0.91677,0.52925,0.22702,0.30697,0.42018,0.13657,0.19594,0.042155,3.9372,0.0026211,0.28396,5.6508,0.93717,0.057437,0.78215,0.19345,1.8209,0.58312,0.84376,1.246,3.881,0.33008,1.1108,0.12097,1.7604,0.20649,0.022078,0.43573,0.017063,0.029167,0.081044,6.6868,2.5055e-05,5.0881,0.05038,8.9909,0.99675,0.16374,2.3853e-05,0.57143,2.3945e-05,2.4194e-05,3.396,2.4104e-05,0.33876,0.36392,0.49156,0.38736,0.39755,0.57434,0.37002,0.40157,0.11944,0.16167,0.50521,0.38089,0.28178,0.18905,0.38331,0.31106,0.10698,2.8889e-05,0.031688,2.8998e-05,2.8913e-05,2.8825e-05,2.8819e-05,0.020993,2.7127e-05,0.010243,0.033152,0.12345,0.086873,0.023604,2.829e-05,2.8641e-05,2.8804e-05,2.8803e-05,2.8835e-05,2.8804e-05,2.8923e-05,2.8872e-05,2.9087e-05,2.8914e-05,2.8965e-05,2.9085e-05
2009,2,37.532,9.73,26.379,6.4884,1.2103,4.4297,1.3433,1.2258,1.3135,1.2541,1.2665,1.2579,1.188,1.0515,1.1197,0.87703,0.95555,0.80913,1.1205,0.76999,6.3379,2.0026,0.77665,0.72247,6.5324,0.52058,0.30144,0.24378,9.4599e-06,1.0737e-05,1.1081e-05,1.147e-05,1.0647e-05,1.0627e-05,0.74534,0.94278,0.67889,0.663,0.39637,0.36985,0.15697,9.3693e-06,0.18768,17.755,3.0106,2.234,8.811,1.0991,1.9054,0.26189,0.55434,2.5845e-05,6.2049e-05,9.4582e-05,8.4371e-06,0.36524,8.8827e-06,3.3717,1.0039,2.6634,3.7056,3.0934,4.695,4.9364,2.2235,0.90628,1.4768,3.1172,1.5856,1.6208,3.3184,1.6489,1.2771,2.8283,7.8872e-06,7.9202e-06,7.9167e-06,7.9075e-06,2.4132,3.9601,2.9468,4.462,3.1337,3.0529,1.0519,2.1429,8.4563e-06,0.022256,8.3996e-06,0.0084173,0.96868,9.5623e-06,9.9687e-06,9.7187e-06,1.0307e-05,1.0585e-05,1.0692e-05,0.033583,0.082039,0.090957,0.051046,0.013655,0.0032244,0.088925,0.073231,0.082547,0.060956,0.036259,0.15185,0.28896,0.39612,0.91343,0.99452,0.096062,0.08788,0.34056,0.27873,0.065592,0.078892,0.11928,0.091451,0.41184,0.1334,0.12541,0.090873,0.73804,0.61652,0.12071,0.095513,2.9249,2.1765,0.091507,4.0027,0.067163,1.2324,0.00029115,1.1103e-05,1.1783e-05,9.7542e-06,9.0652e-06,4.9464,6.4073,0.20679,0.20728,0.22472,0.24927,0.23741,3.4133,2.3446,0.34282,0.15635,1.1852,0.5277,0.12011,0.081689,0.053119,4.1342e-05,0.090997,0.2335,0.070392,0.056956,0.074991,0.17722,0.10614,0.10908,4.0881e-05,10.775,4.568,0.92035,0.74491,0.00923,0.072637,3.2258e-05,3.6851e-05,3.6005e-05,0.014885,2.5171e-05,2.6603e-05,2.1787e-05,0.11028,1.519e-05,9.6332e-06,9.5677e-06,9.3995e-06,0.46069,0.67795,0.26328,0.25503,0.23909,0.20245,0.15842,0.1098,0.1216,0.97593,1.2447,3.2644,5.5987,6.4035,0.91985,0.36999,0.64997,0.3576,0.34862,0.44061,0.32855,0.40679,0.30006,0.21476,0.26214,0.17771,0.34065,0.19666,0.084357,0.11406,0.15613,0.050748,0.072807,0.015664,8.3233,0.087598,0.81407,17.197,3.7182,0.023409,2.4886,0.15247,1.5659,0.52732,0.75526,1.9307,3.3437,0.14524,1.5206,1.3037,6.8508,4.7501,21.113,11.283,8.9932,4.4031,5.5344,12.263,0.5732,11.648,0.049237,6.1164,0.9148,0.95005,8.8631e-06,0.53897,0.4514,1.9032,20.667,1.2003,0.22393,0.13522,0.89465,0.14394,0.15057,1.4007,0.13749,1.1089,0.044382,0.07399,0.5603,1.7931,1.6256,9.3618,14.334,10.386,0.045801,1.0734e-05,0.011775,1.0775e-05,1.0744e-05,1.0711e-05,1.0708e-05,1.4931,1.008e-05,0.91219,3.1959,4.4795,2.0691,0.0093231,1.0512e-05,1.0642e-05,1.0703e-05,1.0703e-05,1.0714e-05,1.0703e-05,1.0747e-05,1.0728e-05,1.0808e-05,1.0744e-05,1.0763e-05,1.0807e-05
2009,3,14.133,6.0725,11.624,4.3529,0.44972,3.0753,0.64566,0.45547,0.48808,0.46601,0.47062,0.46742,0.44144,0.39071,0.41606,0.32588,0.38457,0.30065,0.58256,0.28611,3.898,1.3636,0.28859,0.26845,5.0279,0.19344,0.11201,0.090581,3.5151e-06,3.9896e-06,4.1174e-06,4.2619e-06,3.9562e-06,3.9486e-06,0.59991,0.8682,0.63583,0.6216,0.37827,0.35359,0.1523,3.4814e-06,0.28605,40.542,12.913,13.065,21.409,5.3436,15.224,9.9713,3.9218,0.34037,2.7875,5.2441,3.9659,3.5573,3.3006e-06,5.787,4.9533,10.145,12.268,8.503,13.565,3.7109,1.9008,0.83651,1.3166,2.545,1.4047,1.4329,5.4506,2.3161,1.1522,2.3427,2.9307e-06,2.943e-06,2.9417e-06,2.9382e-06,2.2004,3.2729,2.6451,4.0942,2.5749,2.5004,0.96209,1.8399,3.1422e-06,0.021797,3.1211e-06,0.0082482,0.8906,3.5531e-06,3.7041e-06,3.6112e-06,3.8299e-06,3.9331e-06,3.9731e-06,0.012479,0.030484,0.033798,0.018967,0.0050738,0.0011981,0.51253,0.16088,0.93124,0.02265,0.013473,11.072,4.9374,4.7108,10.554,22.818,0.99647,0.30997,9.4714,6.5495,0.024372,0.029314,4.7948,13.607,46.804,54.475,41.983,24.64,85.825,72.322,45.896,35.124,111.19,115.97,64.797,137.54,66.087,101.95,29.79,28.644,27.111,3.6354,0.49876,2.7017,3.2202,0.07684,0.077021,0.083501,0.092623,0.088217,4.5141,3.303,0.23222,0.058096,0.44191,0.19608,0.044631,0.030354,0.019738,1.5362e-05,9.612,13.633,7.0668,5.3117,6.2185,3.9588,3.6689,0.10086,1.5191e-05,49.933,49.485,35.154,44.172,19.319,60.053,1.1986e-05,1.3693e-05,1.3378e-05,0.0055308,9.3531e-06,9.885e-06,8.0955e-06,56.542,5.6442e-06,0.007618,3.5551e-06,0.60887,0.24363,0.45703,0.097827,0.094765,0.08884,0.075228,0.45031,0.040798,2.4505,0.46,0.69942,1.213,2.775,3.6999,0.34455,0.13748,0.24151,0.13288,0.12954,0.16372,0.12208,0.15115,0.11149,0.079799,0.097404,0.066033,0.12658,0.073073,0.031345,0.042383,0.058015,0.018857,0.027054,0.0058203,17.481,0.5294,5.836,33.502,4.9297,2.582,3.673,1.9437,4.3041,2.1117,2.6702,3.3859,8.3155,11.547,19.378,2.9175,28.06,21.381,19.013,9.3926,8.717,5.6796,7.4806,17.298,1.1518,19.672,0.95653,17.5,3.8282,3.9265,0.27385,3.7194,3.1322,4.9501,21.184,3.6293,35.479,31.486,22.927,1.3968,3.6691,14.359,0.091685,8.1683,0.016491,1.0672,25.166,22.38,17.043,21.193,30.88,23.214,1.457,3.9887e-06,0.10625,4.0037e-06,3.9921e-06,3.9799e-06,3.979e-06,6.8271,1.9999,6.0906,9.0677,11.626,7.8429,1.2028,3.906e-06,3.9545e-06,3.9769e-06,3.9768e-06,3.9812e-06,3.977e-06,3.9934e-06,3.9863e-06,4.016e-06,3.9922e-06,3.9992e-06,4.0158e-06
2009,4,5.2514,2.2564,4.3193,1.6175,0.1671,1.1427,0.23991,0.16924,0.18136,0.17316,0.17487,0.17368,0.16403,0.14518,0.1546,0.12109,0.1429,0.11172,0.21647,0.10631,1.4484,0.50667,0.10723,0.09975,2.2034,0.071876,0.041619,0.033658,1.3061e-06,1.4824e-06,1.5299e-06,1.5836e-06,1.47e-06,1.4672e-06,0.22291,0.3226,0.23626,0.23097,0.14056,0.13139,0.05659,1.2936e-06,0.23492,15.953,7.443,7.5097,10.55,3.7206,8.3195,6.2489,2.9315,0.32607,2.3137,3.8922,3.1106,2.7374,1.2264e-06,3.5213,3.4954,6.145,7.0727,5.2464,7.6035,1.3789,0.7063,0.31083,0.48921,0.94567,0.52195,0.53244,3.2965,1.3376,0.42812,0.87049,1.089e-06,1.0935e-06,1.0931e-06,1.0918e-06,0.91233,1.3155,1.1129,1.9008,0.96798,0.9291,0.35749,0.68367,1.1675e-06,0.0080992,1.1597e-06,0.0030649,0.33093,1.3203e-06,1.3764e-06,1.3419e-06,1.4231e-06,1.4615e-06,1.4763e-06,0.0046368,0.011327,0.012558,0.0070479,0.0018853,0.0004452,0.46731,0.14002,0.84294,0.0084161,0.0050063,6.7315,3.6695,3.5059,6.4704,10.665,0.89705,0.27895,6.0252,4.5867,0.0090562,0.010893,3.6159,7.7222,15.353,16.376,14.55,11.052,19.694,18.456,15.168,13.335,21.846,21.979,17.61,23.367,17.748,20.967,12.245,11.993,11.643,2.8952,0.47271,1.0039,1.1965,0.028552,0.028619,0.031027,0.034416,0.032779,2.6617,1.9852,0.086289,0.021587,0.1642,0.07286,0.016584,0.011279,0.007334,5.7081e-06,6.1052,7.7322,4.8862,3.9271,4.436,3.0768,2.9059,0.037477,5.6445e-06,17.089,16.335,13.396,15.006,9.6033,17.064,4.4538e-06,5.088e-06,4.9711e-06,0.0020551,3.4754e-06,3.673e-06,3.0081e-06,16.639,2.0973e-06,0.0074681,1.321e-06,0.57287,0.090527,0.16982,0.03635,0.035212,0.033011,0.027953,0.39556,0.015159,2.0532,0.17092,0.25989,0.45072,1.0311,1.3748,0.12803,0.051084,0.089741,0.049374,0.048134,0.060835,0.045363,0.056166,0.041429,0.029651,0.036193,0.024536,0.047033,0.027152,0.011647,0.015748,0.021557,0.0070067,0.010052,0.0021627,9.1545,0.45441,4.1037,14.364,2.9045,2.1623,2.281,1.6643,3.1686,1.7384,2.129,2.3184,5.329,6.9261,9.6877,1.9754,12.449,10.472,9.5419,4.6983,4.5515,3.2123,4.2647,9.0149,0.77583,9.9749,0.87107,9.1481,2.9237,2.8504,0.26354,2.8924,2.4127,3.2817,10.488,2.5405,13.422,12.613,10.682,1.227,2.9008,8.0018,0.058699,5.3223,0.0061277,0.95779,11.226,10.611,8.9608,10.516,13.567,11.208,1.2912,1.4821e-06,0.10085,1.4877e-06,1.4834e-06,1.4788e-06,1.4785e-06,4.5332,1.7306,4.2082,5.5422,6.7278,5.0186,1.0882,1.4514e-06,1.4694e-06,1.4777e-06,1.4777e-06,1.4793e-06,1.4778e-06,1.4838e-06,1.4812e-06,1.4922e-06,1.4834e-06,1.486e-06,1.4922e-06
2009,5,2.8985,0.83843,5.7587,8.2331,0.087695,3.1845,2.5614,1.5324,2.6037,0.83774,0.40738,0.45906,0.060949,0.053945,0.057445,0.044994,0.12323,0.041511,0.78669,0.039503,0.5382,0.18827,0.039845,0.037065,4.2802,0.026708,0.015465,0.012507,4.8532e-07,5.5084e-07,5.6848e-07,5.8843e-07,5.4622e-07,5.4518e-07,0.082829,0.11987,0.087788,0.085823,0.052227,0.04882,0.021027,4.8067e-07,0.08729,6.2121,2.7656,2.7904,3.9201,1.3825,3.0913,2.322,1.0893,0.12116,0.85971,1.4463,1.1558,1.0171,4.5571e-07,1.3084,1.2988,2.2833,2.628,1.9494,2.8253,0.51237,0.26244,0.1155,0.18178,0.35139,0.19394,0.19784,1.2249,0.49701,0.15908,0.32346,4.0464e-07,4.0633e-07,4.0615e-07,4.0568e-07,0.339,0.48879,0.41354,0.7063,0.35968,0.34523,0.13284,0.25404,4.3383e-07,0.0030095,4.3093e-07,0.0011388,0.12296,4.9058e-07,5.1143e-07,4.986e-07,5.2879e-07,5.4304e-07,5.4856e-07,0.0017229,0.0042089,0.0046664,0.0026188,0.00070053,0.00016542,0.17364,0.052028,0.31322,0.0031272,0.0018602,2.5013,1.3635,1.3027,2.4043,3.9688,0.33332,0.10365,2.2388,1.7043,0.0033651,0.0040474,1.3436,2.8694,6.9394,10.459,8.7569,5.8539,11.981,10.988,9.8163,8.726,18.423,25.007,20.87,32.466,18.028,19.858,4.55,4.4564,4.3264,1.0758,0.17565,0.37302,0.4446,0.010609,0.010634,0.011529,0.012788,0.01218,1,0.73765,0.032063,0.0080213,0.061014,0.027073,0.0061622,0.0041909,0.0027252,2.121e-06,2.2685,3.0974,1.8156,1.4592,1.6483,1.1433,1.0798,0.013926,2.0974e-06,12.388,8.0865,5.3582,5.9481,3.5684,6.4803,1.6549e-06,1.8906e-06,1.8472e-06,0.00076363,1.2914e-06,1.3648e-06,1.1177e-06,6.3533,7.7929e-07,0.002775,4.9086e-07,0.21287,0.033638,0.063101,0.013507,0.013084,0.012266,0.010387,0.14698,0.0056329,0.76291,0.063511,0.096569,0.16748,0.38314,0.51084,0.047572,0.018981,0.033346,0.018346,0.017885,0.022605,0.016856,0.02087,0.015394,0.011018,0.013448,0.0091171,0.017476,0.010089,0.0043278,0.0058517,0.00801,0.0026035,0.0037353,0.0008036,3.4016,0.16885,1.5248,5.3373,1.0792,0.80346,0.84757,0.61843,1.1774,0.64593,0.7911,0.86145,1.9801,2.5736,3.5997,0.734,4.6257,3.8913,3.5456,1.7458,1.6912,1.1936,1.5847,3.3497,0.28828,3.7064,0.32367,3.3992,1.0864,1.0591,0.097926,1.0747,0.89651,1.2194,3.8969,0.944,4.9903,4.6868,3.9692,0.45591,1.0779,2.9733,0.021811,1.9776,0.0022769,0.35589,4.2103,4.2331,3.3961,4.611,9.3407,5.4574,0.47978,5.5071e-07,0.037474,5.5279e-07,5.5118e-07,5.495e-07,5.4938e-07,1.6844,0.64305,1.5637,2.0593,2.4999,1.8648,0.40436,5.393e-07,5.4599e-07,5.4909e-07,5.4907e-07,5.4969e-07,5.491e-07,5.5136e-07,5.5039e-07,5.5448e-07,5.512e-07,5.5216e-07,5.5445e-07
2009,6,1.5971,0.31154,3.8268,5.3995,0.048146,2.4518,2.1188,1.334,2.1576,0.74384,0.35212,0.40053,0.022647,0.020045,0.021345,0.016719,0.088199,0.015424,1.0836,0.014678,0.19998,0.069956,0.014805,0.013772,6.315,0.0099239,0.0057463,0.0046471,1.8033e-07,2.0468e-07,2.1123e-07,2.1865e-07,2.0296e-07,2.0258e-07,0.030777,0.044542,0.03262,0.03189,0.019406,0.01814,0.0078133,1.7861e-07,0.032435,3.3872,1.0277,1.0369,1.4566,0.5137,1.1487,0.86279,0.40475,0.04502,0.31945,0.5374,0.42947,0.37795,1.6933e-07,0.48618,0.4826,0.84844,0.97652,0.72436,1.0498,0.19038,0.097518,0.042916,0.067544,0.13057,0.072065,0.073514,0.45514,0.18468,0.05911,0.12019,1.5035e-07,1.5098e-07,1.5092e-07,1.5074e-07,0.12596,0.18162,0.15366,0.26245,0.13365,0.12828,0.049359,0.094394,1.612e-07,0.0011183,1.6012e-07,0.00042316,0.045691,1.8229e-07,1.9003e-07,1.8527e-07,1.9649e-07,2.0178e-07,2.0383e-07,0.62851,8.6643,11.301,2.4877,0.0002603,6.1468e-05,7.6094,6.6884,11.774,2.6262,0.00069122,17.965,19.396,19.835,25.584,27.072,11.172,4.887,19.473,18.103,1.771,0.0016795,9.947,20.587,26.998,31.212,27.394,23.03,25.628,28.213,27.998,26.475,32.5,38.329,36.442,41.922,30.108,29.242,1.6907,1.6559,1.6076,0.39974,0.065267,8.8499,0.1652,0.0039421,0.0039514,0.0042839,0.28724,5.2808,18.248,14.927,5.0843,0.0029805,0.022671,0.01006,0.0022897,0.0015573,0.0010126,7.8811e-07,1.1375,4.1732,0.67464,0.54221,0.61247,0.42481,0.40122,0.0051744,7.7933e-07,39.19,30.537,10.876,20.121,1.3259,6.4641,6.1493e-07,7.025e-07,6.8636e-07,0.00028375,4.7984e-07,5.0713e-07,4.1533e-07,3.7205,2.8957e-07,0.0010311,1.8239e-07,0.079096,0.012499,0.29049,0.0050189,0.0048617,0.0045578,0.0038594,0.054615,0.0020931,0.28348,0.023599,0.035883,0.06223,0.14237,0.18982,0.017677,0.0070531,0.01239,0.006817,0.0066458,0.0083994,0.0062632,0.0077547,0.0057201,0.0040939,0.0049971,0.0033877,0.0064938,0.0037489,0.0016081,0.0021744,0.0029763,0.00096741,0.0013879,0.0002986,1.264,0.062741,0.56659,1.9832,0.40102,0.29855,0.31494,0.22979,0.43748,0.24001,0.29395,0.32009,0.73577,1.9652,11.72,0.27274,21.066,18.4,2.0985,0.64869,0.62843,0.44352,0.58882,1.7266,0.10712,1.3772,0.12027,1.2631,0.40367,0.39355,0.036387,0.39935,0.33312,0.45311,1.448,0.35077,18.76,18.613,22.492,8.984,12.956,24.315,7.1652,24.603,0.00084605,2.5111,38.447,37.955,30.026,26.67,43.69,32.069,2.9801,2.0463e-07,0.013924,2.054e-07,2.0481e-07,2.0418e-07,2.0414e-07,0.6259,0.23894,1.0463,0.7652,2.0058,3.0924,0.16845,2.0039e-07,2.0288e-07,2.0403e-07,2.0402e-07,2.0425e-07,2.0403e-07,2.0487e-07,2.0451e-07,2.0603e-07,2.0481e-07,2.0517e-07,2.0602e-07
2009,7,0.59344,0.11576,1.4219,2.0063,0.01789,0.91102,0.78731,0.4957,0.80171,0.27639,0.13084,0.14883,0.0084151,0.0074481,0.0079313,0.0062123,0.032773,0.0057314,0.63202,0.0054541,0.074308,0.025994,0.0055013,0.0051175,3.7694,0.0036875,0.0021352,0.0017268,6.7008e-08,7.6054e-08,7.849e-08,8.1244e-08,7.5417e-08,7.5273e-08,0.011436,0.016551,0.012121,0.01185,0.0072109,0.0067405,0.0029032,6.6366e-08,0.012052,5.5211,0.38185,0.38527,0.54125,0.19088,0.42682,0.32059,0.1504,0.016728,0.1187,0.19968,0.15958,0.14044,6.292e-08,0.3941,0.2712,0.96869,2.0284,0.26916,0.39008,0.070742,0.036235,0.015946,0.025098,0.048516,0.026778,0.027316,0.16912,0.068622,0.021964,0.044659,5.5868e-08,5.6102e-08,5.6077e-08,5.6012e-08,6.5396,5.5928,5.6543,10.06,1.0276,0.047666,0.01834,0.035075,5.9899e-08,0.00041552,5.9498e-08,0.00015724,0.016978,6.7734e-08,7.0612e-08,6.8842e-08,7.301e-08,7.4977e-08,7.5739e-08,39.462,55.757,58.916,46.628,25.126,20.254,52.062,49.135,52.987,44.666,35.071,82.49,82.84,79.727,81.06,83.768,55.715,53.708,76.572,69.687,46.026,48.585,70.57,65.987,75.355,67.159,66.382,63.011,69.252,71.234,64.905,61.488,62.962,55.204,50.082,47.828,41.738,41.932,8.3237,4.5177,0.6947,0.14853,0.024252,15.865,0.061386,3.9266,0.2649,0.81621,5.2268,13.177,18.577,16.544,9.9165,0.0011075,0.0084241,0.0037379,0.00085081,0.00057864,0.00037626,2.9284e-07,10.51,11.947,3.9069,2.6896,5.403,0.15785,0.15598,0.0019227,2.8958e-07,77.212,83.563,54.123,81.921,21.798,57.819,2.2849e-07,2.6103e-07,2.5504e-07,0.00010543,1.783e-07,1.8844e-07,1.5433e-07,25.696,1.076e-07,0.00038314,6.7772e-08,0.02939,1.6296,4.1615,0.0018649,0.002146,0.0016936,0.0014341,0.28614,0.00077773,0.74182,0.008769,0.013333,0.023123,0.0529,0.070532,0.0065683,0.4542,0.004604,1.0651,0.83966,0.003121,0.0023273,0.0028815,0.0021254,0.0015212,0.019997,0.0012588,1.5758,0.001393,0.00059753,0.00080794,0.0011059,0.00035947,0.00051573,0.00011095,0.46965,0.023313,0.21053,1.0235,0.14901,0.11093,0.11702,0.085386,0.16256,0.089184,0.10923,0.11894,0.2734,25.692,59.457,14.217,77.261,77.566,50.708,8.2476,21.962,15.396,22.441,23.954,9.9489,14.824,0.044689,0.46933,0.15,0.14623,0.013521,0.14839,0.12378,0.16836,20.662,0.13034,82.773,80.651,83.239,75.128,77.461,83.879,76.595,85.756,33.717,58.361,93.149,93.423,88.947,86.379,97.986,90.155,61.015,4.5155,40.949,1.3382,7.6101e-08,7.5869e-08,7.5853e-08,51.887,49.784,62.438,49.357,59.961,64.422,52.356,7.4461e-08,0.52041,7.5812e-08,7.581e-08,7.5895e-08,7.5814e-08,7.6126e-08,7.5991e-08,7.9645,7.6104e-08,7.6237e-08,9.5866
2009,8,4.7224,0.043014,0.52836,0.74551,0.0066474,0.33851,0.29297,0.18419,0.29789,0.1027,0.048616,0.055301,0.0031269,0.0027675,0.0029471,0.0023084,1.3976,0.49075,1.885,0.0020266,5.784,0.0096588,0.4694,1.1109,4.2719,0.0053262,0.00079339,0.00064162,2.4899e-08,2.826e-08,2.9165e-08,3.0188e-08,2.8023e-08,2.797e-08,0.0042494,0.0061498,0.0045038,0.004403,0.0026794,0.0025046,0.0010788,2.466e-08,10.302,29.364,1.1186,0.2721,9.5238,0.070927,0.1586,0.11912,0.055883,0.0062158,0.044106,0.074198,0.059297,0.052183,2.338e-08,3.0323,1.9039,2.9851,3.9876,0.10001,0.14495,0.026286,0.013464,0.0059253,0.0093258,0.018027,0.0099499,0.01015,0.062841,0.025498,0.0081612,0.016594,2.0759e-08,2.0846e-08,2.0837e-08,2.0813e-08,10.529,9.0801,9.298,12.502,3.3293,0.017712,0.0068149,0.013033,2.2257e-08,0.0001544,2.2108e-08,5.8426e-05,0.0063085,1.0926,0.0010155,2.558e-08,2.7129e-08,0.20587,2.8143e-08,27.563,33.51,34.727,30.298,23.328,22.597,33.085,31.366,32.582,30.287,27.919,46.083,47.759,46.239,45.736,44.9,34.739,34.234,41.653,39.116,31.356,33.713,39.135,36.073,40.591,37.025,37.482,36.295,36.854,38.609,36.806,35.61,35.356,33.305,31.83,30.859,30.474,31.048,25.245,22.213,10.425,0.055191,0.0090114,32.659,38.194,33.605,26.181,30.842,41.318,43.841,38.143,37.726,35.299,22.204,35.509,34.161,15.308,10.58,0.88386,1.0881e-07,40.254,37.734,26.954,24.978,30.527,6.4608,8.5377,0.00071443,1.076e-07,50.673,45.534,42.459,42.125,20.467,30.862,8.4903e-08,9.6994e-08,9.4765e-08,3.9177e-05,6.6252e-08,7.0019e-08,5.7344e-08,22.216,3.998e-08,0.00014237,2.5183e-08,0.010921,59.549,63.691,45.695,37.672,26.89,20.431,26.065,11.442,28.239,0.0032583,0.0049543,0.0085921,0.047387,7.1514,15.86,28.027,1.1113,33.895,34.7,13.638,10.855,19.149,12.675,11.447,26.077,12.788,45.119,20.994,1.3252,3.0402,18.899,0.17399,5.6896,1.4944,13.537,4.0652,1.1415,21.585,14.344,0.04122,11.355,0.20853,1.2897,0.61089,1.4468,9.2096,7.41,46.776,50.226,40.141,49.447,52.071,54.611,33.531,39.548,30.983,29.774,29.206,17.303,20.233,0.17093,6.9409,0.055735,3.6556,0.0050239,0.055138,0.045994,1.5576,18.71,0.48982,42.73,42.667,45.561,45.954,46.525,47.767,46.135,47.087,30.919,34.481,48.877,48.292,49.316,50.804,47.849,46.726,34.697,12.409,30.097,7.4565,2.8277e-08,2.8191e-08,2.8185e-08,32.335,32.341,35.953,30.806,33.947,37.35,33.376,2.3424,5.9824,2.817e-08,2.8169e-08,2.8201e-08,2.8171e-08,0.018153,2.8237e-08,14.189,2.8278e-08,2.8328e-08,15.652
2009,9,85.784,39.995,37.743,35.811,21.406,35.066,53.399,41.509,31.274,36.933,31.86,33.666,17.084,5.1292,13.066,7.6169,65.251,50.023,52.82,15.544,78.104,55.69,53.922,53.331,47.869,18.233,0.00029481,0.00023841,9.2518e-09,1.0501e-08,1.0837e-08,1.1217e-08,1.0413e-08,1.0393e-08,0.0098263,0.0022851,0.0016735,0.0016361,0.00099561,0.00093066,0.00040085,9.1632e-09,15.77,18.613,1.5534,0.64154,11.748,0.23029,0.63632,0.044264,0.020765,0.0023097,0.016389,0.02757,0.022033,1.1956,0.31157,8.9535,6.44,6.1883,5.0766,0.037162,0.053858,0.0097673,0.005003,0.0022017,0.0034653,0.0066986,0.0036972,0.0037715,0.02335,0.0094746,0.0030325,0.0061661,7.7137e-09,7.7459e-09,7.7425e-09,7.7336e-09,8.2884,6.7399,6.9836,8.6245,2.8387,0.0065812,0.0025323,0.0048427,8.2702e-09,5.737e-05,8.2148e-09,2.171e-05,0.0023441,1.0819,0.00099627,9.5049e-09,0.3397,1.604,1.0457e-08,32.537,42.712,45.124,37.554,24.677,27.88,30.829,30.469,30.962,30.045,29.087,50.105,44.15,42.827,45.844,53.098,32.046,36.503,56.842,47.933,33.053,47.759,57.409,55.308,56.916,53.268,52.088,50.706,58.68,56.646,51.263,49.062,50.588,41.291,37.07,33.677,33.963,35.418,32.133,30.727,22.101,0.50346,0.0033484,37.466,31.248,23.734,24.468,34.053,44.625,42.853,31.293,31.43,32.315,25.371,31.417,22.397,16.585,15.518,4.2751,4.0433e-08,24.696,23.479,19.373,18.6,20.954,7.4628,10.148,0.00026547,3.9982e-08,37.957,47.784,41.13,56.616,44.631,62.356,3.1548e-08,3.6041e-08,3.5213e-08,1.4557e-05,2.4618e-08,2.6018e-08,2.1308e-08,35.671,1.4856e-08,5.29e-05,9.3572e-09,0.0040579,67.922,70.744,59.819,47.19,28.029,17.832,19.245,12.281,20.164,29.014,33.314,20.529,56.641,76.361,76.526,66.1,59.632,68.135,67.29,62.627,50.364,64.734,49.235,39.056,53.942,35.031,66.908,33.553,3.9444,18.134,30.524,1.642,9.0254,5.0086,16.961,11.058,4.3234,26.155,19.118,0.66279,16.373,0.6516,1.2569,0.93284,2.3125,12.628,9.2428,29.023,35.378,29.073,38.931,39.762,38.49,28.107,29.841,24.59,25.301,25.67,19.642,23.626,3.8906,6.5781,0.02071,12.368,3.3543,0.020488,3.298,10.09,23.779,6.7696,59.027,57.551,49.466,43.348,43.47,42.823,42.507,41.381,28.943,29.615,40.77,40.969,40.719,40.952,41.943,39.028,28.772,14.706,25.229,10.439,0.007168,1.0475e-08,1.0473e-08,22.066,22.471,25.033,20.965,23.512,27.284,25.948,4.9329,8.5478,1.0467e-08,1.0467e-08,1.0479e-08,1.0468e-08,0.16438,1.0492e-08,18.109,1.0508e-08,1.0526e-08,20.434
2009,10,37.053,23.993,25.087,30.418,22.791,24.521,27.899,24.054,23.245,22.515,21.69,21.852,15.87,7.9885,13.471,10.068,30.138,26.736,27.374,15.029,34.543,28.33,28.208,29.245,27.122,19.804,0.010024,0.71895,3.4377e-09,3.9018e-09,4.0268e-09,0.019661,3.8691e-09,3.8617e-09,2.804,1.8122,1.6898,3.2517,1.1267,0.60205,0.008369,3.4048e-09,27.658,22.416,4.7739,3.4356,15.769,2.3151,2.803,0.16912,0.10302,0.00085821,0.0060896,0.010244,0.0081871,12.148,24.677,53.514,49.886,53.185,63.968,37.321,34.119,19.099,1.5518,0.30993,0.12962,1.0272,0.14903,0.16947,10.178,11.469,0.88927,10.085,2.8662e-09,2.8782e-09,2.8769e-09,2.8736e-09,85.573,78.499,85.852,89.713,76.465,27.432,2.3804,2.9302,0.00035501,2.1317e-05,3.0524e-09,4.1224,46.39,56.539,34.314,0.79734,18.032,18.874,7.0015,62.153,80.998,85.896,72.734,51.669,59.953,68.225,64.367,65.196,65.636,65.791,106.56,122.17,113.65,105.65,99.098,74.067,79.362,99.672,89.556,72.217,89.82,95.277,83.882,92.702,85.269,88.916,87.997,80.787,87.543,87.346,86.268,81.616,83.096,83.564,82.563,80.701,79.55,73.628,71.666,55.433,37.697,32.375,55.679,37.351,51.26,51.863,55.981,59.506,59.003,54.065,53.951,51.214,42.944,42.006,32.11,27.284,23.319,13.75,1.5024e-08,66.546,54.415,53.756,56.065,64.263,21.585,31.741,9.8641e-05,1.4856e-08,94.937,88.35,76.525,84.892,50.218,63.087,1.1722e-08,1.3392e-08,1.3084e-08,0.35096,0.00011831,9.6675e-09,7.9174e-09,54.422,5.52e-09,19.742,10.177,28.077,79.187,82.653,79.228,67.437,55.476,46.823,46.414,40.018,56.995,26.894,26.944,16.435,27.926,34.692,38.391,42.495,38.908,47.054,49.224,37.976,37.458,40.249,38.872,44.42,43.627,44.751,64.161,59.348,36.348,36.255,40.957,38.321,56.656,62.659,60.603,81.413,41.839,70.412,87.907,34.751,81.917,21.832,16.958,26.866,32.367,67.519,35.65,83.035,96.827,111.81,102.27,114.65,140.54,117.21,136.57,124.9,103.95,70.608,93.837,45.318,21.458,12.847,1.257,35.799,24.426,3.252,18.674,34.041,50.796,33.19,89.651,93.21,102,120.37,118.94,112.34,131.39,134.94,95.718,109.69,97.047,120.22,129.87,163.01,178.75,168.56,117.88,55.212,103.8,33.702,5.3221,3.8923e-09,3.8169,153.72,158.98,161.48,146.67,148.45,145.35,125.44,33.996,40.894,0.0018284,3.8893e-09,3.8937e-09,3.8895e-09,4.9132,0.2657,36.135,3.9044e-09,4.4967,41.493
2009,11,362.11,378.72,416.57,442.92,431.15,417.95,378.94,375.34,309.9,362.57,345.6,355.08,313.11,258.34,296.88,226.35,327.8,283.81,280.03,231.2,328.1,332.51,308.1,303.05,267.31,201.85,72.119,78.682,37.149,4.0179,3.153,1.4728,1.2226,18.748,86.786,61.342,65.232,103.48,68.948,60.101,46.074,28.782,144.66,104.84,66.567,66.741,92.996,77.157,67.165,52.774,59.234,38.527,30.925,29.53,48.275,69.678,82.177,131.86,98.462,90.823,80.055,63.186,43.176,60.975,9.8755,4.7664,0.12524,1.0795,0.14387,0.16346,22.546,18.299,1.2449,12.784,1.065e-09,1.0695e-09,1.069e-09,1.0678e-09,139.21,124.08,125.16,126.23,93.46,54.189,3.9689,8.2162,0.038537,7.921e-06,1.1342e-09,12.567,63.317,69.795,45.652,1.6666,17.757,15.967,7.268,48.33,64.413,68.569,57.073,38.229,45.811,49.83,47.436,47.958,48.244,48.467,89.391,94.297,90.325,87.134,82.739,52.893,58.12,77.063,67.927,53.145,69.285,75.351,61.701,68.101,57.568,58.066,56.608,57.596,60.803,56.385,54.147,52.169,46.554,44.146,41.579,42.605,43.77,47.946,47.968,37.96,35.416,37.876,193.08,104.9,199.17,195.23,194.92,202.32,190.75,145.95,151.34,147.36,114.17,127.6,43.171,52.785,64.885,51.953,2.4685,166.5,156.87,130.11,128.55,137.24,75.087,74.227,4.3434,5.5203e-09,117.3,95.262,108.46,82.641,47.666,52.257,4.3558e-09,4.9761e-09,4.8618e-09,12.837,0.76991,3.5922e-09,2.9419e-09,36.181,0.11622,28.955,22.524,33.689,448.71,457.23,419.73,314.04,241.38,208.67,187.53,177.76,171.92,332.8,329.24,303.99,316.94,324.26,328.27,332.75,345.55,352.56,358.36,329.18,318.65,330.46,311.64,322.92,306.54,297.27,396.28,323.57,176.69,230.14,197.36,149.38,156.87,135.32,111.22,124.28,100.23,116.14,122.07,97.128,119.24,91.962,75.14,85.765,89.841,112.19,104.62,157.61,130.18,141.95,112.34,115.19,127.02,130.15,139.78,156.18,176.58,162.11,194.93,144.46,115.53,76.685,71.746,128.7,104.65,71.2,73.106,97.138,127.48,81.88,81.095,79.214,88.735,92.029,91.837,95.176,95.612,93.145,62.592,63.573,105.71,103.38,106.2,109.26,98.363,102.83,74.985,35.531,71.458,23.595,4.8631,1.4463e-09,3.609,204.84,204.41,197.91,190.93,168.57,144.61,105.65,28.199,31.727,0.0017937,1.4452e-09,1.4468e-09,1.4452e-09,4.3574,0.25585,27.548,1.4508e-09,5.2105,31.837
2009,12,130.31,121.76,151.22,141.66,137.6,138.01,100.36,110.67,129.49,113.32,117.95,115.32,108.99,95.596,100.5,74.746,64.047,54.094,56.562,54.744,86.387,86.331,63.648,60.295,52.319,45.882,24.221,25.262,22.388,7.6136,10.906,4.6025,2.5926,53.778,56.103,67.733,76.291,143.27,107.39,101.7,79.814,70.726,122.45,144.15,126.6,112.12,110.93,95.02,97.2,82.143,87.844,76.084,62.198,57.749,84.097,128.42,131.11,113.84,104.59,89.22,54.015,49.237,31.099,36.299,7.1224,3.8631,0.046536,0.48495,0.053459,0.06074,16.882,11.743,0.70882,6.9222,3.9574e-10,3.9739e-10,3.9722e-10,3.9676e-10,65.824,57.061,56.465,56.38,39.664,24.884,2.4428,5.1079,0.037496,2.9433e-06,4.2145e-10,7.1862,27.317,30.501,20.898,1.1286,9.0395,8.0958,3.8456,19.47,23.181,24.004,21.599,16.604,18.784,20.595,19.388,19.563,19.697,19.778,38.49,41.59,37.453,35.076,33.823,21.983,23.437,29.329,26.292,21.437,26.251,27.998,23.609,28.382,23.837,25.433,24.825,24.446,26.261,24.67,23.769,22.654,20.727,19.931,18.886,20.778,21.948,40.436,42.74,31.038,58.445,74.794,44.403,27.931,47.812,46.083,45.005,46.428,43.489,33.471,34.628,34.476,29.233,31.61,21.208,21.217,21.506,18.269,2.0829,57.873,53.133,46.651,46.401,49.652,27.672,28.284,3.3496,2.0512e-09,45.068,36.709,39.635,32.624,19.877,21.688,1.6185e-09,1.849e-09,1.8065e-09,7.4299,4.735,1.3348e-09,1.0931e-09,17.375,6.2138,63.212,59.883,66.048,123.03,125.39,113.14,79.293,60.256,54.027,54.306,58.223,59.045,119.93,115.05,92.422,90.8,86.033,71.929,49.555,93.193,58.994,63.536,52.134,50.076,52.456,53.49,55.989,51.358,58.565,94.636,85.492,56.098,54.852,80.736,66.052,66.209,90.623,119.74,110.31,109.91,97.889,112.11,87.16,114.89,128.38,151.4,136.25,134.11,127.57,138.43,57.442,51.436,84.237,48.212,51.276,74.839,105.48,92.713,104.25,123.5,134.05,119.01,140.58,131.79,147.63,111.32,139.88,140.97,112.23,138.74,149.55,150.92,143.27,32.869,32.934,37.471,42.327,42.169,41.175,42.879,40.504,27.811,26.994,38.61,39.49,42.863,48.936,40.584,44.27,31.798,15.814,30.68,11.303,2.3171,5.3741e-10,1.6802,96.643,95.323,92.783,88.575,76.721,66.666,47.152,13.137,14.532,0.00066651,5.3699e-10,5.3759e-10,5.3702e-10,2.0107,0.095068,12.896,5.3907e-10,2.8282,14.464
2010,1,82.123,121.56,208.56,236.55,235.76,206.99,126.19,174.25,182.81,179.78,181.13,180.93,163.25,134.72,148.9,88.048,41.651,30.267,36.341,41.436,31.439,43.117,29.468,26.495,33.917,20.212,11.064,11.493,10.776,4.5961,6.4743,3.1537,1.7352,18.424,21.677,22.406,23.954,34.991,28.629,28.829,27.285,32.409,35.76,41.063,44.831,46.601,37.3,43.876,50.665,52.912,50.823,44.859,54.738,56.08,47.952,43.959,39.067,35.122,36.009,33.719,24.698,21.611,15.23,16.069,3.1994,1.6263,0.017292,0.1802,0.019864,0.022569,8.3454,5.4713,0.26338,2.5721,1.4705e-10,1.4766e-10,1.476e-10,1.4743e-10,41.12,34.617,38.957,40.738,25.947,11.411,0.9077,1.898,0.013933,1.0937e-06,1.566e-10,2.6702,14.275,17.775,9.5819,0.41938,3.3589,3.0082,1.4289,7.2346,8.6135,8.9193,8.0258,6.1695,6.9797,8.0348,7.2652,7.3482,7.4385,7.4904,20.198,20.723,18.316,17.247,17.927,8.8407,9.4875,13.25,11.224,8.3558,10.841,12.203,9.1708,14.091,9.7344,10.965,10.582,12.824,12.969,10.486,9.9696,10.891,8.3859,8.0402,7.5289,8.9063,9.6172,17.321,17.94,14.19,20.434,22.829,19.16,11.422,20.369,19.777,19.389,19.916,18.793,14.06,14.711,14.699,12.016,13.356,9.4904,8.9846,8.5652,7.0773,0.77397,23.467,21.922,19.841,19.818,21.208,12.405,12.625,1.2446,7.6218e-10,30.112,24.737,22.131,20.842,7.8217,10.736,6.014e-10,6.8705e-10,6.7126e-10,2.7608,3.4104,4.9597e-10,4.0619e-10,7.1604,4.4184,20.663,19.682,21.413,39.278,40.228,35.722,28.074,23.957,22.197,22.19,23.004,23.39,48.259,43.3,29.022,29.482,29.382,26.668,21.059,35.239,23.918,25.048,21.875,21.205,21.992,22.261,23.018,21.641,23.636,32.453,29.293,22.455,22.434,29.91,26.356,26.245,33.763,44.453,39.415,45.42,45.894,38.251,45.961,38.355,41.88,40.193,39.741,39.447,38.613,40.503,25.43,24.789,29.617,23.477,22.891,26.707,32.822,34.078,47.099,47.38,38.658,50.24,42.282,42.138,41.442,42.249,41.882,41.777,43.326,43.049,42.059,41.399,40.97,19.044,17.013,19.652,21.234,21.225,21.092,20.756,18.688,12.196,11.579,20.589,19.033,19.586,20.747,17.709,19.377,13.998,5.9082,13.543,4.1999,0.86099,1.9969e-10,0.62431,105.98,109.33,99.193,92.872,73.77,50.061,26.933,4.8835,5.4861,0.00024766,1.9953e-10,1.9976e-10,1.9954e-10,0.74714,0.035325,4.7919,2.0031e-10,1.0509,5.3743
2010,2,123.42,137.59,104.88,169.38,172.99,147.17,188.68,111.59,75.049,89.164,85.756,88.888,76.911,60.505,71.313,68.086,237.81,229.87,218.93,137.08,125.18,168.68,172.63,147.22,244.8,119.93,88.985,98.193,37.475,7.9739,2.4057,4.8296,4.7383,39.292,133.14,90.969,97.813,135.57,109.23,116.32,123.32,178.99,175.35,312.39,327.56,339.53,278.78,272.38,338.93,333.97,293.36,261.05,316.67,320.51,348.46,269.6,186.07,123.5,151.39,141.12,107.52,78.238,66.789,32.599,8.261,5.465,0.0064252,4.129,0.007381,0.0083863,36.271,31.515,7.5038,23.508,5.4639e-11,5.4868e-11,5.4844e-11,5.478e-11,65.624,58.49,60.813,66.83,43.864,18.556,0.51578,2.9842,0.005177,4.0638e-07,5.8189e-11,1.8555,21.277,22.896,9.9206,0.15583,1.2481,1.1178,0.53096,6.2327,8.8256,9.5615,6.9696,9.0383,5.4344,40.455,29.268,35.655,26.11,19.586,130.54,124.23,110.31,116.9,134.7,49.945,45.85,89.911,74.527,32.242,41.568,70.893,32.14,112.23,66.903,60.041,49.477,112.96,111.13,56.423,43.35,100.57,66.63,18.272,53.902,20.326,54.29,61.503,69.917,75.038,77.534,84.995,224.65,137.96,193.24,180.3,192.94,218.43,227.52,216.63,215.84,198.28,139.88,157.14,81.518,87.206,121,106.95,57.114,87.269,100.74,75.303,71.244,74.227,75.383,67.736,59.882,10.868,177.75,171.62,132.53,157.38,76.49,108.18,25.155,13.875,19.845,90.05,46.94,45.427,45.153,74.28,39.759,75.092,76.088,77.466,121.53,115.23,126.56,153.93,163.02,146.68,117.39,58.39,68.136,125.39,120.91,94.786,95.392,90.322,51.531,8.0987,68.856,16.457,20.727,15.335,7.8794,10.199,8.7446,9.0313,11.834,13.229,63.165,69.818,36.182,27.366,117.51,102.44,83.751,195.2,318.32,292.82,302.53,342.93,310.32,302.53,304.46,273,277.84,281.06,281.48,294.73,306.35,97.409,150.34,198.97,191.21,181.66,234.54,295.76,233.1,231.87,218.28,309.5,143.48,275.15,282.88,313.7,360.82,239.73,243.72,335.26,258.35,219.04,222.29,203.14,148.53,135.11,148.33,114.99,125.24,146.06,112.63,114.16,43.51,54.96,150.3,136.4,131.31,137.27,119.35,117.13,56.186,7.1347,49.261,3.0434,0.31992,7.42e-11,0.23198,170.66,172.29,175.16,152.37,143.89,137.25,88.326,2.9389,5.553,9.2024e-05,7.4142e-11,7.4225e-11,7.4146e-11,0.27762,0.013126,2.0396,7.4429e-11,0.39049,2.1804
2010,3,30.754,33.529,32.315,42.285,44.323,38.619,43.284,51.967,40.931,50.516,47.364,48.954,43.621,36.716,41.918,36.617,39.1,39.08,41.804,40.234,26.319,31.529,31.09,28.447,42.157,29.088,30.608,31.607,19.246,5.4616,0.89391,3.3601,3.5049,18.826,35.38,31.254,32.515,39.087,34.728,36.924,39.913,51.221,30.562,42.364,55.826,62.565,46.253,60.817,69.273,72.873,68.668,64.532,74.812,76.224,73.929,58.507,43.247,31.184,37.531,36.242,28.881,24.373,22.314,13.749,5.3345,3.8903,0.0023875,3.197,0.0027426,0.0031161,14.337,12.939,5.0993,10.865,2.0303e-11,2.0388e-11,2.0379e-11,2.0355e-11,22.076,20.467,21.167,22.197,17.156,9.5554,0.29825,2.2044,0.0019237,1.51e-07,2.1622e-11,1.1677,10.553,11.162,5.7999,0.057903,0.46375,0.41534,0.19729,3.8338,5.3004,5.6879,4.2325,5.5747,3.3153,14.873,12.519,13.913,11.745,9.8587,35.856,32.227,28.995,30.362,35.117,16.573,16.195,27.423,22.56,13.256,16.619,24.246,15.173,33.339,24.706,24.553,21.914,35.187,34.216,23.587,20.017,31.217,23.562,10.055,19.759,10.416,19.503,19.357,20.487,20.463,20.969,21.942,28.661,24.324,29.077,28.241,28.439,29.166,29.639,30.491,30.256,28.687,24.975,25.761,20.238,20.687,23.035,21.967,16.771,28.698,26.316,25.548,26.321,29.648,20.291,21.486,17.154,6.6489,42.24,41.247,40.352,41.296,26.847,35.47,11.175,7.8201,9.7571,20.252,15.595,15.087,15.045,22.316,14.49,20.737,20.745,21.06,28.152,27.768,27.738,27.619,27.63,26.633,24.802,18.912,22.286,28.655,27.806,23.531,23.658,23.242,18.186,3.1711,21.883,8.4474,10.335,7.982,2.9278,4.7884,3.5226,3.6321,5.9861,6.6767,20.616,21.028,14.912,12.616,25.819,26.663,26.501,36.795,42.4,40.113,43.232,46.098,39.202,45.938,38.89,38.896,37.58,38.078,38.107,38.018,43.43,35.966,38.563,35.839,36.509,33.009,32.848,36.116,32.907,34.338,34.597,44.154,30.969,50.772,56.829,46.719,68.547,49.614,51.207,68.488,55.894,47.985,43.941,46.378,40.33,38.026,37.594,32.358,33.664,35.274,29.87,27.447,15.717,17.449,33.968,29.893,28.158,26.292,24.405,24.303,17.828,4.5284,16.772,1.9014,0.11888,2.7571e-11,0.086197,34.161,34.326,34.111,32.697,31.296,29.377,23.302,1.698,3.5724,3.4194e-05,2.755e-11,2.758e-11,2.7551e-11,0.10316,0.0048773,0.91119,2.7656e-11,0.1451,0.91969
2010,4,11.431,12.81,12.344,19.392,21.411,15.882,18.44,21.66,21.29,21.036,20.085,20.59,18.812,16.307,18.2,16.261,16.714,16.936,18.122,17.592,9.7794,12.323,12.713,11.355,18.251,12.626,13.905,14.292,8.9858,2.2403,0.33216,1.2575,1.3465,8.4937,15.711,14.082,14.592,17.162,15.46,16.355,17.494,21.247,11.909,18.156,23.029,24.785,19.853,24.161,26.268,26.949,26,24.942,27.222,27.493,27.233,23.605,18.732,13.327,16.423,15.899,12.493,10.39,9.603,5.1088,1.9822,1.4455,0.00088712,1.1879,0.0010191,0.0011579,5.4677,4.8109,1.8948,4.037,7.544e-12,7.5755e-12,7.5722e-12,7.5634e-12,8.2028,7.6049,7.8652,8.2479,6.3749,3.5506,0.11082,0.81912,0.00071479,5.6108e-08,8.0341e-12,0.43388,3.9212,4.1476,2.1551,0.021515,0.17232,0.15433,0.073309,1.4245,1.9695,2.1135,1.5727,2.0714,1.2319,5.5264,4.6518,5.1698,4.3642,3.6633,17.871,16.938,14.217,14.703,16.744,6.2061,6.1881,12.747,9.6521,4.9257,6.8798,11.025,6.5829,15.167,11.259,11.295,10.107,15.722,15.355,10.861,9.2109,14.088,10.634,4.0923,8.6263,4.0431,8.3563,7.4942,7.9444,7.8219,7.7916,8.1533,10.787,9.0681,11.556,11.102,11.081,11.29,11.645,12.657,12.469,11.481,9.5867,9.783,7.5199,7.6867,8.5702,8.1624,6.2317,12.828,11.166,11.354,11.885,13.493,7.7421,9.1018,6.374,2.4706,23.43,20.939,17.651,19.797,12.266,15.842,4.1524,2.9058,3.6255,7.5252,5.7948,5.6059,5.5902,9.6442,5.384,7.7054,7.7082,7.8253,10.985,10.797,10.768,10.59,10.653,10.259,9.4668,7.0274,9.293,10.647,10.332,8.7434,8.7909,8.6362,6.7575,1.1783,8.1312,3.1388,3.8402,2.9659,1.0879,1.7793,1.3089,1.3496,2.2243,2.4809,7.6603,7.8137,5.5412,4.6878,9.7013,11.11,11.519,15.883,18.106,17.101,18.526,19.74,16.578,19.703,16.418,16.437,15.682,15.987,16.014,15.937,18.668,16.021,16.976,15.5,16.725,14.221,13.594,15.028,13.082,13.424,13.783,19.003,12.06,21.425,23.183,20.02,26.163,21.008,21.512,26.168,22.892,20.449,18.975,19.881,19.018,17.871,18.943,16.84,17.581,18.758,15.896,13.891,5.8411,6.4837,18.575,16.653,13.553,10.513,12.656,9.628,6.6246,1.6827,6.232,0.70651,0.044172,1.0245e-11,0.032029,12.693,12.755,12.675,12.149,11.629,10.916,8.6583,0.63093,1.3274,1.2706e-05,1.0237e-11,1.0248e-11,1.0237e-11,0.038331,0.0018123,0.33858,1.0276e-11,0.053915,0.34174
2010,5,10.157,8.9722,18.478,53.967,59.652,37.356,26.435,30.826,53.188,29.869,37.373,33.353,28.833,17.451,20.104,8.2104,12.416,11.132,17.215,10.067,5.5213,5.7328,6.3279,4.8699,33.962,7.9395,6.4857,7.1954,3.3389,0.83243,0.12342,0.46727,0.50034,3.1561,7.0872,5.2325,5.422,6.3769,5.7446,6.077,6.5002,7.8949,4.425,13.416,8.9365,10.494,10.777,9.7563,11.698,12.197,10.257,9.2681,11.897,12.444,14.109,24.444,18.451,4.9519,8.6689,7.1898,4.6422,3.8608,3.5682,1.8983,0.73653,0.53713,0.00032963,0.44141,0.00037867,0.00043024,2.0317,1.7876,0.70405,1.5001,2.8032e-12,2.8149e-12,2.8137e-12,2.8104e-12,3.048,2.8258,2.9225,3.0647,2.3688,1.3193,0.041179,0.30437,0.0002656,2.0848e-08,2.9853e-12,0.16122,1.457,1.5412,0.80079,0.0079946,0.06403,0.057346,0.02724,0.52933,0.73182,0.78533,0.58438,0.7697,0.45774,2.116,1.7316,2.7077,1.6216,1.3612,20.219,20.443,18.112,17.668,18.101,2.7001,2.3057,11.683,6.714,1.8303,4.5404,10.37,5.589,13.322,9.2426,8.5359,7.3929,12.824,12.42,8.1161,6.5302,11.091,7.6402,1.78,5.4774,1.5023,3.6267,2.7847,2.952,2.9064,2.8952,3.0296,4.0081,3.3695,4.2938,4.1253,4.1174,4.195,4.327,4.7032,4.633,4.2659,3.5622,3.6351,2.7942,2.8562,3.1845,3.0329,2.3156,7.1312,9.5088,5.2314,4.715,5.7498,2.8987,3.382,2.3684,0.91801,36.904,30.556,16.612,24.158,4.5761,10.216,1.5429,1.0797,1.3472,2.7962,2.1532,2.083,2.0772,3.5836,2.0006,2.8631,2.8642,2.9077,4.0819,4.0119,4.0011,3.9351,3.9582,3.8118,3.5177,2.6112,3.453,3.9888,3.8392,3.2489,3.2665,4.6514,3.0551,0.43783,3.0214,1.1663,1.4269,1.1021,0.40424,0.66114,0.48636,0.50149,0.8265,0.92185,2.8464,2.9034,2.059,1.7419,3.6048,4.1281,4.2803,5.9019,6.7279,6.3543,6.884,8.654,6.16,7.3213,6.1004,6.1076,5.827,5.9403,5.9504,5.9217,6.9364,9.583,20.98,5.7594,24.383,17.014,5.0513,5.5841,4.8608,4.988,5.1215,7.4555,4.4811,12.355,15.343,7.439,13.944,13.941,18.538,18.528,27.301,22.618,15.372,24.337,21.058,18.868,21.827,17.371,17.837,23.203,20.408,21.244,2.5589,3.79,39.848,35.056,26.772,15.166,27.515,17.672,3.4043,0.62524,2.3157,0.26252,0.016413,3.8067e-12,0.011901,4.7166,4.7394,4.7097,4.5144,4.3415,4.1427,3.2479,0.23444,0.49323,4.7211e-06,3.8038e-12,3.808e-12,3.8039e-12,0.014243,0.00067341,0.12581,3.8185e-12,0.020034,0.12698
2010,6,6.6467,5.4121,12.799,32.977,22.953,15.438,13.797,13.587,18.527,13.28,15.074,14.154,12.916,9.1166,10.137,4.1042,12.1,11.141,14.777,6.7709,4.6671,3.6358,6.1527,4.7563,24.367,11.133,5.8299,6.4968,1.2407,0.30931,0.04586,0.17363,0.18591,1.1727,6.5211,1.9443,2.0147,2.3695,2.1345,2.2581,2.4153,2.9336,4.352,30.498,14.141,15.375,20.314,8.8294,13.721,12.106,6.9178,3.9447,8.9367,9.5304,16.781,32.325,29.29,5.3632,16.227,12.98,3.5686,1.4346,1.3259,0.70536,0.27368,0.19958,0.00012248,0.16402,0.0001407,0.00015987,0.75492,0.66423,0.26161,0.55739,1.0416e-12,1.0459e-12,1.0455e-12,1.0443e-12,1.1326,1.05,1.0859,1.1388,0.88018,0.49022,0.015301,0.1131,9.869e-05,7.7468e-09,1.1093e-12,0.059906,0.5414,0.57266,0.29755,0.0029706,0.023792,0.021308,0.010122,0.19669,2.3547,4.0137,0.21822,0.286,0.17008,5.8173,3.3525,7.0647,1.2524,0.50578,59.492,62.51,55.266,51.92,51.956,9.321,9.046,38.197,25.635,2.4492,23.456,35.912,24.862,40.489,30.47,31.917,29.853,36.858,37.554,30.627,27.518,31.785,24.547,13.216,18.68,7.1919,13.389,1.0347,1.0969,1.08,1.0758,1.1257,1.4893,1.252,1.5955,1.5329,1.5299,1.5588,1.6078,1.7476,1.7215,1.5851,1.3236,1.3507,1.0383,1.0613,1.1833,1.127,0.86041,12.612,12.419,8.2379,7.1053,10.673,1.0904,2.01,0.88005,0.34111,68.413,67.65,44.016,60.75,14.53,32.632,0.57332,0.4012,0.50057,1.039,0.80008,0.774,0.77184,3.3895,0.74337,1.0639,1.0643,1.0804,3.1646,2.928,1.7849,1.4622,1.4708,1.4164,1.3071,0.97026,1.4184,1.5018,1.4266,1.2072,1.2137,4.0695,4.2715,0.77111,1.1227,1.6369,1.1819,0.4095,0.15021,0.24566,0.18072,0.18634,0.49219,0.34254,1.0576,1.0788,0.76506,0.64724,9.6545,1.701,3.2762,10.368,19.095,13.454,11.929,29.675,12.19,9.9227,9.7499,8.8274,6.122,6.3553,6.2791,7.6565,10.408,25.95,51.749,16.063,62.018,51.122,7.0584,6.6153,6.7509,8.9057,9.0523,16.598,4.9865,20.836,24.161,12.511,21.93,22.988,28.613,26.351,35.768,32.888,25.471,34.423,57.024,53.843,60.956,58.564,58.662,65.294,64.984,66.233,20.318,27.035,81.897,81.106,71.222,58.04,82.568,66.848,28.27,0.23232,13.194,0.097547,0.0060988,1.4145e-12,0.0044222,21.946,25.758,28.096,19.068,29.126,27.998,22.711,0.087112,0.18327,1.7543e-06,1.4134e-12,1.415e-12,1.4135e-12,0.0052923,0.00025022,0.046747,1.4189e-12,0.007444,0.047183
2010,7,108.75,79.852,99.653,97.347,83.618,81.519,63.024,38.984,31.285,32.712,33.227,33.544,28.068,18.639,23.333,14.587,55.403,48.884,49.979,36.004,68.069,66.139,47.968,41.641,54.961,36.959,31.323,30.218,1.7127,0.11493,0.017041,0.064515,0.069081,0.43576,31.644,5.7233,5.1648,2.2333,1.1084,0.86191,1.3015,10.423,43.283,71.077,62.201,60.959,62.052,47.748,57.02,54.248,44.099,34.401,49.407,50.323,56.047,45.264,41.468,34.705,42.67,42.333,40.481,19.507,17.881,0.2621,0.10169,0.074161,4.5512e-05,0.060945,5.2283e-05,5.9403e-05,0.60283,1.3636,0.097208,0.20711,3.8703e-13,3.8865e-13,3.8848e-13,3.8803e-13,18.465,15.977,18.636,25.411,9.8193,0.18216,0.0056855,0.042023,3.6671e-05,2.8785e-09,4.1218e-13,0.02226,0.20543,3.0228,0.11056,0.0011038,0.0088406,0.0079177,0.003761,51.736,86.545,94.308,68.018,30.389,30.9,70.709,66.852,72.094,61.823,50.659,125.86,122.79,118.99,120.5,123.88,77.757,85.341,125.29,108.88,70.811,110.71,124.79,125.39,129.98,130.17,131.02,130.71,133.35,132.3,131.17,130.72,133.45,132.54,127.29,131.65,121.31,125.91,87.711,81.463,49.988,19.415,18.092,150.23,28.344,75.663,81.936,112.84,139.8,143.7,122.49,120.71,106.66,50.212,55.827,5.855,0.67757,3.8878,3.2175,0.31971,107.36,102.78,84.978,81.965,88.506,44.103,48.042,0.32701,0.12675,122.57,126.04,114.49,129,92.787,122.81,0.21303,0.14908,0.186,1.4237,0.29729,0.2876,0.2868,86.691,0.27622,7.1995,6.7734,13.191,161.19,157.6,154.9,141.58,97.696,65.204,78.271,67.342,95.681,103.99,90.879,34.856,52.903,63.149,44.904,8.2678,55.258,25.238,32.797,7.4888,0.055813,8.6621,1.0309,4.4883,15.98,15.901,87.89,88.24,58.323,9.728,42.634,82.382,94.505,90.032,81.851,79.812,75.401,84.812,77.614,71.38,74.857,66.651,64.474,65.816,65.679,70.354,65.915,110.27,109.37,80.341,106.59,90.609,47.515,61.287,56.521,65.769,67.508,68.468,50.684,53.268,52.776,63.072,60.194,49.935,47.405,53.751,43.514,42.961,44.073,40.15,128.81,128.94,126.02,123.77,124,123.24,121.3,114.67,78.359,74.267,119.11,116.68,106.15,91.451,109.62,98.906,74.168,11.089,61.969,1.6588,0.0022662,5.2559e-13,0.0016432,84.253,87.727,87.685,78.423,82.549,79.722,72.1,0.20817,2.0726,6.5184e-07,5.2518e-13,5.2577e-13,5.2521e-13,0.0019665,9.2977e-05,6.8803,5.2721e-13,0.002766,10.454
2010,8,30.382,22.798,23.976,28.202,25.866,23.559,23.591,17.546,17.249,15.754,16.435,16.204,14.705,11.201,12.804,10.118,26.656,26.703,26.67,21.553,27.377,26.01,24.803,23.846,30.389,27.077,26.441,25.377,4.1787,0.042707,0.0063319,0.023972,0.025669,0.16192,26.414,12.146,12.403,11.37,6.7787,5.6694,8.117,23.556,28.597,40.313,47.687,50.816,40.868,44.564,51.921,51.714,46.173,40.648,49.476,49.909,54.139,40.249,31.938,33.199,28.865,25.761,20.086,14.184,10.593,0.097389,0.037786,0.027556,1.6911e-05,0.022646,1.9427e-05,2.2073e-05,0.41339,1.1091,0.03612,0.076958,1.4381e-13,1.4441e-13,1.4435e-13,1.4418e-13,37.992,34.118,35.971,39.55,24.948,1.6557,0.0021126,0.015615,1.3626e-05,1.0696e-09,1.5315e-13,0.0082712,5.8924,24.086,15.077,0.00041015,7.0781,8.7308,2.0802,51.596,60.372,62.449,56.506,49.835,51.86,73.259,66.768,68.689,67.233,65.516,118.54,119.14,110.33,108.26,112.09,79.413,83.48,105.4,94.789,74.629,94.254,102.07,90.96,108.93,98.416,104.87,103.42,105.68,108.11,103.32,101.01,100.09,93.789,89.401,87.937,81.884,82.87,59.774,57.087,46.427,24.349,22.891,52.813,25.212,48.31,48.775,52.775,57.225,54.489,42.29,43.388,42.572,30.742,34.406,7.9157,2.2595,8.0153,6.2778,0.1188,49.552,48.183,40.895,39.826,41.94,26.885,29.08,0.12151,0.047097,93.068,105.48,77.275,112.15,78.517,99.847,0.079158,0.055393,0.069114,2.1349,0.11047,0.10687,0.10657,68.591,0.10264,15.469,14.715,20.088,30.977,29.622,32.884,45.168,49.219,46.634,48.923,46.251,48.577,35.327,32.612,18.244,22.757,26.172,24.325,12.534,27.63,18.476,20.289,11.289,1.5439,12.619,4.8175,10.089,18.071,19.132,27.17,33.732,41.267,17.711,28.692,43.951,47.879,50.721,44.784,53.879,38.754,41.663,53.921,33.919,51.85,35.866,36.154,38.88,39.935,48.224,46.945,56.692,80.323,69.156,95.71,92.344,78.041,66.289,73.934,68.527,61.636,64.626,56.354,51.118,50.739,41.919,56.234,47.526,43.609,51.556,37.968,37.727,39.891,32.114,114.95,115.34,117.05,123.15,123.09,117.43,120.33,114.32,89.646,84.009,100.53,104.82,102,100.97,111.33,103.83,82.785,43.955,74.885,25.65,3.6343,1.953e-13,2.3141,77.772,79.704,81.349,74.213,78.912,82.494,79.898,21.445,29.118,2.4221e-07,1.9515e-13,1.9536e-13,1.9515e-13,3.363,0.066988,29.28,1.959e-13,0.29262,33.272
2010,9,44.961,41.069,54.778,59.608,53.55,50.016,31.135,14.643,21.588,11.726,14.718,13.365,12.227,8.1566,9.131,6.1556,24.447,20.497,19.295,14.008,29.436,29.485,22.711,21.607,20.439,17.307,13.851,13.207,2.8607,0.015869,0.0023528,0.0089076,0.009538,0.060165,13.862,7.3225,7.7306,8.9521,5.5235,5.2212,7.4893,18.191,18.311,22.99,32.6,37.521,23.563,30.924,40.254,40.817,35.01,30.506,38.817,39.522,45.316,38.322,35.859,34.687,41.159,43.716,44.271,34.709,35.595,1.6649,0.014041,0.010239,6.2839e-06,0.0084146,7.2186e-06,8.2018e-06,12.902,11.91,0.013421,0.028596,5.3437e-14,5.3661e-14,5.3637e-14,5.3575e-14,36.07,32.055,35.927,38.074,29.82,5.3395,0.00078499,0.0058022,5.0631e-06,3.9744e-10,5.6909e-14,0.0030734,14.737,26.537,21.32,0.0001524,15.58,16.524,6.4466,61.611,81.013,86.205,71.997,48.412,57.096,60.735,60.409,61.415,60.813,60.504,78.547,86.175,83.953,81.324,76.927,65.075,69.657,85.061,77.874,65.105,79.644,83.813,75.213,75.01,71.222,70.676,70.193,67.525,70.557,69.903,69.274,67.496,67.782,67.568,67.858,68.143,68.953,71.598,71.306,58.928,63.379,70.337,86.029,70.15,68.142,70.802,77.535,83.661,80.737,66.176,67.005,67.099,67.56,69.11,59.77,45.024,37.69,28.171,1.1587,55.351,48.478,45.938,47.41,52.391,26.693,31.783,0.045149,0.0175,72.567,69.793,62.75,69.449,49.96,59.326,0.029413,0.020583,0.025681,10.773,3.8161,0.039709,1.808,53.222,12.227,62.807,62.622,65.174,53.014,48.315,53.994,69.81,69.035,61.084,52.72,43.26,50.512,42.013,39.169,24.516,27.075,28.799,26.268,17.287,33.653,22.278,24.38,16.512,7.6,17.715,11.511,19.084,20.913,24.581,36.451,44.67,42.722,21.945,22.346,41.095,48.337,40.593,29.138,34.541,27.086,30.373,32.985,27.155,31.664,22.241,19.763,22.498,23.298,28.14,29.569,62.408,64.315,45.65,60.734,55.196,40.617,34.918,43.014,45.629,42.449,41.817,45.186,41.813,44.164,26.842,47.362,40.724,39.262,46.751,36.926,35.314,35.024,34.03,71.385,73.035,77.019,86.402,85.899,81.284,89.826,89.964,67.614,72.239,68.62,80.598,77.188,82.765,109.42,96.599,73.388,40.333,64.074,26.743,5.7269,7.2568e-14,4.2477,74.83,77.407,76.948,71.201,74.097,73.061,69.451,25.926,28.914,9e-08,7.2511e-14,7.2592e-14,7.2515e-14,5.1753,0.065389,34.215,7.2792e-14,3.19,39.543
2010,10,17.648,16.209,18.631,19.86,18.751,17.92,13.893,7.6841,10.688,6.211,7.7795,7.0975,6.5767,4.4306,4.8966,3.019,11.736,10.004,9.4058,6.762,13.519,13.503,11.058,10.609,9.7751,8.2268,5.8625,5.5103,1.063,0.0058965,0.00087424,0.0033098,0.0035441,0.022356,5.8758,2.9593,3.2463,4.3828,2.5395,2.5591,3.8343,8.9954,8.6989,10.545,15.116,17.297,10.865,14.26,18.198,18.145,15.833,14.029,17.042,17.239,20.545,19.445,17.329,15.528,17.395,17.493,16.808,14.388,14.223,1.4527,0.0052171,0.0038047,2.3349e-06,0.0031267,2.6823e-06,3.0476e-06,7.4572,7.0613,0.0049871,0.010626,1.9856e-14,1.9939e-14,1.993e-14,1.9907e-14,15.722,14.45,15.641,16.337,13.591,3.6051,0.00029169,0.0021559,1.8813e-06,1.4768e-10,2.1146e-14,0.001142,8.0681,12.497,10.588,5.6629e-05,8.391,8.7483,4.2072,22.382,26.283,27.201,24.526,19.241,21.205,22.541,22.368,22.652,22.395,22.221,26.818,27.871,27.397,27.02,26.464,23.519,24.467,27.66,26.268,23.388,26.561,27.473,25.793,26.08,25.21,25.245,25.126,24.755,25.317,25.081,24.914,24.624,24.507,24.293,24.355,24.145,24.36,23.779,23.605,21.116,20.339,21.103,25.919,21.296,22.738,23.155,24.328,25.353,24.879,22.205,22.394,22.337,21.464,21.966,18.144,15.402,14.69,12.407,1.0319,20.823,19.346,18.46,18.731,19.864,12.582,14.305,0.016776,0.0065027,25.415,25.234,23.249,25.299,20.407,23.032,0.010929,0.0076481,0.0095425,6.5239,3.0022,0.014755,1.565,20.895,7.1976,19.463,19.364,20.201,19.174,18.186,19.549,22.927,22.974,21.543,20.177,17.963,19.751,17.301,16.476,11.73,12.658,13.289,12.412,9.0082,14.809,10.944,11.715,8.7101,4.9575,9.1892,6.6734,9.757,10.412,11.783,15.505,17.823,17.664,10.817,10.792,17.368,19.264,17.416,13.414,15.5,12.639,13.944,14.913,12.738,14.402,10.412,8.9315,10.393,10.783,12.932,13.586,22.44,23.616,19.125,23.28,21.952,17.65,15.637,18.37,19.083,18.101,18.411,19.046,19.709,21.387,12.49,22.74,19.615,19.564,22.88,19.35,18.179,17.113,17.467,25.659,25.918,26.575,27.954,27.89,27.192,28.349,28.229,24.146,24.78,24.943,26.875,26.264,26.997,30.347,28.814,24.967,16.942,23.136,12.577,3.4212,2.6964e-14,2.6741,26.224,26.722,26.597,25.203,25.651,25.388,24.405,12.26,13.336,3.3442e-08,2.6944e-14,2.6974e-14,2.6945e-14,3.0865,0.024297,15.001,2.7048e-14,2.5043,16.589
2010,11,6.5578,6.0228,6.9227,7.3807,6.9675,6.6588,5.1622,2.8552,3.9713,2.3079,2.8907,2.6372,2.4438,1.6463,1.8195,1.1218,4.3609,3.7174,3.495,2.5126,5.0233,5.0174,4.1089,3.9421,3.6322,3.0569,2.1784,2.0475,0.39497,0.002191,0.00032485,0.0012299,0.0013169,0.0083069,2.1833,1.0996,1.2062,1.6286,0.94361,0.95092,1.4247,3.3425,3.2323,3.9184,5.8143,6.8858,4.0372,5.3615,7.2602,7.1391,6.027,5.2301,6.467,6.5308,8.5646,8.5554,7.3259,5.9251,6.8184,6.712,6.2637,5.3464,5.2849,0.5398,0.0019386,0.0014137,8.6761e-07,0.0011618,9.9667e-07,1.1324e-06,2.7709,2.6238,0.0018531,0.0039482,7.3781e-15,7.4089e-15,7.4056e-15,7.397e-15,5.8419,5.3693,5.8117,6.0703,5.0499,1.3396,0.00010838,0.0008011,6.9906e-07,5.4874e-11,7.8573e-15,0.00042434,2.9979,4.6436,3.9341,2.1042e-05,3.1179,3.2507,1.5633,8.6598,10.426,10.848,9.6157,7.2199,8.0669,8.4323,8.4235,8.5297,8.4264,8.3609,9.969,10.364,10.208,10.08,9.8605,8.7996,9.1916,10.466,9.9179,8.796,10.066,10.43,9.705,9.7099,9.3755,9.3803,9.3361,9.1987,9.4075,9.3196,9.2575,9.1496,9.1063,9.0268,9.0496,8.9718,9.0518,8.8357,8.7711,7.846,7.5575,7.8412,9.9284,7.913,8.4489,8.6038,9.0399,9.4205,9.2461,8.2509,8.321,8.2999,7.9754,8.162,6.7417,5.7232,5.4586,4.6101,0.38343,7.7372,7.1886,6.8594,6.9601,7.381,4.6751,5.3156,0.0062337,0.0024162,9.5034,9.3787,8.6387,9.4141,7.5828,8.5621,0.0040611,0.0028419,0.0035458,2.4241,1.1155,0.0054826,0.58151,7.764,2.6744,7.232,7.1952,7.506,7.1247,6.7574,7.3161,8.5206,8.5366,8.005,7.4974,6.6745,7.3389,6.4286,6.1221,4.3585,4.7035,4.9377,4.6121,3.3472,5.5026,4.0665,4.3531,3.2365,1.8421,3.4145,2.4797,3.6255,3.8689,4.3784,5.7615,6.6228,6.5635,4.0194,4.0099,6.4536,7.158,6.4715,4.9842,5.7594,4.6962,5.1814,5.5414,4.733,5.3513,3.869,3.3187,3.862,4.0067,4.8054,5.0483,8.3382,8.775,7.1065,8.6503,8.1569,6.5586,5.8102,6.8282,7.1087,6.7349,7.1027,7.3046,8.309,9.3178,4.6509,9.949,8.3843,8.5237,10.122,8.6337,7.9697,7.1754,7.6341,9.547,9.6393,9.8797,10.391,10.367,10.105,10.543,10.508,8.9746,9.2331,9.2681,9.9932,9.7779,10.125,11.387,10.832,9.3308,6.2952,8.6386,4.6732,1.2712,1.0019e-14,0.99364,11.76,12.271,11.571,10.406,10.013,9.7385,9.2048,4.5554,4.9554,1.2426e-08,1.0012e-14,1.0023e-14,1.0012e-14,1.1469,0.0090282,5.6007,1.005e-14,0.93054,6.2366
2010,12,2.4367,2.2379,2.5723,2.7425,2.589,2.4743,1.9182,1.0609,1.4756,0.85755,1.0741,0.97994,0.90804,0.61173,0.67608,0.41683,1.6204,1.3813,1.2986,0.93363,1.8665,1.8644,1.5268,1.4648,1.7216,1.1359,0.80943,0.76081,0.14676,0.00081412,0.00012071,0.00045699,0.00048933,0.0030866,0.81127,0.40859,0.44821,0.60513,0.35063,0.35334,0.5294,1.242,1.2011,1.4843,2.1605,2.5586,1.5001,1.9922,2.6977,2.6527,2.2395,1.9434,2.403,2.4267,3.1824,3.179,2.7221,2.2016,2.5335,2.494,2.3274,1.9866,1.9637,0.20058,0.00072033,0.00052531,3.2238e-07,0.0004317,3.7034e-07,4.2078e-07,1.0296,0.97495,0.00068856,0.0014671,2.7415e-15,2.753e-15,2.7518e-15,2.7486e-15,2.1707,1.9951,2.1595,2.2556,1.8764,0.49776,4.0273e-05,0.00029767,2.5976e-07,2.039e-11,2.9196e-15,0.00015767,1.114,1.7255,1.4618,7.8187e-06,1.1585,1.2079,0.58089,3.2178,3.874,4.0307,3.573,2.6828,2.9975,3.1332,3.13,3.1694,3.1311,3.1067,3.7042,3.851,3.7929,3.7456,3.6639,3.2697,3.4154,3.8888,3.6853,3.2684,3.7402,3.8757,3.6061,3.608,3.4837,3.4855,3.4691,3.418,3.4956,3.4629,3.4399,3.3998,3.3837,3.3542,3.3626,3.3337,3.3634,3.2831,3.2591,2.9154,2.8082,2.9136,3.6891,2.9403,3.1394,3.197,3.359,3.5004,3.4356,3.0658,3.0919,3.084,2.9635,3.0328,2.5051,2.1266,2.0283,1.713,0.14247,2.875,2.6711,2.5488,2.5862,2.7426,1.7371,1.9751,0.0023163,0.00089782,4.2432,3.5667,3.2099,3.498,2.8176,3.1815,0.001509,0.001056,0.0013175,0.90075,0.41451,0.0020372,0.21608,2.8849,0.99376,2.6872,2.6736,2.7891,2.6474,2.5109,2.7502,3.1671,3.172,2.9745,2.7859,2.4801,2.727,2.3887,2.2748,1.6195,1.7477,1.8347,1.7138,1.2438,2.0446,1.511,1.6175,1.2026,0.68448,1.2687,0.92139,1.3471,1.4376,1.6269,2.1408,2.4609,2.4389,1.4935,1.49,2.398,2.6597,2.4047,1.852,2.1401,1.745,1.9302,2.0591,1.7587,1.9884,1.4376,1.2332,1.435,1.4888,1.7856,1.8758,3.0983,3.2606,2.6406,3.2143,3.0309,2.437,2.1589,2.5372,2.6414,2.5025,2.6392,2.7142,3.0874,3.4623,1.7282,3.6968,3.1154,3.1672,3.761,3.2081,2.9613,2.6662,2.8367,3.5474,3.5818,3.6711,3.8611,3.8521,3.7549,3.9176,3.9044,3.3348,3.4308,3.4438,3.7132,3.6332,3.7623,4.231,4.0249,3.4671,2.3392,3.2099,1.7364,0.47236,3.723e-15,0.36921,5.0825,5.4057,4.8739,4.1794,3.7662,3.6186,3.4203,1.6927,1.8413,4.6173e-09,3.7201e-15,3.7242e-15,3.7202e-15,0.42615,0.0033547,2.0811,3.7345e-15,0.34577,2.3174
2011,1,1.0613,0.83156,1.1895,21.12,4.1003,1.211,0.71274,0.39422,0.54831,0.31865,0.39911,0.36412,0.33741,0.2273,0.25121,0.15489,0.6021,0.51325,0.48255,0.34692,0.69356,0.69275,0.56731,0.54428,1.3156,0.42206,0.30077,0.2827,0.054533,0.00030251,4.4852e-05,0.00016981,0.00018182,0.0011469,0.30145,0.15182,0.16654,0.22485,0.13028,0.13129,0.19671,0.4615,0.44628,1.2917,0.80278,0.95071,0.9561,0.74025,1.1168,0.99885,0.83214,0.72211,0.8929,0.90171,1.1825,1.1812,1.0115,0.81807,0.94141,0.92672,0.86482,0.73817,0.72968,0.07453,0.00026766,0.00019519,1.1979e-07,0.00016041,1.3761e-07,1.5635e-07,0.38258,0.36227,0.00025585,0.00054512,1.0187e-15,1.0229e-15,1.0225e-15,1.0213e-15,0.80658,0.74134,0.80241,0.83813,0.69724,0.18496,1.4964e-05,0.00011061,9.6519e-08,7.5764e-12,1.0849e-15,5.8588e-05,0.41392,0.64114,0.54318,2.9053e-06,0.43049,0.44882,0.21584,1.1957,1.4395,1.4977,1.3276,0.99685,1.1138,1.1642,1.163,1.1777,1.1634,1.1544,1.3764,1.4309,1.4094,1.3918,1.3614,1.2149,1.2691,1.445,1.3694,1.2145,1.3898,1.4401,1.34,1.3406,1.2945,1.2951,1.289,1.2701,1.2989,1.2867,1.2782,1.2633,1.2573,1.2463,1.2495,1.2387,1.2498,1.2199,1.211,1.0833,1.0435,1.0826,1.3708,1.0925,1.1665,1.1879,1.2481,1.3007,1.2766,1.1392,1.1489,1.146,1.1012,1.1269,0.93082,0.7902,0.75366,0.63652,0.05294,1.0683,0.99253,0.94707,0.96098,1.0191,0.64548,0.73391,0.00086069,0.00033361,1.9586,1.3747,1.1927,1.2998,1.047,1.1822,0.00056071,0.00039237,0.00048956,0.3347,0.15402,0.00075697,0.080288,1.072,0.36926,0.99851,0.99343,1.0364,0.9837,0.93299,1.0219,1.1768,1.1786,1.1052,1.0352,0.92154,1.0133,0.8876,0.84527,0.60178,0.64941,0.68174,0.63679,0.46215,0.75974,0.56146,0.60102,0.44686,0.25434,0.47144,0.34237,0.50057,0.53417,0.60452,0.79548,0.9144,0.90622,0.55495,0.55364,0.89104,0.9883,0.89352,0.68816,0.79519,0.6484,0.72024,0.7651,0.65349,0.73885,0.53419,0.45822,0.53322,0.55321,0.66348,0.69701,1.1512,1.2116,0.98119,1.1943,1.1262,0.90554,0.80221,0.94276,0.98149,0.92989,2.8478,1.0085,2.0909,1.2865,0.64215,1.3737,1.1576,1.1769,1.3975,1.192,1.1004,1.6744,1.054,1.3181,1.3309,1.3641,1.4347,1.4314,1.3952,1.4557,1.4508,1.2391,1.2748,1.2796,1.3798,1.35,1.398,1.5721,1.4956,1.2883,0.86918,1.1927,0.64522,0.17552,1.3834e-15,0.13719,1.8886,2.0086,1.811,1.553,1.3994,1.3446,1.2709,0.62896,0.68418,1.7157e-09,1.3823e-15,1.3838e-15,1.3824e-15,0.15835,0.0012465,0.77328,1.3876e-15,0.12848,0.86108
2011,2,0.58349,0.30899,1.5938,16.239,2.9533,1.0314,0.78055,2.174,13.064,2.4693,3.9654,3.3775,2.2058,0.57634,1.2165,0.98072,0.22373,0.19071,0.80329,0.12891,0.25771,0.25741,0.2108,0.20224,4.4572,0.15683,0.11176,0.10504,0.020263,0.00011241,1.6666e-05,6.3096e-05,6.7561e-05,0.00042617,0.11201,0.056414,0.061884,0.08355,0.048411,0.048785,0.073094,0.17148,0.16583,16.278,6.6532,9.9954,8.704,4.0537,11.594,5.4896,2.3509,0.26838,0.33178,0.33505,5.4204,1.2885,0.37584,0.30398,0.34981,0.34435,0.32135,0.27429,0.27113,0.027694,9.9455e-05,7.2529e-05,4.4511e-08,5.9604e-05,5.1132e-08,5.8097e-08,0.14216,0.13461,9.507e-05,0.00020256,3.7852e-16,3.801e-16,3.7993e-16,3.7949e-16,0.29971,0.27546,0.29816,0.31143,0.25908,0.068725,5.5604e-06,4.1099e-05,3.5864e-08,2.8152e-12,4.0311e-16,2.177e-05,0.1538,0.23823,0.20183,1.0795e-06,0.15996,0.16677,0.080203,0.44428,0.53487,0.55651,0.49332,0.37041,0.41386,0.4326,0.43215,0.4376,0.4323,0.42894,0.51144,0.5317,0.52369,0.51715,0.50587,0.45145,0.47156,0.53692,0.50882,0.45126,0.5164,0.53511,0.4979,0.49815,0.481,0.48124,0.47897,0.51494,0.48554,0.47813,0.47494,0.92827,0.46718,0.46311,0.4822,0.46028,0.46439,0.4533,0.44999,0.40253,0.38772,0.40228,0.50936,0.40596,0.43346,0.4414,0.46378,0.4833,0.47436,0.4233,0.4269,0.42581,0.40916,0.41874,0.34587,0.29362,0.28004,0.23651,0.019671,9.5695,11.318,8.1572,6.5707,7.7153,3.2162,2.609,0.00031981,0.00012396,6.4662,1.0804,2.877,0.48297,0.38903,0.43926,0.00020835,0.0001458,0.00018191,0.12437,0.057231,0.00028127,0.029833,0.39832,0.13721,0.37102,0.36914,0.38508,0.36552,0.34668,0.37972,0.43727,0.43796,0.41068,0.38464,0.34242,2.5779,0.32981,0.31408,0.22361,0.2413,0.25332,0.23662,0.17172,0.2823,0.20863,0.22333,0.16604,0.094505,0.17518,0.12722,0.186,0.19849,0.22463,0.29558,0.33977,0.33673,0.20621,1.1362,0.33109,0.36724,0.36751,8.9156,0.99331,2.1688,19.784,5.757,0.95139,4.3497,0.19849,0.17026,0.19813,0.27972,2.2357,5.3592,6.5406,1.6242,1.0542,0.4807,0.41848,0.33648,3.0645,0.35031,0.39028,1.4203,19.804,0.37475,15.019,4.4465,7.4421,14.124,2.8117,0.44047,11.646,0.88916,0.49361,5.745,0.39166,0.48979,0.49453,0.50686,0.53309,0.53186,0.51844,0.5409,0.53907,0.46043,0.47369,0.47549,0.51268,0.50164,0.51946,0.58417,0.55571,0.4787,0.32297,0.44319,0.23975,0.065218,5.1403e-16,0.050977,0.70174,0.74637,0.67294,0.57705,0.52,0.49962,0.47224,0.23371,0.25423,6.375e-10,5.1363e-16,5.142e-16,5.1365e-16,0.058838,0.00046318,0.28733,5.1562e-16,0.04774,0.31996
2011,3,0.27458,0.11481,1.1446,8.3599,1.1194,0.62152,0.58663,1.8063,7.5184,2.04,3.0694,2.6812,1.839,0.49779,1.0575,0.87258,0.083132,0.070865,0.65314,0.047898,0.09576,0.095648,0.078328,0.075148,3.22,0.058274,0.041526,0.039032,0.0075293,4.1767e-05,6.1926e-06,2.3445e-05,2.5104e-05,0.00015835,0.041621,0.020962,0.022995,0.031045,0.017988,0.018127,0.02716,0.063718,0.061618,8.6847,4.6255,6.2524,5.6322,3.0915,6.9294,3.9549,1.8777,0.099762,0.12328,0.1245,3.9008,0.95006,0.13965,0.11295,0.12998,0.12795,0.11941,0.10192,0.10075,0.01029,3.6955e-05,2.695e-05,1.6539e-08,2.2147e-05,1.9e-08,2.1587e-08,0.052822,0.050018,3.5326e-05,7.5265e-05,1.4065e-16,1.4124e-16,1.4117e-16,1.4101e-16,0.11136,0.10236,0.11079,0.11572,0.096268,0.025537,2.0661e-06,1.5271e-05,1.3326e-08,1.0461e-12,1.4979e-16,8.0892e-06,0.057149,0.088522,0.074997,4.0113e-07,0.059437,0.061968,0.029801,0.16508,0.19875,0.20679,0.18331,0.13763,0.15378,0.16075,0.16058,0.1626,0.16063,0.15938,0.19004,0.19757,0.19459,0.19216,2.2485,0.16775,0.17522,0.77078,0.19989,0.16768,0.19188,0.19883,0.18501,7.371,2.1111,0.33065,0.17797,18.066,12.57,0.30787,0.17648,16.78,5.6391,0.17208,3.614,0.17103,0.31282,0.16844,0.1672,0.14957,0.14407,0.14948,0.66142,0.24639,0.16106,0.16401,0.17233,0.17958,0.17626,0.45548,0.2259,0.15822,0.15204,0.15559,0.12852,0.1091,0.10406,0.087883,0.0073094,6.0572,6.82,5.3928,4.5708,5.1686,2.5362,2.0865,0.00011883,4.6061e-05,4.7081,3.9866,2.4162,8.0626,1.4647,17.84,7.7417e-05,5.4175e-05,6.7593e-05,0.046212,0.021266,0.00010451,0.011085,1.3608,0.050983,0.13786,0.13716,0.14309,0.13582,0.12882,0.14109,0.16248,0.16273,0.1526,0.14292,0.12724,2.024,0.12255,0.11671,0.083087,0.089663,0.094128,0.087921,0.063809,0.1049,0.07752,0.082983,0.061697,0.035116,0.065091,0.04727,0.069113,0.073753,0.083466,0.10983,0.12625,0.12512,0.076622,0.93401,0.12303,0.13646,0.15811,5.7677,0.76257,1.7645,9.7605,4.1299,0.75258,3.2825,0.073755,0.063266,0.073621,0.14876,1.814,3.9042,4.542,1.2331,0.7809,0.20102,0.1555,0.12503,2.4094,0.13017,0.16057,1.11,9.8855,0.13925,8.2463,3.2898,5.0488,7.9141,2.1786,0.1656,6.9493,0.589,0.23457,3.9657,0.14553,6.9872,4.591,1.1454,0.19809,0.19763,0.19264,0.20099,0.20031,0.17108,0.17601,0.17668,0.1905,0.1864,0.19302,0.21706,0.20649,0.17787,0.12001,0.16468,0.089086,0.024234,1.91e-16,0.018942,0.26075,0.27733,0.25005,0.21442,0.19322,0.18565,0.17547,0.08684,0.094465,2.3688e-10,1.9085e-16,1.9107e-16,1.9086e-16,0.021863,0.00017211,0.10677,1.9159e-16,0.017739,0.11889
2011,4,0.10203,0.042662,0.42532,3.2753,0.41595,0.23094,0.21798,0.67118,2.7937,0.75802,1.1405,0.99627,0.68332,0.18497,0.39294,0.32423,0.03089,0.048576,1.4393,0.017798,0.035582,0.035541,0.029105,0.027923,10.851,0.021653,0.01543,0.014503,0.0027977,1.552e-05,2.301e-06,8.7116e-06,9.3281e-06,5.8841e-05,0.14062,0.0077891,0.0085442,0.011536,0.006684,0.0067357,0.010092,0.023676,0.022896,18.494,2.3249,3.0491,10.121,1.531,3.7289,1.4695,0.69769,0.037069,0.045808,0.046261,1.4494,0.75577,0.051892,0.04197,0.048297,0.047544,0.044368,0.037871,0.037435,0.0038236,1.3732e-05,1.0014e-05,6.1456e-09,8.2295e-06,7.0598e-09,8.0213e-09,0.019627,0.018586,1.3126e-05,2.7967e-05,5.2262e-17,5.248e-17,5.2457e-17,5.2396e-17,0.04138,0.038033,0.041166,0.054958,0.035771,0.0094888,7.6772e-07,5.6745e-06,4.9517e-09,3.8869e-13,5.5657e-17,3.0058e-06,0.021235,0.032893,0.027867,1.4905e-07,0.022085,0.023026,0.011074,0.061341,0.07385,0.076838,0.068112,0.051142,0.057141,0.059729,0.059667,0.060419,0.059688,0.059223,0.070614,0.073412,0.072305,0.071402,2.696,0.062331,0.065108,0.61296,0.080865,0.062305,0.071299,0.073882,0.068744,5.5343,1.7449,0.21382,0.066131,12.088,8.7642,0.19258,0.065575,10.698,4.0853,0.063941,2.8248,0.063551,0.20037,0.062587,0.062129,0.055577,0.053533,0.055543,8.2704,3.2135,0.059847,0.060944,0.064033,0.39418,4.9982,25.027,20.036,9.7304,0.86585,1.5301,0.91259,0.04054,0.92331,0.032655,0.002716,2.2507,4.5597,2.0038,1.6984,1.9205,1.1655,0.7753,4.4156e-05,1.7115e-05,9.0505,8.0079,2.6781,8.809,1.2416,13.825,2.8766e-05,2.013e-05,2.5116e-05,0.017171,0.0079018,3.8835e-05,0.0041191,1.1534,0.018944,0.051227,0.050966,0.053168,0.050467,0.047865,0.052427,0.060374,0.060469,0.056703,0.053107,0.047278,0.75208,0.045537,0.043365,0.030873,0.033317,0.034976,0.03267,0.02371,0.038977,0.028805,0.030835,0.022925,0.013048,0.024186,0.017564,0.025681,0.027405,0.031014,0.040811,0.046912,0.046492,0.028471,0.34706,0.045713,0.050706,0.058748,9.8978,0.28335,1.3498,21.41,4.3002,0.27964,3.1454,0.027406,0.023508,0.027356,0.055276,1.6564,3.0746,1.6877,0.45819,0.29017,0.18751,0.057779,0.046457,0.89723,0.048367,0.059663,4.0319,15.072,0.051742,14.885,1.2677,4.9917,2.9407,1.9862,0.061534,2.9837,0.83664,1.5828,18.122,0.09088,6.7154,3.9437,1.5697,0.073604,0.073434,0.074347,0.074681,0.074429,0.063571,0.065402,0.06565,0.070786,0.069261,0.071722,0.080655,0.076727,0.066094,0.044592,0.061191,0.033102,0.0090046,7.0971e-17,0.0070384,2.2739,0.10359,0.38293,3.2249,2.1451,0.068982,0.065202,0.032268,0.035101,8.802e-11,7.0916e-17,7.0995e-17,7.092e-17,0.0081237,6.395e-05,0.039672,7.1191e-17,0.0065914,0.044176
2011,5,0.037912,0.015852,2.1215,4.0515,0.15456,0.50771,0.74437,0.24939,1.0381,0.28166,0.42379,0.37019,0.25391,0.068729,0.14601,0.12048,0.65285,1.1021,6.258,0.035699,0.013221,0.013206,0.010815,0.010376,21.296,1.1966,0.67543,2.8115,0.0010396,5.7668e-06,8.5501e-07,3.237e-06,3.4661e-06,2.1864e-05,8.8392,0.0028942,0.0031748,0.0042864,0.0024836,0.0025028,0.00375,0.0087975,11.88,71.558,34.646,29.927,53.676,15.432,23.646,9.9412,3.4995,0.013774,0.017021,0.017189,6.3339,5.9651,0.019282,0.015595,0.017946,0.017666,0.016486,0.014072,0.01391,0.0014208,5.1024e-06,3.721e-06,2.2836e-09,3.0579e-06,2.6233e-09,2.9805e-09,0.0072931,0.006906,4.8774e-06,1.0392e-05,1.9419e-17,1.95e-17,1.9492e-17,1.9469e-17,0.015376,0.014132,0.015296,0.027701,0.013292,0.0035258,2.8527e-07,2.1085e-06,1.84e-09,1.4443e-13,2.0681e-17,1.1169e-06,0.0078906,0.012222,0.010355,5.5383e-08,0.0082065,0.0085559,0.0041147,0.022793,0.027441,0.028551,0.025309,0.019003,0.021232,0.022194,0.022171,0.02245,0.022179,0.022006,0.078807,0.027278,0.026867,0.026531,3.7013,0.023161,0.024192,0.22776,0.030047,0.023151,0.026493,0.027453,0.025544,3.3854,0.64836,0.079449,0.024573,9.5214,6.3587,0.07156,0.024366,7.2072,1.5184,0.023759,1.0496,0.023614,0.074451,0.023256,0.023086,0.020651,0.019892,0.020638,49.54,45.57,13.425,9.1307,17.932,30.849,45.204,63.995,60.567,49.142,36.18,38.431,43.235,20.846,22.259,7.8859,0.0010092,50.388,51.254,38.853,35.169,40.688,16.828,14.823,1.6407e-05,6.3596e-06,36.287,19.877,31.919,13.893,1.091,12.813,1.0689e-05,7.4798e-06,9.3326e-06,0.0063804,0.0029361,1.443e-05,0.0015305,0.42859,0.0070392,0.019035,0.018938,0.019756,0.018752,0.017786,0.019481,0.065741,1.108,1.6277,14.026,6.4748,25.402,0.01692,0.016114,0.011472,0.01238,0.012996,0.012139,0.00881,0.014483,0.010703,0.011457,0.0085185,0.0048484,0.0089871,0.0065266,0.0095424,0.010183,0.011524,0.015164,0.017431,0.017275,0.010579,3.2865,3.1963,8.7733,13.694,57.511,20.754,39.464,60.007,34.882,22.172,32.927,26.336,33.558,27.044,29.243,32.749,39.271,41.325,19.423,10.321,7.5576,0.021469,0.017262,16.118,0.85139,7.9234,16.269,32.509,0.019226,24.916,7.0355,52.215,20.188,7.3837,0.66344,16.975,5.6945,4.9547,17.659,0.13209,9.0114,4.4893,5.0205,0.02735,0.027286,1.8298,0.02775,0.027656,0.023622,0.024302,0.3865,0.026607,0.025736,0.02665,0.02997,0.02851,0.024559,0.016569,0.022737,0.0123,0.0033459,2.6371e-17,0.0026153,11.597,3.7836,6.4305,11.449,8.4911,0.12087,0.024227,0.01199,0.013043,3.2706e-11,2.6351e-17,2.638e-17,2.6352e-17,0.0030186,2.3763e-05,0.014741,2.6453e-17,0.0024492,0.016415
2011,6,16.898,1.4163,10.079,13.298,0.97934,9.2338,14.128,7.2403,8.1986,4.0708,3.7638,4.5073,0.47553,0.025538,0.054254,0.51485,14.846,14.089,21.459,6.3112,1.0655,1.3651,3.2865,0.83966,29.376,9.5607,3.1322,6.3095,0.00038628,2.1428e-06,3.177e-07,1.2028e-06,1.2879e-06,8.1241e-06,13.411,0.0010754,0.0011797,0.0015927,0.00092286,0.00093,0.0013934,0.003269,39.466,60.156,43.292,38.912,47.608,23.164,32.21,21.803,10.879,0.2974,0.4213,1.3042,18.844,11.921,0.0071647,0.0057947,0.0066684,0.0065644,0.0061259,0.0052288,0.0051686,0.00052793,1.8959e-06,1.3826e-06,8.4852e-10,1.1362e-06,9.7474e-10,1.1075e-09,0.0027099,0.0025661,1.8123e-06,3.8613e-06,7.2157e-18,7.2459e-18,7.2427e-18,7.2343e-18,0.0057134,0.0052512,0.0056838,0.52966,0.0049388,0.0013101,1.06e-07,7.8348e-07,6.8368e-10,5.3666e-14,7.6845e-18,4.15e-07,0.002932,0.0045415,0.0038476,2.0579e-08,0.0030493,0.0031792,0.0015289,0.0084693,2.1887,4.0583,0.0094042,0.0070611,0.0078894,2.5801,1.1021,3.8948,0.11149,0.0081769,67.969,55.971,49.393,63.084,78.94,7.1354,7.2746,63.803,40.996,1.1929,13.733,48.14,18.045,77.038,55.201,45.735,19.712,86.3,80.615,45.09,23.756,79.738,61.652,9.1813,52.029,5.9826,42.404,4.3759,6.6353,9.7312,0.0073912,0.0076687,92.623,87.277,71.831,64.275,66.696,73.734,73.455,57.772,60.119,60.504,62.568,70.151,77.976,60.265,47.792,33.27,5.5098,95.916,89.151,85.167,85.664,91.773,57.789,63.099,0.37563,2.3631e-06,107.62,102.79,104.84,99.355,68.386,92.747,3.9717e-06,2.7793e-06,3.4678e-06,11.871,0.001091,5.3619e-06,0.00056872,45.523,0.0026156,0.0070729,0.0070369,0.0073409,8.9062,12.065,11.264,41.887,54.965,58.451,72.692,62.432,83.193,0.0062872,0.0059874,0.0042626,0.0046,0.0048291,0.0045107,0.0032736,0.0053816,0.0039771,0.0042573,0.0031653,0.0018016,0.0033394,0.0024251,0.0035457,0.0037838,0.0042821,1.4629,8.2526,29.371,0.0039309,28.762,54.476,70.287,67.495,73.138,65.707,65.998,71.445,67.654,56.477,65.594,56.525,57.703,56.772,57.824,62.727,55.458,101.53,96.016,74.121,83.857,47.165,30.403,64.225,38.162,42.32,41.612,49.051,3.89,30.468,18.153,53.547,32.633,16.965,5.7693,25.455,10.553,9.5623,19.256,1.6002,91.73,83.913,85.07,48.142,59.43,75.979,24.293,39.905,0.0087772,0.00903,70.1,58.185,36.27,22.893,40.903,27.572,0.0091256,0.0061567,0.0084485,0.0045704,0.0012433,9.7989e-18,0.00097178,27.842,20.94,26.885,26.111,27.123,16.886,0.2727,0.0044552,0.0048464,1.2153e-11,9.7913e-18,9.8023e-18,9.7918e-18,0.0011216,8.8296e-06,0.0054774,9.8292e-18,0.00091007,0.0060994
2011,7,45.142,16.041,14.805,11.071,4.0649,16.205,24.611,23.331,19.133,20.281,18.008,19.753,10.154,1.0005,6.9944,7.0066,27.117,23.431,25.904,14.166,26.554,23.514,19.113,12.644,26.137,12.745,3.3137,5.2508,0.00014353,7.9621e-07,1.1805e-07,4.4693e-07,4.7856e-07,3.0187e-06,15.873,0.0010166,0.13103,2.9383,0.011446,0.00034557,0.00051776,0.0012147,66.644,81.901,68.911,61.536,60.337,37.4,50.642,40.997,29.146,13.624,15.924,18.38,43.016,43.585,3.885,16.451,2.442,0.39352,0.0022762,0.0019429,0.0019205,0.00019617,7.0448e-07,5.1375e-07,3.1529e-10,4.222e-07,3.6219e-10,4.1152e-10,0.001007,0.00095351,6.7342e-07,1.4348e-06,2.6812e-18,2.6924e-18,2.6912e-18,2.6881e-18,11.046,6.699,8.4784,13.347,0.59479,0.00048681,3.9387e-08,2.9112e-07,2.5404e-10,1.9941e-14,2.8554e-18,1.5421e-07,0.0010894,0.0016875,0.0014297,7.6467e-09,0.0011331,0.0011813,0.00056811,13.422,37.963,44.074,23.884,2.927,3.6204,34.954,29.023,35.377,25.299,17.133,107.31,100.58,92.354,95.972,107.6,44.576,51.926,101.44,83.384,36.094,73.534,98.358,87.007,111.6,104.29,104.62,94.555,119.52,115.48,104.25,95.834,112.62,102.06,79.014,95.053,77.15,98.649,87.662,91.507,81.757,65.15,69.233,43.212,38.503,40.94,39.469,41.601,45.407,43.732,33.988,35.211,35.705,34.963,36.243,36.813,30.81,24.756,20.18,8.2043,79.366,70.917,70.325,71.228,76.252,44.984,53.753,0.38746,8.7807e-07,107.36,117.09,106.42,123.28,99.016,123.42,6.3428,1.0327e-06,1.2885e-06,11.57,13.616,3.7344,11.071,91.509,12.781,58.775,40.576,62.969,39.925,40.45,37.178,43.997,42.45,42.685,54.616,61.894,74.032,1.7752,3.8957,0.46711,13.964,19.276,7.5736,0.0012164,0.51385,0.0014778,0.14655,0.0011761,0.00066942,0.0012408,0.00090112,0.0013175,0.055819,0.5921,19.876,32.956,54.574,9.2051,48.316,72.6,77.617,84.201,96.327,87.048,96.003,94.896,86.57,92.506,86.512,90.674,94.011,90.955,90.171,86.956,82.421,90.331,96.386,77.935,97.043,82.939,60.093,74.837,62.454,64.708,68.479,69.346,39.134,58.935,51.495,83.712,59.004,51.526,42.877,52.01,43.957,45.306,52.006,33.24,120.99,117.26,112.01,98.921,101.37,104.56,92.128,97.431,23.624,35.796,103.09,104.74,94.62,86.33,110.46,93.543,34.664,0.0022877,17.625,0.0016982,0.00046197,3.6411e-18,0.00036109,53.054,50.78,55.357,50.84,55.969,56.693,36.636,0.0016554,0.0018008,4.5157e-12,3.6382e-18,3.6423e-18,3.6384e-18,0.00041677,3.2809e-06,0.0020353,3.6523e-18,0.00033816,0.0022664
2011,8,31.758,16.789,14.629,16.797,12.73,16.888,22.846,27.012,23.368,26.311,24.431,25.54,18.708,7.1452,15.609,13.132,24.388,23.426,25.087,19.317,32.735,25.953,25.671,24.49,25.17,24.457,10.173,10.406,5.3333e-05,2.9585e-07,4.3865e-08,1.6607e-07,1.7782e-07,1.1217e-06,22.108,1.2267,2.3116,8.6182,1.9219,3.0825,6.6947,15.476,81.027,88.902,89.627,88.322,74.582,65.271,86.025,85.267,68.374,56.255,77.55,83.042,81.339,41.752,7.0491,16.197,3.9743,0.61176,0.0008458,0.00072193,0.00071363,7.289e-05,2.6177e-07,1.909e-07,1.1715e-10,1.5688e-07,1.3458e-10,1.5291e-10,0.00037416,0.0003543,2.5023e-07,5.3313e-07,9.9627e-19,1.0004e-18,1e-18,9.9884e-19,17.788,13.03,14.895,18.173,3.4701,0.00018089,1.4635e-08,1.0817e-07,9.4396e-11,7.4097e-15,1.061e-18,5.7299e-08,0.00040481,0.00062704,0.00053123,2.8413e-09,0.00042102,0.00043894,0.0002111,14.498,27.535,30.53,21.325,5.8096,8.141,27.654,23.661,26.044,23.097,20.098,76.222,73.137,66.256,66.678,72.873,32.589,38.178,65.447,53.938,30.115,51.805,63.903,65.639,77.912,77.911,81.388,79.202,85.595,83.487,81.889,80.443,85.938,85.369,80.068,85.761,80.656,86.15,81.053,81.392,71.682,71.788,77.314,113.92,104.51,53.41,64.926,88.886,105.99,103.57,87.36,86.088,88.342,93.256,100.31,96.075,81.451,61.054,51.839,33.185,84.027,79.499,72.752,71.185,73.572,49.257,51.842,2.2163,3.2627e-07,81.44,82.594,80.869,83.377,69.447,82.911,14.822,3.8374e-07,4.7879e-07,25.255,42.632,18.664,20.936,71.735,40.848,73.022,69.333,73.621,52.59,52.666,57.284,74.415,62.675,53.065,69.848,85.091,86.944,14.659,17.978,12.108,27.994,32.719,29.799,8.8514,17.212,19.697,24.781,6.6767,1.2977,7.9871,6.6357,12.255,29.568,37.937,45.253,57.475,80.7,55.416,74.071,89.981,89.303,93.339,98.781,93.683,97.629,97.378,96.1,95.553,96.479,94.322,95.399,95.175,95.111,95.793,90.245,83.335,75.979,72.346,73.413,62.993,47.149,75.164,57.736,62.485,62.909,72.003,35.08,49.586,51.289,88.329,78.034,43.22,37.134,64.138,35.61,30.457,31.44,22.076,81.592,80.542,78.333,72.97,73.746,75.632,71.203,71.105,33.601,37.614,77.484,77.135,70.866,63.783,77.201,67.364,38.236,0.00085005,27.324,0.00063103,0.00017166,1.3529e-18,0.00013417,47.372,47.284,48.833,45.161,47.434,47.029,38.179,0.00061513,0.00066913,1.6779e-12,1.3519e-18,1.3534e-18,1.3519e-18,0.00015486,1.2191e-06,0.00075627,1.3571e-18,0.00012565,0.00084213
2011,9,64.489,30.86,22.142,26.399,23.044,23.925,29.945,24.905,20.709,22.937,21.836,22.457,17.931,9.8686,15.58,12.968,37.291,32.864,30.897,21.67,65.24,53.062,42.32,40.122,30.684,24.963,12.393,11.689,1.9817e-05,1.0993e-07,1.6299e-08,6.1708e-08,6.6075e-08,4.1679e-07,18.339,5.3178,8.0085,21.631,10.455,10.009,10.058,12.992,28.468,28.296,27.249,26.815,26.847,26.505,26.535,26.038,26.056,23.156,23.75,23.875,24.867,17.287,4.2631,8.3403,2.4289,0.3682,0.00031428,0.00026825,0.00026517,2.7084e-05,9.7267e-08,7.0934e-08,4.3532e-11,5.8293e-08,5.0008e-11,5.6818e-11,0.00013903,0.00013165,9.2978e-08,1.981e-07,3.7019e-19,3.7174e-19,3.7157e-19,3.7114e-19,9.2289,7.2634,8.0471,9.3477,2.6089,6.7213e-05,5.4381e-09,4.0195e-08,3.5075e-11,2.7533e-15,3.9424e-19,2.1291e-08,0.00015042,0.00023299,0.00019739,1.0558e-09,0.00015644,0.0001631,7.8438e-05,7.6184,12.898,13.998,10.515,3.6328,4.9713,12.946,11.426,12.331,11.229,10.091,27.532,27.493,25.587,25.468,26.56,14.792,16.686,24.732,21.638,13.838,20.745,24.114,23.591,27.095,26.531,27.202,26.335,28.123,27.927,27.225,26.587,28.14,27.919,26.047,27.952,25.797,27.58,25.051,25.198,23.74,22.876,23.677,51.996,31.809,35.796,41.081,51.074,58.363,55.982,46.004,46.024,46.323,39.421,36.495,29.589,27.497,24.228,23.615,15.014,28.998,29.002,25.784,25.243,25.657,20.272,20.416,1.8329,1.2123e-07,28.644,28.561,27.452,28.395,24.643,27.458,8.0895,1.4259e-07,1.7791e-07,14.117,16.158,9.5612,10.441,24.756,15.755,22.856,21.752,23.053,78.14,82.115,78.422,65.254,45.4,34.168,33.182,33.263,30.569,81.916,80.43,62.298,67.83,65.126,52.143,20.858,61.412,33.724,38.424,21.867,9.0523,22.946,15.54,21.889,27.331,30.384,62.5,51.201,29.628,25.496,28.397,29.356,28.956,28.14,28.818,27.7,28.591,28.544,27.888,28.034,27.902,28.323,28.362,28.063,28.017,27.887,27.367,27.91,27.047,25.2,26.718,24.311,20.03,25.135,21.997,22.816,22.795,24.332,15.441,19.685,19.726,27.439,25.06,17.875,16.022,22.307,15.642,13.978,14.349,10.679,28.018,27.823,28.05,27.542,27.789,28.026,26.961,27.009,15.102,16.472,27.482,27.847,26.464,25.246,28.944,26.19,16.653,0.00031586,12.86,0.00023448,6.3783e-05,5.0272e-19,4.9856e-05,19.792,19.727,20.317,19.058,19.851,19.76,16.661,0.00022857,0.00024863,6.2348e-13,5.0233e-19,5.0289e-19,5.0235e-19,5.7543e-05,4.5299e-07,0.00028101,5.0427e-19,4.669e-05,0.00031292
2011,10,42.421,40.507,31.876,42.752,44.928,40.411,54.905,64.835,82.529,67.085,70.464,67.604,59.389,43.401,49.938,31.61,62.79,55.894,53.401,39.452,43.386,51.197,53.039,48.73,49.67,34.658,20.293,17.183,7.3637e-06,4.0848e-08,6.0564e-09,2.2929e-08,2.4552e-08,1.5487e-07,22.66,10.181,14.645,36.886,21.365,20.153,18.185,24.134,19.031,21.448,22.072,24.853,22.624,36.167,30.571,34.015,40.126,35.848,37.978,36.823,28.936,8.4758,1.5841,3.0991,0.90252,0.13681,0.00011678,9.9677e-05,9.853e-05,1.0064e-05,3.6142e-08,2.6357e-08,1.6175e-11,2.166e-08,1.8582e-11,2.1112e-11,5.166e-05,4.8918e-05,3.4548e-08,7.3609e-08,1.3755e-19,1.3813e-19,1.3807e-19,1.3791e-19,3.4293,2.6989,2.9901,3.4734,0.9694,2.4975e-05,2.0207e-09,1.4935e-08,1.3033e-11,1.023e-15,1.4649e-19,7.9112e-09,5.5892e-05,8.6575e-05,7.3347e-05,3.923e-10,5.813e-05,6.0605e-05,2.9146e-05,2.8308,4.7925,5.2057,3.907,1.3499,1.8472,4.8149,4.2455,4.5818,4.1725,3.7498,11.198,11.42,10.476,10.283,10.58,5.5523,6.3298,9.719,8.3487,5.172,8.0205,9.3976,9.0745,10.664,10.339,10.736,10.413,10.923,10.955,10.733,10.502,11.016,11.066,10.457,11.313,10.843,11.72,15.512,16.2,12.851,22.352,28.538,51.55,32.631,29.401,35.038,46.915,57.261,52.373,33.914,34.717,37.777,38.252,33.919,32.949,27.187,19.113,17.026,8.8851,15.65,15.489,12.005,11.548,11.939,8.3293,7.8001,0.68105,4.5048e-08,12.948,11.406,10.945,11.198,9.2855,10.429,3.0059,5.2983e-08,6.6106e-08,7.5578,12.284,3.921,3.8795,9.4395,11.459,26.245,25.979,25.738,44.391,41.662,42.456,48.726,37.721,26.216,21.87,19.307,17.153,41.07,40.99,37.328,39.085,38.009,33.57,19.512,35.751,25.369,27.097,23.217,12.937,21.479,16.581,18.501,21.474,21.897,34.816,30.776,17.763,18.837,20.594,18.076,16.806,18.764,20.409,20.371,19.091,21.477,19.322,17.376,18.763,17.472,15.289,15.599,15.639,17.217,17.297,13.571,11.619,13.803,10.9,9.8618,8.6034,15.13,10.14,10.292,10.062,17.379,5.7812,9.9822,10.756,16.654,22.949,7.7598,6.5976,17.795,6.3707,5.194,6.2506,3.968,11.053,11.03,11.374,11.5,11.588,11.59,11.336,11.257,5.9075,6.4337,11.111,11.448,10.953,10.851,12.676,11.112,6.5285,0.00011737,4.9018,8.7126e-05,2.37e-05,1.868e-19,1.8525e-05,7.8021,7.8199,8.0778,7.4488,7.8168,7.8304,6.5153,8.493e-05,9.2387e-05,2.3167e-13,1.8665e-19,1.8686e-19,1.8666e-19,2.1382e-05,1.6832e-07,0.00010442,1.8738e-19,1.7349e-05,0.00011627
2011,11,18.355,18.897,16.6,18.132,18.753,18.71,22.127,24.898,25.966,25.384,25.263,25.059,22.132,17.315,19.729,14.179,23.411,21.493,21.138,17.254,18.574,20.714,21.483,20.681,20.453,17.07,10.757,9.1574,2.7362e-06,1.5178e-08,2.2504e-09,8.52e-09,9.1229e-09,5.7547e-08,11.251,5.9611,7.974,15.782,10.585,10.151,9.4254,12.272,9.4255,10.879,10.867,12.107,11.229,17.296,14.935,17.205,19.525,17.821,20.828,21.053,14.202,4.1577,0.5886,1.1515,0.33535,0.050837,4.3392e-05,3.7038e-05,3.6612e-05,3.7395e-06,1.343e-08,9.7937e-09,6.0104e-12,8.0484e-09,6.9045e-12,7.8449e-12,1.9196e-05,1.8177e-05,1.2837e-08,2.7351e-08,5.1112e-20,5.1326e-20,5.1303e-20,5.1244e-20,1.2742,1.0029,1.1111,1.2906,0.36021,9.2801e-06,7.5084e-10,5.5497e-09,4.8428e-12,3.8014e-16,5.4432e-20,2.9396e-09,2.0768e-05,3.2169e-05,2.7254e-05,1.4577e-10,2.16e-05,2.2519e-05,1.083e-05,1.0519,1.7808,1.9343,1.4518,0.50158,0.68638,1.7891,1.5775,1.7025,1.5504,1.3933,4.1609,4.2435,3.8928,3.8211,3.9314,2.0631,2.352,3.6114,3.1022,1.9218,2.9802,3.4919,3.3719,3.9625,3.8419,3.9894,3.8691,4.0587,4.0707,3.9882,3.9023,4.0932,4.1176,3.9162,4.2872,4.3724,4.8321,7.8645,8.2326,6.4154,10.97,12.996,20.243,14.59,13.591,15.573,19.12,21.632,20.548,15.256,15.535,16.528,16.501,15.135,14.597,12.743,9.5301,8.4642,4.52,7.3661,7.1706,5.3446,5.1345,5.4065,3.2555,2.9418,0.25306,1.6739e-08,5.6182,4.2426,4.2495,4.1609,3.4503,3.8753,1.1169,1.9687e-08,2.4564e-08,3.4546,6.7051,1.6722,1.4415,3.5411,6.2747,12.282,12.175,12.126,18.842,18.049,18.283,19.883,16.474,12.352,10.379,8.9702,8.0474,17.669,17.66,16.372,17.088,16.918,16.041,12.631,16.227,13.845,14.026,13.78,9.5575,13.04,10.894,9.8942,11.91,10.725,15.616,14.044,8.4464,9.4645,10.612,8.7738,8.1184,9.3359,10.107,10.126,9.5007,10.582,9.6531,8.6717,9.3889,8.6677,7.4292,7.6656,7.6974,8.6078,8.6572,6.2274,4.787,6.7884,4.1519,3.7119,3.5615,7.6352,4.5972,4.6225,4.4942,8.8653,2.1482,4.9399,5.4688,8.2869,11.194,3.4863,2.8168,9.1278,2.6869,1.93,2.8618,1.4744,4.107,4.0984,4.2265,4.2739,4.3067,4.3067,4.2241,4.1871,2.1951,2.3906,4.1287,4.2614,4.1046,4.9331,9.2943,5.9993,2.4258,4.3611e-05,1.8214,3.2374e-05,8.8065e-06,6.941e-20,6.8835e-06,2.8991,2.9057,3.0018,2.7678,2.9045,2.9096,2.4209,3.1558e-05,3.4329e-05,8.6083e-14,6.9356e-20,6.9434e-20,6.9359e-20,7.945e-06,6.2544e-08,3.8799e-05,6.9625e-20,6.4464e-06,4.3204e-05
2011,12,7.0172,8.1039,11.431,30.057,13.044,10.919,9.6622,13.782,12.269,14.867,13.688,14.106,10.663,7.1853,8.9398,5.7387,9.7858,8.8395,8.7785,7.0816,7.0679,8.203,8.845,8.602,8.5295,7.3619,4.3125,3.5,1.0167e-06,5.6399e-09,8.362e-10,3.1658e-09,3.3899e-09,2.1383e-08,4.2793,2.215,2.963,6.0905,3.9331,3.7719,3.5076,4.9855,3.5654,4.2392,4.0585,4.6251,4.2854,7.3899,6.1882,7.5798,8.687,7.8712,9.6881,9.8752,5.8272,1.5449,0.21871,0.42789,0.12461,0.01889,1.6124e-05,1.3762e-05,1.3604e-05,1.3895e-06,4.9901e-09,3.6391e-09,2.2333e-12,2.9906e-09,2.5656e-12,2.915e-12,7.1327e-06,6.7541e-06,4.7701e-09,1.0163e-08,1.8992e-20,1.9071e-20,1.9063e-20,1.9041e-20,0.47348,0.37264,0.41284,0.47957,0.13384,3.4483e-06,2.7899e-10,2.0621e-09,1.7995e-12,1.4125e-16,2.0226e-20,1.0923e-09,7.717e-06,1.1953e-05,1.0127e-05,5.4165e-11,8.0259e-06,8.3677e-06,4.0241e-06,0.39085,0.6617,0.71875,0.53944,0.18638,0.25504,0.66479,0.58618,0.6326,0.5761,0.51773,1.5461,1.5768,1.4465,1.4198,1.7105,0.7666,0.87395,1.3419,1.1527,0.71409,1.1074,1.2975,1.2529,1.4724,1.4276,1.4824,1.4377,1.5081,1.5126,1.4819,1.45,1.5209,1.53,1.4552,1.593,1.6247,1.7955,2.9223,3.059,2.3838,4.0763,4.8289,7.5219,5.4213,5.0502,5.7864,7.1044,8.0379,7.635,5.6689,5.7724,6.1415,6.1314,5.6237,5.424,4.7349,3.5412,3.1451,1.6795,2.7371,2.6644,1.9859,1.9079,2.0089,1.2097,1.0931,0.094032,6.2197e-09,6.6598,4.507,1.7983,2.7115,1.282,1.44,0.41502,7.3153e-09,9.1273e-09,1.2836,2.4914,0.62135,0.53564,1.3158,2.3315,4.5639,4.5239,4.5059,7.0011,6.7066,6.7936,7.388,6.1214,4.5896,3.8566,3.3331,2.9902,6.5655,6.5621,6.0834,6.3754,6.4143,6.4642,6.004,6.2289,6.0537,5.9135,6.2946,4.7165,6.012,5.1615,4.0549,5.1919,4.1062,5.8102,5.2183,3.1385,3.64,4.2641,3.2601,3.0166,3.469,3.7557,3.7625,3.5302,3.9321,3.5869,3.2222,3.4887,3.2207,2.7605,2.8484,2.8602,3.1984,3.2168,2.314,1.7787,2.5224,1.8994,1.3792,1.3234,2.837,1.7082,1.7176,1.6699,3.2942,0.79821,1.8356,2.0321,3.0792,4.1592,1.2954,1.0467,3.3917,0.9984,0.71714,1.0834,0.54786,1.9556,1.5357,1.8931,1.5881,1.6003,1.7067,1.5696,1.5558,0.81564,0.8883,1.6911,1.5834,1.5252,2.2346,5.1853,3.122,0.90138,1.6205e-05,0.67678,1.2029e-05,3.2723e-06,2.5791e-20,2.5578e-06,1.0772,1.0797,1.1154,1.0285,1.0793,1.0811,0.89956,1.1726e-05,1.2756e-05,3.1987e-14,2.5771e-20,2.58e-20,2.5772e-20,2.9522e-06,2.324e-08,1.4417e-05,2.5871e-20,2.3953e-06,1.6054e-05
2012,1,2.6074,3.0112,5.919,13.283,6.7983,5.3508,3.7156,6.404,5.1211,7.0621,6.2936,6.6086,4.5588,2.6765,3.6312,2.2232,3.6362,3.2846,3.2619,2.6314,2.6263,3.048,3.2866,3.1963,3.1731,2.7355,1.6024,1.3005,3.7778e-07,2.0957e-09,3.1071e-10,1.1763e-09,1.2596e-09,7.9454e-09,1.5901,0.82304,1.101,2.2631,1.4615,1.4015,1.3034,1.8525,1.3248,1.5752,1.5081,1.7186,1.5924,2.7459,2.2994,2.8165,3.2279,2.9247,3.5999,3.6694,2.1652,0.57406,0.081268,0.15899,0.046302,0.007019,5.9911e-06,5.1137e-06,5.0549e-06,5.1631e-07,1.8542e-09,1.3522e-09,8.2986e-13,1.1112e-09,9.533e-13,1.0831e-12,2.6503e-06,2.5097e-06,1.7725e-09,3.7764e-09,7.057e-21,7.0865e-21,7.0834e-21,7.0752e-21,0.17593,0.13846,0.1534,0.1782,0.049733,1.2813e-06,1.0367e-10,7.6624e-10,6.6864e-13,5.2486e-17,7.5154e-21,4.0587e-10,2.8675e-06,4.4416e-06,3.7629e-06,2.0126e-11,2.9822e-06,3.1092e-06,1.4953e-06,0.14523,0.24587,0.26707,0.20044,0.069253,0.094768,0.24702,0.21781,0.23506,0.21407,0.19237,0.57449,0.5859,0.53747,0.52758,0.78353,0.28485,0.32474,0.49862,0.42832,0.26534,0.41148,0.48213,0.46555,0.54709,0.53045,0.55081,0.5342,0.56039,0.56204,0.55064,0.53879,0.56514,0.56852,0.54071,0.59193,0.60369,0.66716,1.0858,1.1367,0.88578,1.5147,1.7943,2.795,2.0144,1.8765,2.1501,2.6398,2.9867,2.837,2.1064,2.1449,2.282,2.2783,2.0896,2.0154,1.7594,1.3158,1.1686,0.62407,1.017,0.99004,0.73793,0.70892,0.74648,0.44948,0.40617,0.03494,2.3111e-09,4.255,3.0007,0.7986,1.6331,0.47638,0.53506,0.15421,2.7182e-09,3.3915e-09,0.47697,0.92576,0.23088,0.19903,0.48891,0.86634,1.6958,1.681,1.6743,2.6015,2.492,2.5243,2.7452,2.2746,1.7054,1.433,1.2385,1.1111,2.4396,2.4383,2.2605,2.3689,2.3834,2.402,2.231,2.3145,2.2494,2.1973,2.3389,1.7525,2.2339,1.9179,1.5067,1.9292,1.5258,2.1589,1.939,1.1662,1.3525,1.5844,1.2114,1.1209,1.289,1.3955,1.3981,1.3118,1.4611,1.3328,1.1973,1.2963,1.1967,1.0257,1.0584,1.0628,1.1885,1.1953,0.85981,0.66093,0.93726,0.91451,0.51249,0.49173,1.0542,0.63473,0.63822,0.62051,1.224,0.2966,0.68205,0.75507,1.1442,1.5455,0.48135,0.38891,1.2603,0.37098,0.26647,0.40258,0.20357,0.97601,0.57845,0.89303,0.59009,0.59463,0.69829,0.58321,0.57812,0.30307,0.33007,0.72232,0.58836,0.56671,0.83033,1.9267,1.16,0.33493,6.0213e-06,0.25148,4.4698e-06,1.2159e-06,9.5834e-21,9.504e-07,0.40027,0.40118,0.41446,0.38215,0.40103,0.40172,0.33425,4.3572e-06,4.7397e-06,1.1885e-14,9.5759e-21,9.5866e-21,9.5764e-21,1.097e-06,8.6354e-09,5.3569e-06,9.613e-21,8.9005e-07,5.9652e-06
2012,2,41.953,3.4207,2.5906,7.0542,2.5261,2.354,11.848,19.929,21.532,22.006,20.761,22.292,18.556,15.924,21.453,39.618,24.692,30.556,41.272,31.806,66.632,29.391,37.299,41.732,65.981,52.893,33.523,43.791,49.277,40.615,21.277,57.881,34.695,50.037,64.52,73.872,69.861,66.73,67.541,72.971,77.116,68.485,63.5,117.31,83.72,86.139,103.05,92.791,100.09,98.517,96.468,84.549,86.125,93.416,68.314,39.765,2.1849,5.4193,2.8806,2.8996,0.22853,0.14285,0.034574,0.076443,6.8898e-10,5.0245e-10,3.0835e-13,4.1291e-10,3.5422e-13,4.0247e-13,9.848e-07,9.3253e-07,6.586e-10,1.4032e-09,2.6222e-21,2.6332e-21,2.632e-21,2.629e-21,0.27508,0.50085,0.25795,0.76786,0.027232,4.761e-07,3.852e-11,2.8472e-10,2.4845e-13,1.9502e-17,2.7926e-21,1.5081e-10,1.0655e-06,1.6504e-06,1.3982e-06,7.4785e-12,1.1081e-06,1.1553e-06,5.5561e-07,0.053964,0.09136,0.099237,0.07448,0.025733,0.035214,0.091787,0.080933,0.087343,0.079542,0.071482,0.21347,0.21771,0.19971,0.20514,0.54959,0.10584,0.12067,0.18527,0.15915,0.098593,0.1529,0.17915,0.17299,0.23207,0.1971,0.20467,0.1985,0.2649,0.24096,0.20461,0.2002,0.4677,0.21125,0.20091,0.21995,0.22432,0.2479,0.40347,0.42236,0.32913,0.56281,0.66672,38.874,3.882,17.689,15.166,24.161,35.859,50.378,82.164,74.676,54.49,20.131,15.025,2.1836,1.7375,6.1193,4.7658,0.23189,14.942,26.907,7.6117,4.0133,3.2943,6.5623,0.86009,0.012983,8.5875e-10,8.8351,3.0477,1.767,0.9418,0.17701,0.19882,0.057301,1.01e-09,1.2602e-09,1.6314,0.34399,0.08579,0.073955,0.18167,0.32191,0.63013,0.62461,0.62213,53.358,67,45.12,28.074,13.828,9.8543,20.497,17.007,13.759,14.436,20.871,30.265,60.25,76.468,76.902,66.624,38.066,72.928,71.588,53.938,44.556,60.254,48.003,32.455,60.087,34.642,68.899,27.644,2.8567,22.677,62.647,3.7067,2.1343,3.5377,37.596,6.8197,20.77,37.89,17.936,7.0284,18.239,29.844,41.102,27.884,28.629,24.194,44.762,3.8875,1.0108,1.0422,1.0049,0.19043,0.18272,7.0016,0.5128,2.7378,11.697,41.253,0.78808,47.042,26.054,74.018,48.812,25.685,16.441,50.369,32.834,25.281,43.726,17.386,0.43609,0.21494,0.52454,0.21927,0.22095,0.42785,0.21671,0.21657,0.11261,0.12265,0.2684,0.2366,0.21058,0.30853,4.2656,1.8714,0.12445,2.2374e-06,0.093443,1.6609e-06,4.518e-07,3.561e-21,3.5315e-07,0.69678,0.14907,0.18107,1.5416,1.8717,0.28424,0.1242,1.619e-06,1.7612e-06,4.4164e-15,3.5582e-21,3.5622e-21,3.5584e-21,4.076e-07,3.2087e-09,1.9905e-06,3.572e-21,3.3072e-07,2.2165e-06
2012,3,14.735,2.3753,1.1907,3.6554,0.93863,1.0886,6.9931,9.9473,10.401,10.597,10.203,10.667,9.4734,8.5652,10.333,14.306,11.219,12.6,14.669,12.831,18.058,12.327,13.962,14.742,18.039,16.396,13.121,14.935,15.656,14.313,10.163,16.795,13.246,15.764,17.724,18.623,18.249,18.033,18.042,18.594,19.017,19.211,18.073,27.965,30.792,32.964,26.009,26.939,35.362,34.73,29.39,25.453,30.729,32.908,31.963,25.579,2.4487,4.6903,2.7708,2.644,0.22063,0.13874,0.033837,0.074592,2.5601e-10,1.867e-10,1.1458e-13,1.5343e-10,1.3162e-13,1.4955e-13,3.6593e-07,3.4651e-07,2.4472e-10,5.214e-10,9.7435e-22,9.7843e-22,9.78e-22,9.7686e-22,0.22701,0.44646,0.21555,0.68078,0.015449,1.7691e-07,1.4313e-11,1.0579e-10,9.2319e-14,7.2467e-18,1.0377e-21,5.6039e-11,3.9591e-07,6.1325e-07,5.1955e-07,2.7788e-12,4.1176e-07,4.2929e-07,2.0645e-07,0.020052,0.033947,0.036874,0.027675,0.0095618,0.013085,0.034106,0.030073,0.032455,0.029556,0.026561,0.079319,0.080895,0.074208,0.20543,1.6868,0.039329,0.044837,0.22759,0.059382,0.036635,0.056812,0.066567,0.064278,6.6388,6.0821,1.7519,0.073757,16.836,13.249,2.2283,0.24565,29.72,31.188,5.0213,43.6,5.4046,22.679,0.15501,0.15972,0.25063,0.20913,0.24774,24.318,2.8344,15.786,17.077,30.447,44.237,46.476,43.595,42.071,37.351,16.191,10.275,1.5605,1.2322,4.2958,3.5035,0.086165,8.2081,11.682,5.1302,3.0683,2.5784,4.5985,0.71896,0.0048242,3.1909e-10,10.282,6.905,1.6267,3.9835,0.065773,4.7686,0.021292,3.753e-10,4.6826e-10,1.364,0.12782,0.031877,0.02748,6.1731,0.11961,0.23414,0.23209,0.23117,16.447,18.085,15.242,15.963,12.355,8.1397,12.209,9.3682,7.7792,8.0303,10.128,12.478,17.303,19.032,19.075,18.018,14.035,18.675,18.536,16.502,15.092,17.291,15.632,12.898,17.242,13.337,18.254,11.867,2.2107,10.595,17.522,2.8081,1.665,2.6825,14.065,4.6782,10.064,13.943,9.2127,4.8024,9.3074,12.381,15.163,11.903,12.072,10.987,17.337,2.9693,0.80394,0.77874,0.85588,0.07076,0.067893,4.7966,0.35411,2.1946,7.0133,20.861,0.67587,27.445,19.924,25.726,28.83,19.511,14.796,29.974,23.179,19.697,26.317,15.133,2.2363,1.5926,1.3212,0.081474,0.0821,0.51795,0.080524,0.081544,0.041845,0.045573,0.1966,0.1095,0.078246,0.11464,3.2823,1.447,0.046244,8.3135e-07,0.034721,6.1715e-07,1.6788e-07,1.3232e-21,1.3122e-07,0.57299,0.055391,0.083734,1.3063,1.5695,0.18663,0.04615,6.0159e-07,6.5441e-07,1.641e-15,1.3221e-21,1.3236e-21,1.3222e-21,1.5146e-07,1.1923e-09,7.3963e-07,1.3273e-21,1.2289e-07,8.2361e-07
2012,4,9.4542,0.8826,9.5254,25.324,3.2415,4.42,2.8509,4.4377,7.0301,4.4483,4.119,4.1785,3.5201,3.1826,3.8396,5.3157,4.1686,4.6818,5.4506,4.7676,6.7098,4.5805,5.188,5.4778,7.2634,6.0923,4.8753,5.5494,5.8174,5.3183,3.7764,6.2406,4.9221,5.8574,6.5858,6.9199,6.781,6.7006,6.7038,6.9089,7.0882,7.699,10.029,32.328,17.707,16.367,15.587,12.183,16.031,15.576,13.369,11.481,14.022,14.884,14.542,12.136,1.2457,2.142,1.2608,1.1316,0.081979,0.051552,0.012573,0.027717,9.5127e-11,6.9373e-11,4.2574e-14,5.701e-11,4.8907e-14,5.5569e-14,1.3597e-07,1.2875e-07,9.0933e-11,1.9374e-10,3.6205e-22,3.6356e-22,3.634e-22,3.6298e-22,0.084352,0.16589,0.080093,0.25296,0.0057405,6.5735e-08,5.3185e-12,3.9311e-11,3.4304e-14,2.6927e-18,3.8557e-22,2.0823e-11,1.4711e-07,2.2787e-07,1.9305e-07,1.0326e-12,1.53e-07,1.5951e-07,7.6713e-08,0.0074508,0.012614,0.013702,0.010283,0.0035529,0.0048619,0.012673,0.011174,0.012059,0.010982,0.0098695,0.029473,0.030059,0.027574,0.15065,1.3285,0.014614,0.01666,0.17958,0.022215,0.013613,0.02111,0.024735,0.023884,4.6498,4.3531,1.5052,0.027406,8.8418,7.5891,1.8752,0.19364,12.28,12.556,3.7448,14.859,3.968,10.553,0.060702,0.061043,0.1702,0.077707,0.092054,18.382,1.0532,21.03,25.787,42.524,56.076,53.467,42.676,42.158,38.826,14.753,5.2153,0.57985,0.45786,1.5962,1.3018,0.032017,7.9047,19.668,3.2603,1.1628,0.95809,3.6555,0.26715,0.0017926,1.1857e-10,9.8331,4.7958,0.72991,2.966,0.02444,3.5931,0.0079115,1.3945e-10,1.7399e-10,0.50682,0.047495,0.011845,0.010211,4.4041,0.044446,0.087002,0.08624,0.085897,6.1114,6.7198,5.6636,11.156,16.139,12.739,21.563,19.896,6.1918,2.9839,3.7635,4.6365,6.4294,7.0718,7.0878,6.6951,5.2152,6.9392,6.8874,6.1317,5.6078,6.4249,5.8085,4.7925,6.4069,4.9557,6.7829,4.4096,0.82145,3.9369,6.6131,1.0478,0.61868,0.99676,12.099,1.7383,5.0744,20.634,3.625,1.7845,3.555,9.0044,14.585,7.2077,6.5863,4.2858,9.4554,1.1119,0.29872,0.28936,0.38194,0.026293,0.025228,1.7823,0.13158,0.81546,2.6254,9.9036,0.25114,12.849,9.8415,18.849,13.378,9.6555,7.604,13.801,11.193,9.7558,12.413,7.7355,1.8304,1.3755,1.0425,0.030274,0.030506,0.34533,0.029921,0.0303,0.015549,0.016934,0.13145,0.047175,0.029074,0.042599,1.3259,0.53768,0.017183,3.0891e-07,0.012902,2.2932e-07,6.238e-08,4.9166e-22,4.8759e-08,0.21291,0.020582,0.031114,0.48538,0.58319,0.069346,0.017148,2.2354e-07,2.4316e-07,6.0976e-16,4.9128e-22,4.9183e-22,4.913e-22,5.6278e-08,4.4302e-10,2.7483e-07,4.9318e-22,4.5662e-08,3.0603e-07
2012,5,5.1534,0.32795,6.0332,11.382,2.5179,3.2927,1.2088,2.065,4.0143,1.9468,1.7231,1.6804,1.308,1.1826,1.4267,1.9752,1.549,1.7396,2.0253,1.7715,2.4932,1.702,1.9277,2.0354,3.0196,2.2638,1.8115,2.062,2.1616,1.9762,1.4032,2.3189,1.8289,2.1765,2.4471,2.5713,2.5197,2.4898,2.491,2.5672,2.6338,2.8608,5.1128,18.215,10.509,8.7323,7.9453,4.527,7.0474,6.2957,4.9676,4.2662,5.248,5.9346,5.7016,5.3196,0.46288,0.79591,0.46848,0.42047,0.030462,0.019155,0.0046718,0.010299,3.5347e-11,2.5777e-11,1.582e-14,2.1184e-11,1.8173e-14,2.0648e-14,5.0524e-08,4.7842e-08,3.3788e-11,7.199e-11,1.3453e-22,1.3509e-22,1.3503e-22,1.3487e-22,0.031343,0.061643,0.029761,0.093995,0.002133,2.4425e-08,1.9762e-12,1.4607e-11,1.2746e-14,1.0005e-18,1.4327e-22,7.7372e-12,5.4663e-08,8.467e-08,7.1733e-08,3.8367e-13,5.6851e-08,5.9271e-08,2.8505e-08,0.0027686,0.0046871,0.0050912,0.0038211,0.0013202,0.0018066,0.004709,0.0041521,0.004481,0.0040807,0.0036673,0.010951,0.011169,0.010246,0.055976,0.49363,0.0054301,0.0061905,0.066727,0.0082544,0.0050582,0.0078441,0.0091909,0.0088749,1.7278,1.6175,0.55929,0.010184,3.2854,2.8199,0.69679,0.071951,4.563,4.6654,1.3915,5.5457,1.4744,3.9212,0.022555,0.022682,0.063244,0.028874,0.034205,9.0514,0.39134,10.479,12.155,17.128,20.462,20.145,17.764,17.577,16.547,7.6746,2.1695,0.21546,0.17013,0.59312,0.48373,0.011897,5.5569,13.264,1.9243,0.44582,0.356,2.3246,0.099267,0.00066607,4.4057e-11,5.3496,2.0047,0.27323,1.1021,0.0090812,1.3351,0.0029397,5.1817e-11,6.4652e-11,0.18832,0.017648,0.0044013,0.0037941,1.6365,0.016515,0.032328,0.032045,0.031917,2.2708,2.4969,2.1045,5.6766,8.5436,7.1961,12.137,17.263,5.1498,1.1087,1.3984,1.7228,2.389,2.6277,2.6337,2.4878,1.9379,2.5784,2.5592,2.2784,2.0837,2.3873,2.1583,1.7808,2.3806,1.8414,2.5204,1.6385,0.30523,1.4629,2.5148,0.43089,0.22989,0.37037,12.705,0.64591,4.6271,19.597,2.9207,0.66306,2.2945,7.0071,10.04,5.122,4.4582,2.1484,6.0777,0.41836,0.111,0.10752,0.14192,0.0097697,0.009374,0.66227,0.048891,0.30301,0.97555,6.1516,0.093317,6.5667,3.8307,11.976,5.3095,4.2594,3.0542,5.3656,4.9991,4.7889,10.146,3.0606,0.68012,0.5111,0.38737,0.011249,0.011335,0.12832,0.011118,0.011259,0.0057775,0.0062922,0.048842,0.017529,0.010803,0.015829,0.49266,0.19979,0.0063849,1.1478e-07,0.0047939,8.5209e-08,2.3179e-08,1.8269e-22,1.8118e-08,0.079113,0.0076478,0.011561,0.18036,0.2167,0.025767,0.0063719,8.3062e-08,9.0354e-08,2.2657e-16,1.8255e-22,1.8275e-22,1.8256e-22,2.0911e-08,1.6462e-10,1.0212e-07,1.8325e-22,1.6967e-08,1.1371e-07
2012,6,2.0861,0.12186,3.6166,4.8512,0.93559,1.5784,0.44917,0.76732,1.5927,0.7234,0.64026,0.62439,0.48602,0.43942,0.53013,0.73394,0.57556,0.64641,0.75256,0.65826,0.92641,0.63243,0.7163,0.75632,1.122,0.84116,0.67313,0.7662,0.8032,0.73429,0.52141,0.86164,0.67958,0.80873,0.90929,0.95543,0.93625,0.92514,0.92559,0.95391,0.97866,1.063,17.351,22.03,15.956,14.162,7.1272,1.6821,7.3095,3.4266,1.8458,1.5852,1.973,2.4403,7.0154,6.5095,0.17199,0.29574,0.17407,0.15624,0.011319,0.0071177,0.0017359,0.0038268,1.3134e-11,9.5783e-12,5.8782e-15,7.8714e-12,6.7526e-15,7.6723e-15,1.8773e-08,1.7777e-08,1.2555e-11,2.675e-11,4.9988e-23,5.0196e-23,5.0174e-23,5.0116e-23,0.011646,0.022905,0.011058,0.034926,0.00079258,9.0759e-09,7.3432e-13,5.4276e-12,4.7363e-15,3.7178e-19,5.3235e-23,2.875e-12,2.0311e-08,3.1462e-08,2.6654e-08,1.4256e-13,2.1124e-08,2.2024e-08,1.0592e-08,0.0010287,0.0017416,0.0018918,0.0014198,0.00049055,0.00067128,0.0017497,0.0015428,0.001665,0.0015163,0.0013627,2.2309,0.0041502,0.0038071,1.853,10.983,0.0020177,0.0023003,1.5604,0.0030672,0.0018795,0.0029147,0.0034151,0.0032977,11.083,4.1847,0.67652,0.003784,21.982,15.01,1.1039,0.026735,19.157,13.508,1.5812,14.549,3.1156,14.272,1.3149,1.6492,0.84853,0.010729,0.01271,16.809,0.14541,10.948,14.344,21.942,26.429,26.546,26.101,25.01,22.512,21.052,11.068,0.08006,0.063217,0.22039,0.17974,0.0044205,23.949,35.029,8.2285,1.4416,0.29048,2.8197,0.036885,0.0002475,1.637e-11,38.57,38.555,18.315,31.483,1.3181,21.727,0.0010923,1.9254e-11,2.4023e-11,0.069977,0.0065576,0.0016354,0.0014098,4.3927,0.0061366,0.012012,0.011907,0.01186,7.6504,15.456,2.7468,21.089,15.865,15.518,37.93,56.505,32.916,0.41198,0.51962,0.64015,0.8877,0.9764,0.97861,0.93895,0.72006,2.2181,2.5909,0.8466,0.77426,0.88708,0.81166,6.8622,6.1229,17.035,7.5219,12.535,23.205,16.999,20.5,22.671,6.4284,7.6719,30.154,12.127,17.567,30.762,31.18,5.4653,27.799,17.505,16.774,16.276,16.731,22.001,22.296,8.7518,12.684,2.3705,25.218,2.3516,0.0034832,14.251,0.018167,0.11259,5.0336,28.796,0.034675,13.367,10.768,20.303,20.002,8.461,5.8703,13.638,6.8809,5.971,10.5,1.7262,22.599,13.801,11.901,0.0041799,0.004212,4.9848,0.0041311,0.0041835,0.0021468,0.002338,20.867,3.7666,0.0040143,0.0058816,0.18306,0.074237,0.0023725,4.2651e-08,0.0017813,3.1662e-08,8.6128e-09,6.7883e-23,6.7321e-09,0.029396,0.0028418,0.0042958,0.067016,0.080521,0.0095745,0.0023677,3.0864e-08,3.3574e-08,8.419e-17,6.783e-23,6.7906e-23,6.7833e-23,7.7702e-09,6.1168e-11,3.7945e-08,6.8093e-23,6.3046e-09,4.2254e-08
2012,7,1.9308,0.04528,2.0661,2.1562,0.34764,0.79426,0.1669,0.28512,0.65275,0.2688,0.2379,0.23201,0.18059,0.16328,0.19698,0.27271,0.21386,0.24019,0.27963,0.2446,0.34423,0.235,0.26616,0.28103,0.41692,0.31256,0.25012,0.2847,0.29845,0.27285,0.19374,0.32017,0.25252,0.3005,0.33787,0.35501,0.34789,0.34376,0.34393,0.35445,0.36365,0.39498,10.206,11.123,8.6623,7.9935,4.5614,0.62503,4.407,1.7177,0.68587,0.58904,0.73313,0.90677,4.4614,4.0867,0.063909,0.10989,0.064682,0.058055,0.0042058,0.0026448,0.00064503,0.001422,4.8803e-12,3.5591e-12,2.1842e-15,2.9248e-12,2.5091e-15,2.8508e-15,6.9757e-09,6.6055e-09,4.6651e-12,9.9396e-12,1.8574e-23,1.8652e-23,1.8644e-23,1.8622e-23,0.0043275,0.0085109,0.004109,0.012978,0.0002945,3.3724e-09,2.7286e-13,2.0168e-12,1.7599e-15,1.3814e-19,1.9781e-23,1.0683e-12,7.5472e-09,1.169e-08,9.9042e-09,5.2973e-14,7.8494e-09,8.1836e-09,3.9356e-09,0.00038225,0.00064714,0.00070294,0.00052757,0.00018228,0.00024943,0.00065016,0.00057328,0.00061868,0.00056343,0.00050634,6.8272,0.58619,0.68721,6.465,14.506,0.00074974,0.00085472,6.0348,1.3273,0.00069838,0.001083,1.3913,0.0012253,16.537,12.689,6.9153,0.10024,23.554,20.137,8.3662,3.0066,25.02,25.246,14.227,29.132,19.477,29.473,19.254,20.118,13.753,14.648,18.338,61.38,8.1019,40.411,50.746,67.845,75.505,78.722,91.536,86.982,78.981,64.062,46.675,8.3728,3.9557,9.8706,4.7214,0.0016426,38.593,46.275,22.582,12.134,7.9036,12.412,0.14487,9.1964e-05,6.0829e-12,27.217,25.633,19.763,23.014,3.8661,19.983,0.00040589,7.1544e-12,8.9265e-12,0.1313,0.0024366,0.00060768,0.00052385,12.555,0.0022802,12.074,2.96,14.341,23.565,27.36,17.819,45.357,41.997,40.243,57.053,67.544,49.789,0.15308,0.19308,0.23787,0.32985,0.36281,1.1657,2.3568,0.26756,6.5826,7.9898,0.31458,1.1075,0.55995,1.7319,18.487,14.008,28.765,18.219,32.046,43.391,23.537,14.854,32.311,23.9,10.247,13.504,7.4919,9.2137,13.83,13.421,3.9691,12.443,9.2196,8.8826,8.7203,8.8934,10.701,10.945,20.77,16.711,4.2471,19.651,4.2811,0.0012943,8.66,0.0067504,0.041836,3.686,13.059,0.012884,7.5656,6.6239,10.294,10.728,5.321,3.9799,8.0938,4.3451,3.7431,5.7304,0.91736,19.884,16.466,15.375,0.0015531,0.66285,10.258,0.001535,0.0015545,0.00079769,0.00086876,19.316,6.6428,0.0014916,0.0021855,0.068021,0.027585,0.00088155,1.5848e-08,0.00066189,1.1765e-08,3.2003e-09,2.5224e-23,2.5015e-09,0.010923,0.0010559,0.0015962,0.024901,0.02992,0.0035577,0.00087977,1.1468e-08,1.2475e-08,3.1283e-17,2.5204e-23,2.5232e-23,2.5205e-23,2.8872e-09,2.2729e-11,1.41e-08,2.5302e-23,2.3426e-09,1.5701e-08
2012,8,29.981,7.3501,26.929,33.346,27.323,28.563,18.1,21.476,25.323,19.907,16.056,14.546,3.6633,0.23085,3.1133,4.2916,6.2642,10.15,18.766,9.0043,12.885,2.6274,4.0871,5.3213,41.987,22.561,17.423,24.512,3.2747,0.10138,0.071991,0.11897,0.09383,0.11166,26.166,14.754,14.055,12.021,9.7556,10.206,11.722,14.385,77.797,106.98,129.22,135.71,109.78,95.24,133.56,126.88,88.95,63.505,103.24,106.83,143.01,154.26,103.46,72.695,52.16,27.976,0.084902,0.00098273,0.00023968,3.5833,1.8134e-12,1.3225e-12,8.116e-16,1.0868e-12,9.3233e-16,1.0593e-15,2.592e-09,2.4544e-09,1.7335e-12,3.6933e-12,6.9018e-24,6.9306e-24,6.9275e-24,6.9195e-24,46.323,42.49,41.717,48.759,23.001,5.567,1.0139e-13,7.4938e-13,6.5393e-16,5.1331e-20,7.3501e-24,3.9694e-13,4.4798,9.5444,1.1028,1.9684e-14,2.9166e-09,3.0408e-09,1.4624e-09,40.02,75.639,85.189,54.649,15.951,15.791,37.553,39.096,46.497,31.763,22.427,64.76,61.495,67,75.677,72.922,41.677,40.04,77.172,70.989,32.416,41.875,72.168,54.899,65.891,62.656,50.947,36.027,60.651,59.748,51.772,44.724,59.998,58.554,52.514,58.769,54.997,59.695,56.778,57.157,45.246,50.418,58.028,42.788,48.871,40.761,39.225,37.586,37.735,36.024,29.798,30.623,30.976,40.664,46.146,49.057,30.759,20.317,8.2509,0.00061034,72.533,74.495,54.286,46.198,43.786,33.294,15.977,3.4172e-05,2.2603e-12,81.145,80.341,63.821,73.697,33.779,54.058,0.00015082,2.6584e-12,3.3169e-12,0.13271,6.3997,0.0026322,0.00019465,40.603,7.4248,51.102,41.111,52.833,47.482,48.881,43.043,45.974,45.925,52.396,73.158,91.881,81.752,1.6496,1.4368,0.088385,5.4947,15.494,15.569,10.19,6.4377,17.619,20.736,4.5873,9.3057,7.618,13.673,31.378,27.804,44.956,38.185,55.565,76.368,55.902,67.837,97.925,84.849,106.39,126.94,123.65,122.87,132.85,133.89,121.33,132.8,108.64,108.21,115.25,117.44,127.4,130.63,66.59,74.484,82.111,90.286,82.317,64.363,112.66,89.564,112.38,140.59,150.63,97.135,156.61,160.46,124.77,155.19,156.59,156.58,159.03,158.91,156.28,153.36,140.6,69.828,66.494,71.539,45.992,55.717,73.221,30.305,55.339,8.6278,22.821,93.3,90.858,73.253,56.054,74.779,64.235,27.085,0.089421,22.555,0.11372,1.1892e-09,9.3725e-24,9.2949e-10,128.59,109.78,115.53,123.47,113.65,82.061,42.798,4.2613e-09,0.25504,1.1624e-17,9.3653e-24,9.3757e-24,9.3657e-24,1.0728e-09,8.4454e-12,5.7782,9.4015e-24,8.7047e-10,7.4166
2012,9,35.155,11.887,29.061,30.841,30.894,29.586,15.41,26.451,31.018,28.231,25.298,23.457,10.807,2.8715,9.3677,6.3563,4.4519,6.3382,10.282,7.4881,18.127,4.1762,3.4337,4.6038,16.164,13.242,11.084,13.502,2.6265,0.037672,0.02675,0.044205,0.034865,0.04149,15.283,10.866,11.305,14.288,10.393,11.409,13.226,20.127,33.847,43.531,61.484,67.366,43.872,51.88,68.573,67.089,55.476,46.345,60.473,61.286,75.592,71.222,61.649,54.408,54.077,46.921,20.635,10.573,3.4326,9.3125,6.7382e-13,4.914e-13,3.0157e-16,4.0383e-13,3.4643e-16,3.9361e-16,0.22948,0.043482,6.4411e-13,1.174,2.5645e-24,2.5752e-24,2.5741e-24,2.5711e-24,37.583,33.637,35.778,37.845,27.019,10.359,3.7673e-14,2.7845e-13,2.4299e-16,1.9073e-20,2.7311e-24,1.475e-13,11.611,11.55,2.1336,7.314e-15,1.0838e-09,1.1299e-09,5.4339e-10,43.903,67.997,74.014,55.681,19.918,25.814,25.936,30.398,32.3,27.656,24.112,24.443,25.516,29.1,31.49,28.799,27.095,28.618,39.46,37.145,27.242,33.06,39.578,38.109,30.517,33.497,26.739,22.971,28.407,28.115,27.43,26.188,30.975,34.114,33.932,37.843,37.41,38.684,42.202,42.6,33.965,45.995,52.862,20.69,20.361,24.42,23.441,22.648,23.552,20.978,13.79,14.78,15.588,19.508,21.921,19.4,14.047,10.265,4.8847,0.00022679,27.14,28.757,21.287,18.591,17.658,15.262,8.7565,1.2697e-05,8.3986e-13,26.927,27.13,22.784,26.355,15.779,23.71,5.604e-05,9.878e-13,1.2325e-12,0.061784,10.099,0.017629,7.2328e-05,24.064,14.956,47.336,44.03,49.058,45.961,43.596,37.868,33.336,28.77,28.753,32.856,35.617,30.364,16.244,14.413,1.5728,15.169,23.095,20.362,12.016,18.057,17.58,19.856,6.9573,11.136,10.865,14.287,22.342,20.397,27.126,32.22,33.788,29.803,28.085,31.738,33.954,29.509,34.658,41.59,40.256,40.56,42.401,42.309,40.128,42.112,38.289,38.187,39.314,39.928,41.395,51.458,23.496,24.954,28.753,28.873,27.908,29.427,38.402,38.512,46.995,55.55,65.196,59.092,74.848,79.646,54.357,82.882,74.699,73.164,81.757,71.151,68.887,67.534,65.362,25.772,25.654,26.18,21.546,23.333,26.54,19.501,27.279,9.1008,20.052,28.318,31.231,29.904,35.07,43.858,40.604,23.869,0.28651,20.809,0.13102,4.4186e-10,3.4826e-24,3.4538e-10,68.401,66.791,65.181,64.56,58.539,48.034,32.592,1.5834e-09,0.29069,4.3192e-18,3.4799e-24,3.4838e-24,3.4801e-24,3.9864e-10,3.1381e-12,11.259,3.4934e-24,3.2345e-10,15.173
2012,10,189.88,195.05,212.56,197.46,198.48,205.38,189.84,222.73,228.69,230.53,222.3,218.6,191.15,168.34,187.52,153.4,144.87,137.83,150.22,144,161.54,157.83,140.65,136.95,147.71,119.25,99.444,101.11,79.755,40.81,30.368,52.812,32.092,85.804,121.23,122.58,130.43,171.45,148.84,150.5,146.53,163.42,140.2,167.9,211.06,219.63,170.58,196.77,219.35,213.88,204.57,192.46,200.16,197.28,227.35,188.7,159.14,168.82,144.17,127.85,112.68,76.01,46.145,67.508,11.093,5.1446,1.1206e-16,0.051784,1.2873e-16,1.4626e-16,28.708,41.42,19.703,78.434,9.5292e-25,9.569e-25,9.5648e-25,9.5537e-25,145.86,129.2,137,138.38,114.46,71.617,4.3436,7.5713,1.33,7.0873e-21,0.11986,23.477,84.022,62.42,29.708,2.7177e-15,1.9296,0.39297,2.0191e-10,66.286,98.317,106.78,84.022,44.562,61.205,74.698,70.829,73.302,72.29,71.546,147.04,160.52,150.22,144.8,137.88,85.393,96.591,141.33,120.32,83.888,120.26,136.16,104.05,120.52,99.431,100.85,95.985,99.319,106.55,97.663,92.672,90.279,80.883,75.887,72.659,70.962,72.871,66.103,65.434,54.714,49.87,53.478,21.168,11.219,26.179,24.651,23.568,24.99,21.441,9.6473,11.41,12.488,11.865,12.794,9.2482,6.3108,3.8744,1.8309,8.4269e-05,42.167,43.287,30.706,27.251,26.859,18.083,13.813,4.718e-06,3.1207e-13,111.23,125.76,73.304,127.96,65.8,89.639,2.0823e-05,3.6704e-13,4.5796e-13,0.022958,14.047,1.7328,2.0667,60.425,24.806,48.543,47.198,50.977,82.908,82.948,70.795,48.562,35.812,34.905,44.803,56.259,48.241,154.74,155.9,146.99,163.08,159.2,142.64,108.98,137.03,109.49,107.67,115.62,109.59,114.54,110.71,90.608,102.67,88.554,95.898,67.073,56.121,93.129,117.35,71.25,58.474,95.501,133.9,132.36,128.92,122.2,134.32,117.39,134.72,137.77,148.21,142.79,143.19,140.21,178.95,48.814,97.105,114.36,137.99,149.05,168.35,151.97,173.39,181.43,194.98,216.48,215.17,225.88,230.86,194.8,247.56,219.03,204.92,230.31,183.42,183.69,191.41,162.5,130.83,130.87,145.58,161.35,162.15,156.01,161.32,159.37,85.619,93.538,134.01,150.76,156.09,176.16,182.92,174.66,105.39,18.996,92.032,5.2946,1.6419e-10,1.2941e-24,1.2833e-10,226.06,225.16,222.25,212.44,197.02,178.07,134.12,8.256,11.477,1.6049e-18,1.2931e-24,1.2945e-24,1.2931e-24,1.4812e-10,1.166e-12,21.523,1.2981e-24,1.2018e-10,29.53
2012,11,34.341,27.921,30.219,29.951,29.959,30.057,27.64,30.314,31.015,30.782,30.177,29.845,27.238,25.011,26.933,24.974,23.917,23.804,25.048,24.501,33.725,27.866,24.899,24.756,25.879,23.919,22.248,22.695,19.433,14.348,12.371,16.16,12.732,20.896,24.722,25.434,26.394,31.894,28.706,28.489,27.436,28.722,27.902,30.294,33.54,34.31,30.486,32.89,34.461,34.122,33.509,32.289,33.085,32.894,35.352,36.975,35.598,32.393,32.587,30.765,27.431,21.545,16.67,19.363,6.7424,3.834,4.1638e-17,0.05062,4.7832e-17,5.4346e-17,12.078,15.144,9.7158,20.68,3.5408e-25,3.5556e-25,3.5541e-25,3.5499e-25,30.415,28.568,30.179,30.725,27.519,20.057,3.3497,5.1459,1.1961,2.6335e-21,0.1166,10.752,22.304,19.004,12.438,1.0098e-15,1.6763,0.37511,7.5025e-11,22.089,27.116,28.165,24.992,16.942,20.138,21.899,21.841,22.313,21.778,21.362,30.438,30.533,29.844,29.999,29.849,23.151,24.417,30.335,27.747,23.015,27.347,29.88,28.141,29.983,29.019,29.291,28.547,29.316,29.687,29.224,28.813,29.265,29.08,28.669,28.889,28.849,29.304,29.273,29.186,24.14,25.704,28.565,10.521,5.206,12.379,11.825,11.423,11.949,10.611,5.2811,6.2032,6.7087,5.9423,6.1448,3.9044,2.6246,1.4569,0.69,3.1312e-05,16.767,17.13,13.632,12.544,12.397,9.3635,7.7218,1.7531e-06,1.1596e-13,25.887,29.038,21.131,30.004,20.491,26.722,7.7375e-06,1.3638e-13,1.7017e-13,0.0085305,7.6423,1.5155,1.7818,22.696,12.922,25.568,25.052,26.862,24.696,24.614,22.467,18.605,15.439,15.185,17.777,20.144,18.251,35.149,35.877,37.903,38.498,35.456,29.766,23.287,29.339,24.176,24.361,23.191,23.195,23.661,23.7,23.088,23.85,23.424,24.939,21.67,19.61,23.927,26.26,22.196,19.966,24.875,28.408,28.169,27.99,27.751,28.511,27.172,28.512,28.273,28.825,28.663,28.75,28.747,31.478,17.738,23.774,25.662,28.799,28.954,28.865,29.043,30.25,32.048,32.89,33.885,35.213,36.233,37.168,32.397,36.772,36.674,37.099,37.261,37.723,37.283,36.262,36.971,30.031,30.097,30.705,30.43,30.796,30.949,29.34,29.34,20.985,23.127,29.771,29.953,29.426,29.906,30.898,30.326,24.528,9.523,23.093,3.9088,6.1008e-11,4.8084e-25,4.7686e-11,44.951,45.259,43.531,42.433,38.809,34.063,27.966,5.4811,6.895,5.9635e-19,4.8047e-25,4.8101e-25,4.8049e-25,5.5039e-11,4.3328e-13,10.642,4.8233e-25,4.4658e-11,13.226
2012,12,67.114,49.503,95.359,135.29,99.989,93.459,69.75,83.008,94.511,82.669,77.044,74.202,55.028,42.732,54.142,41.034,34.908,30.663,43.316,31.434,52.258,37.31,33.413,34.173,49.169,28.09,9.8246,12.406,9.3002,5.3316,4.5969,6.0114,4.731,18.143,28.607,37.79,42.05,86.719,57.297,61.928,59.901,82.903,45.857,87.925,72.856,81.56,73.998,94.461,105,109.84,114.3,108.66,128.2,127.81,89.347,66.963,60.967,64.548,60.652,56.621,64.508,33.597,26.065,21.281,3.5725,1.5644,1.5472e-17,0.018809,1.7773e-17,2.0194e-17,11.985,24.566,7.161,36.228,1.3157e-25,1.3212e-25,1.3206e-25,1.3191e-25,60.095,54.065,56.382,61.785,41.789,20.823,1.3318,2.4985,0.44442,9.7853e-22,0.043327,5.7669,24.707,14.784,4.937,3.7523e-16,0.62288,0.13938,2.7878e-11,8.2079,10.555,11.246,9.339,6.3163,7.4829,17.085,13.502,16.348,12.253,9.9963,62.638,57.978,49.084,55.261,71.547,22.686,22.021,54.926,42.015,15.154,27.887,42.665,41.69,77.809,58.164,68.007,67.746,89.297,85.7,68.18,68.122,89.203,71.411,67.962,68.744,60.905,59.365,28.988,26.311,18.516,11.862,13.01,4.6472,2.1886,5.3936,4.3939,4.2444,4.4401,3.9428,1.9623,2.305,2.4928,2.208,2.2833,1.4508,0.97526,0.54135,0.25639,1.1635e-05,18.469,26.822,13.601,10.32,9.7866,11.953,7.8394,6.5142e-07,4.3087e-14,67.437,79.067,44.362,84.068,36.723,75.416,2.8751e-06,5.0677e-14,6.323e-14,0.0031697,2.8434,0.56313,0.73075,40.556,5.4046,11.653,11.453,12.247,9.613,10.403,8.454,6.9133,5.8995,6.6767,13.762,13.893,15.011,47.424,48.933,54.559,55.991,56.352,57.419,51.37,45.507,44.509,39.533,48.959,50.126,51.111,46.941,28.73,44.406,24.109,20.58,9.0235,7.9597,24.293,51.299,10.227,8.9829,14.898,45.66,25.871,27.696,48.459,40.809,16.778,38.8,27.7,32.259,29.287,31.639,38.592,49.214,16.705,34.879,25.616,54.944,37.346,33.412,43.507,44.579,62.039,91.06,99.899,95.169,97.001,66.804,57.593,62.09,70.722,66.063,66.388,61.439,63.968,96.628,59.485,81.735,76.812,75.177,60.835,61.104,67.281,58.105,55.881,17.577,25.793,48.197,54.316,45.928,48.572,76.576,66.006,29.601,3.5385,22.827,1.4524,2.2669e-11,1.7867e-25,1.7719e-11,134.59,135.81,127.47,120.33,101.93,77.838,44.294,2.0367,2.562,2.2159e-19,1.7853e-25,1.7873e-25,1.7854e-25,2.0451e-11,1.61e-13,3.9543,1.7922e-25,1.6594e-11,4.9143
2013,1,21.507,17.973,23.873,28.802,25.755,23.921,20.809,27.37,31.213,29.757,28.207,27.208,21.639,17.856,20.909,16.129,14.699,13.607,16.59,13.841,19.249,15.644,14.449,14.628,17.739,12.874,4.4375,6.2372,4.4581,1.9811,1.7081,2.2337,1.7579,9.2838,13.065,15.558,16.572,23.56,19.561,20.192,19.716,22.538,17.25,22.988,21.763,22.826,21.581,23.985,24.963,25.283,25.615,25.072,26.357,26.285,23.763,21.687,20.744,20.754,20.355,19.575,20.441,14.327,12.104,10.57,1.9061,0.6651,5.7489e-18,0.006989,6.6041e-18,7.5035e-18,6.7734,11.608,4.1806,14.933,4.8888e-26,4.9092e-26,4.9071e-26,4.9014e-26,20.004,18.876,19.457,20.332,16.581,10.404,0.54744,1.263,0.16514,3.636e-22,0.016099,3.0374,11.8,7.8384,2.0199,1.3943e-16,0.23145,0.051791,1.0359e-11,3.0498,4.1991,4.615,3.5021,2.3597,2.7805,8.8302,6.9902,8.4658,6.2416,4.7252,20.495,19.761,18.167,19.246,21.545,11.092,10.847,19.189,16.549,7.8246,12.919,16.883,16.614,22.353,19.747,21.2,21.103,23.531,23.213,21.222,21.185,23.542,21.651,21.19,21.322,20.261,20.074,13.393,12.443,9.2417,4.5121,4.8345,4.2232,0.96373,2.4471,1.6327,1.5771,1.6498,1.5882,2.2099,1.6427,1.1476,0.82045,0.84841,0.53908,0.36238,0.20115,0.095268,4.3233e-06,9.5181,12.342,7.4965,5.8621,5.5665,6.9075,4.7972,2.4205e-07,1.601e-14,21.296,22.344,16.511,23.032,15.007,21.776,1.0683e-06,1.883e-14,2.3495e-14,0.0011778,1.0565,0.20925,0.31305,16.083,2.0082,4.3301,4.2558,4.5517,3.7364,4.4484,3.1909,2.5688,2.2895,3.0436,7.3904,7.3245,7.9882,18.457,18.822,20.048,20.34,20.122,19.657,17.875,17.542,16.755,15.771,17.494,17.665,17.88,17.155,13.033,16.701,11.594,10.27,3.885,3.3381,11.663,18.093,4.7799,4.144,7.5627,17.247,12.249,12.847,19.854,16.273,8.4404,15.831,12.854,14.218,13.356,14.043,15.797,18.118,8.7774,14.68,12.131,19.071,15.615,14.54,16.867,17.185,20.319,23.629,24.422,24.448,24.662,21.554,19.594,20.753,22.035,21.534,21.506,21.005,21.329,24.799,20.667,22.79,22.269,22.124,20.211,20.288,21.155,19.647,19.216,9.0793,12.145,18.071,19.065,17.482,17.917,21.914,20.61,13.328,1.3148,11.143,0.53968,8.4233e-12,6.639e-26,6.584e-12,28.861,28.976,28.237,27.62,25.726,22.706,17.013,0.75678,0.95199,8.2337e-20,6.6338e-26,6.6412e-26,6.6341e-26,7.5993e-12,5.9822e-14,1.4693,6.6595e-26,6.1659e-12,1.826
2013,2,19.518,16.29,48.022,98.999,67.772,56.248,45.565,40.114,45.383,38.167,35.748,33.545,26.525,21.155,24.85,21.711,28.28,24.261,32.189,17.059,13.564,11.164,15.714,14.851,40.235,12.566,1.7013,3.6837,3.371,0.73712,0.63468,2.6889,0.65321,3.4497,8.3262,8.5094,7.7278,8.7981,7.6493,7.8316,7.4844,8.3744,9.6424,24.275,8.0907,8.4815,15.147,9.0144,9.2895,9.3944,9.5181,9.3163,9.7938,9.767,8.8297,8.0583,7.7081,7.7117,7.5634,7.2737,7.5954,5.3236,4.4977,3.9277,0.70825,0.24713,2.1362e-18,0.002597,2.4539e-18,2.7881e-18,2.5168,4.3132,1.5534,5.5489,1.8166e-26,1.8242e-26,1.8234e-26,1.8212e-26,7.4329,7.0139,7.2296,7.5551,6.161,3.8657,0.20342,0.4693,0.061361,1.3511e-22,0.0059821,1.1286,4.3845,2.9126,0.75055,5.1808e-17,0.086,0.019244,3.849e-12,1.1333,1.5603,1.7148,1.3013,0.8768,1.0332,3.305,2.6825,3.7194,2.3192,1.7558,7.6155,7.3426,6.7505,7.1515,8.0761,4.255,4.0304,7.2427,6.4532,2.9075,4.8004,6.2733,6.1733,9.4462,7.4526,7.8774,7.8413,12.248,10.771,7.8856,7.8719,14.64,11.073,7.8739,12.257,7.5284,8.7174,4.9765,4.6234,3.8735,1.6766,1.7964,15.641,4.2744,2.3545,0.99089,3.0097,8.2833,15.206,25.719,21.328,15.948,5.2633,5.5151,2.0059,1.6738,8.9004,6.2993,1.5907,32.901,51.937,30.068,21.762,17.821,39.004,20.413,18.001,2.4644,11.975,9.0162,10.463,8.8582,5.6435,9.7925,1.1903,2.605,8.7301e-15,9.0747,0.39259,1.3422,2.2068,8.9385,0.74621,1.609,1.5814,1.6913,1.3884,1.6529,1.1857,0.95452,0.91549,2.0086,20.515,30.708,29.621,6.8583,6.9937,7.4493,7.9219,12.014,14.542,14.901,6.5183,13.163,11.821,11.76,8.1569,12.317,8.3192,6.3241,17.556,9.2515,6.0424,1.999,6.6784,8.6232,19.277,6.1743,6.5707,3.2472,11.798,4.5514,5.2192,19.05,8.4155,3.1363,7.6743,4.7907,5.3166,4.965,5.3212,7.1407,7.2737,11.514,5.6221,4.5112,7.0863,5.8023,5.4027,6.5999,6.3857,7.5501,8.7852,11.023,9.0842,9.1659,8.009,8.1171,7.7115,8.1879,8.0017,7.991,7.8051,7.9252,9.2146,7.6793,8.5315,8.2746,8.2208,7.5098,7.5384,7.8607,7.3004,7.1404,3.3737,4.5129,6.7146,7.0843,6.4958,6.6576,8.1428,7.658,4.9524,0.48856,4.1404,0.20053,3.1299e-12,2.4669e-26,2.4465e-12,10.724,10.767,10.492,10.263,9.5594,8.437,6.3218,0.2812,0.35374,3.0595e-20,2.465e-26,2.4677e-26,2.4651e-26,2.8237e-12,2.2228e-14,0.54597,2.4745e-26,2.2911e-12,0.67852
2013,3,9.8913,9.33,28.502,48.406,43.721,34.053,27.591,60.437,70.515,69.743,64.676,61.03,46.653,36.996,43.344,25.368,13.098,11.621,15.625,11.728,7.2026,6.1143,8.423,8.0393,18.762,7.0281,0.66392,2.0871,2.1231,0.2745,0.23583,1.9297,0.24272,1.2818,4.5988,4.5268,3.6803,3.2956,3.0646,3.103,2.8759,3.1117,5.7386,30.478,6.5576,6.6703,16.649,4.0313,6.4092,3.7119,3.5367,3.4617,3.6391,3.6292,3.2809,2.9943,2.8641,3.6379,2.8104,2.7027,2.8223,1.9781,1.6712,1.574,0.26317,0.091829,7.9374e-19,0.00096497,9.1182e-19,1.036e-18,0.9352,1.6027,0.57721,2.0619,6.7499e-27,6.7781e-27,6.7751e-27,6.7673e-27,3.1842,3.2947,2.6863,2.9066,2.2893,1.4364,0.075585,0.17438,0.0228,5.0202e-23,0.0022228,0.41937,1.6292,1.0822,0.27889,1.9251e-17,0.031956,0.0071507,1.4302e-12,0.42109,0.57977,0.63719,0.48353,0.3258,0.3839,1.2426,1.0482,1.7099,0.86177,0.65241,3.3668,3.057,2.6655,3.631,5.5337,1.6892,1.4976,2.79,2.6079,1.0803,1.7837,2.331,2.2939,4.8068,2.8383,2.927,2.9137,6.4255,5.5345,2.9301,2.925,7.7382,5.4726,2.9258,6.2879,2.7974,3.9082,1.8491,1.718,1.6942,0.62298,0.6675,8.4774,3.2117,1.6287,0.5924,2.2677,5.423,8.3064,11.51,10.272,8.5621,3.8373,3.9835,1.654,1.4173,5.7779,4.4786,1.4087,13.976,18.22,13.124,10.599,9.2734,14.879,10.068,9.204,2.0799,14.567,8.2445,6.5039,5.8783,2.1377,4.5035,1.0795,2.1825,3.2439e-15,5.8649,0.14588,1.1705,1.8433,4.6579,0.27727,0.59786,0.5876,0.62844,0.51588,0.61419,0.44057,0.35468,0.37936,1.2318,10.152,12.944,12.847,2.5484,2.5987,2.768,3.1564,6.2478,7.6915,7.9507,2.4221,7.136,6.477,6.3167,3.8496,6.607,4.0567,3.1197,9.1541,5.3159,3.3209,1.0608,4.4653,4.9262,10.411,4.0436,4.3392,1.4601,10.027,1.6912,2.1975,15.934,6.2137,1.1654,5.1892,1.7889,2.0786,1.8462,2.0765,4.5717,7.4405,6.6913,2.3107,1.6785,3.5622,2.156,2.0075,3.4854,2.3728,2.8257,13.017,37.196,5.9373,25.75,4.7887,10.458,5.0407,7.0413,2.9732,3.826,2.9002,2.9448,17.003,2.8535,5.1252,4.0928,5.8839,2.8566,3.7304,5.4212,2.7126,2.6532,1.2536,1.6769,2.495,2.6324,2.4137,2.4738,3.0257,2.8455,1.8402,0.18154,1.5385,0.074513,1.163e-12,9.1664e-27,9.0905e-13,3.9848,4.0007,3.8987,3.8134,3.552,3.135,2.349,0.10449,0.13144,1.1368e-20,9.1593e-27,9.1695e-27,9.1597e-27,1.0492e-12,8.2596e-15,0.20287,9.1947e-27,8.5132e-13,0.25212
2013,4,7.1777,5.2783,23.067,29.947,31.576,27.862,17.066,30.251,32.585,31.826,30.276,29.084,23.701,19.591,21.704,12.37,5.1489,4.4219,6.7727,5.6202,2.6765,2.2719,3.1298,2.9872,8.9354,2.6115,0.2467,0.77551,0.7889,0.102,0.08763,0.71703,0.090188,0.47629,1.7142,1.7467,1.3675,1.2246,1.1387,1.153,1.0686,1.1563,2.5438,16.439,4.1608,4.2451,8.6887,1.8506,3.7136,1.5107,1.3142,1.2863,1.3522,1.3485,1.2191,1.1126,1.0642,1.7838,1.0443,1.0043,1.0487,0.73503,0.621,0.65375,0.097788,0.034122,2.9494e-19,0.00035856,3.3881e-19,3.8496e-19,0.3475,0.59553,0.21448,0.76614,2.5081e-27,2.5186e-27,2.5175e-27,2.5146e-27,1.4286,1.6128,0.99818,1.1399,0.85064,0.53374,0.028086,0.064797,0.0084721,1.8654e-23,0.00082594,0.15583,0.60537,0.40214,0.10363,7.1531e-18,0.011874,0.002657,5.3143e-13,2.3614,2.5117,2.4949,1.6846,2.0481,0.14265,7.1415,7.6533,11.297,4.3241,1.3177,1.7412,2.0871,2.1003,3.9367,6.2416,8.4692,2.9235,3.1498,5.573,2.3623,0.66279,0.95685,0.85235,2.6937,1.0547,1.0876,1.0826,2.6305,2.3393,1.0888,1.0869,3.0098,2.0335,1.0871,2.3364,1.0394,1.4522,0.6871,0.63836,0.62953,0.23149,0.24803,20.095,1.242,0.83912,0.22012,2.8309,11.929,22.374,33.656,27.948,20.905,2.7753,2.5034,0.61459,0.52662,5.1943,3.9246,0.52346,39.446,45.827,41.991,38.578,40.417,39.172,35.252,17.025,1.0868,32.432,12.707,21.189,6.0205,0.79433,1.6734,1.1783,1.3513,1.2054e-15,8.4348,0.054204,0.43492,0.68491,1.7308,0.10303,0.22215,0.21834,0.23352,3.4959,6.2762,1.165,0.89808,0.14096,0.45771,6.7084,15.719,24.938,0.94692,0.96562,1.0285,1.1728,2.3215,2.858,2.9543,0.89998,2.6516,2.4067,2.3472,1.4304,2.455,1.5074,1.1592,3.4014,1.9753,1.7254,0.39418,5.4995,1.8305,4.2038,3.7146,9.6679,0.62095,5.2798,0.62841,0.81654,8.6081,3.2795,0.43302,2.6773,0.66471,0.82225,0.68601,0.79417,2.3609,4.7188,29.846,11.547,1.4113,4.3773,0.80111,0.74595,1.7605,0.88167,1.0623,7.3827,17.8,3.4054,14.139,2.7524,7.218,4.3512,4.3018,1.1048,2.3396,1.0776,1.0942,9.6026,1.0603,4.2314,2.3605,5.2489,1.2152,2.9621,5.624,1.008,1.5718,0.4658,4.7128,1.0202,1.8166,0.89687,1.223,10.885,5.8301,2.6731,0.067456,1.5576,0.31385,0.15027,3.406e-27,3.3778e-13,1.4807,1.4866,1.4487,1.417,1.3199,1.1649,0.87284,0.038825,0.04884,4.2242e-21,3.4034e-27,3.4072e-27,3.4035e-27,0.48183,0.15737,0.79827,3.4165e-27,3.1633e-13,0.37358
2013,5,62.088,35.6,43.276,39.778,44.116,47.123,43.785,56.932,56.328,58.522,55.876,55.162,48.068,42.818,46.214,23.122,18.077,8.2807,13.164,5.8111,49.149,22.529,14.658,14.428,24.217,1.7475,0.091667,0.28816,0.29314,0.037901,0.032561,6.4975,0.033512,2.8361,2.1758,8.8545,6.5424,8.4209,8.464,11.669,11.209,4.2483,64.981,87.964,65.097,61.873,47.212,22.721,54.842,38.199,20.538,9.3058,6.8033,9.2639,32.841,1.5195,0.39545,0.66281,0.38803,0.37317,0.38967,0.27312,0.23075,0.24292,0.036336,0.012679,1.0959e-19,0.00013323,1.2589e-19,1.4304e-19,0.12912,0.22128,0.079695,0.28468,9.3196e-28,9.3585e-28,9.3544e-28,9.3435e-28,5.5851,5.8899,2.9575,4.9682,0.83822,0.19833,0.010436,0.024077,0.003148,6.9313e-24,0.0003069,0.057903,0.22494,2.6657,1.0558,2.6579e-18,1.2583,2.5678,1.825,9.405,7.4569,6.9379,6.8785,11.819,2.6607,20.537,20.168,23.974,15.736,9.3516,6.3589,11.582,11.295,12.637,13.299,22.339,12.294,8.3952,13.968,11.454,0.28469,2.2682,0.31671,7.0684,0.39189,0.40414,0.40229,5.1826,4.9275,0.40456,0.40386,6.8422,1.4855,0.40396,2.4282,0.38623,0.54977,0.25531,0.2372,2.8191,0.24077,0.092161,39.669,32.193,10.861,6.114,15.127,26.709,33.794,43.732,42.014,38.504,31.055,34.392,22.413,21.668,41.15,34.826,21.302,110.97,96.632,114.68,119.42,128.35,88.18,101.01,51.334,28.694,63.974,27.92,66.139,12.845,4.246,2.2742,35.048,34.422,7.1153,39.439,2.6726,17.846,17.559,5.6641,0.038283,0.082546,0.081129,0.086769,61.194,71.117,47.91,27.05,10.469,6.0563,31.548,53.062,85.891,11.388,14.626,5.2251,32.112,51.699,48.938,48.367,26.57,50.54,51.332,36.893,33.65,42.118,36.78,38.935,52.15,48.193,61.165,35.77,63.408,46.382,65.752,65.234,86.043,70.003,71.968,43.003,44.63,73.662,61.102,16.384,58.907,45.809,52.471,43.513,47.266,58.324,66.39,112.37,59.524,53.755,22.24,3.586,3.9362,41.188,11.191,22.464,41.068,65.084,9.0934,35.601,20.698,72.346,52.61,16.093,1.3809,32.729,0.40043,0.46313,12.984,0.39398,8.6159,5.5085,12.852,8.0387,12.746,17.014,1.3904,13.999,5.2763,27.11,7.6611,14.285,6.8768,14.415,40.05,32.553,25.411,8.1959,21.017,10.542,9.3913,7.1924,6.664,10.418,2.6217,6.2211,13.884,20.21,16.34,15.736,4.7373,8.49,1.9955,5.4099,0.72034,6.2593,10.776,9.7647,8.2105,1.2695e-27,0.31992,5.8473
2013,6,28.44,16.405,17.554,17.016,18.234,18.734,17.407,21.269,21.28,21.707,20.888,20.595,18.371,16.758,17.708,11.084,9.5225,5.2763,7.4915,3.7287,30.675,16.411,10.494,10.598,11.357,1.0838,0.034061,0.10707,0.10892,0.014083,0.012099,4.5466,0.012452,2.2874,1.6036,5.698,4.5287,5.5098,5.5345,6.9624,6.773,3.175,18.235,21.892,18.068,17.711,16.067,10.626,16.744,14.002,9.9978,5.9287,4.6722,5.907,12.959,1.1619,0.14694,0.24629,0.14418,0.13866,0.14479,0.10148,0.085741,0.090263,0.013502,0.0047111,4.0722e-20,4.9506e-05,4.6779e-20,5.315e-20,0.047979,0.082224,0.029613,0.10578,3.4629e-28,3.4774e-28,3.4759e-28,3.4718e-28,3.9781,4.142,2.307,3.6314,0.61155,0.073693,0.0038778,0.0089464,0.0011697,2.5755e-24,0.00011404,0.021515,0.083583,2.1735,0.94682,9.8762e-19,1.1345,2.1551,1.5948,5.8129,4.7512,4.4516,4.5466,6.9611,2.2042,10.258,10.14,11.471,8.5068,5.8908,4.3796,6.8894,6.7571,7.2688,7.4788,10.881,7.1361,5.2464,7.7594,6.7916,0.1291,1.773,0.11768,5.0597,0.14562,0.15017,0.14948,5.0612,4.5136,0.15032,0.15006,7.782,2.7709,0.1501,6.009,0.14352,1.4633,0.094867,0.088137,6.016,1.3012,0.055709,47.988,35.289,7.6684,5.9876,16.317,26,30.997,28.096,26.424,29.693,27.951,38.003,23.007,22.205,27.258,25.026,19.683,32.196,31.349,33.63,33.754,34.258,31.771,32.556,26.371,21.885,21.85,12.9,23.243,7.3647,4.3458,2.1691,21.15,23.024,10.928,24.506,6.0473,17.497,15.987,8.3068,0.051658,0.030672,0.030146,0.078189,34.425,35.246,29.098,22.366,9.909,4.8127,16.166,22.683,28.398,17.291,20.445,18.003,32.156,34.382,30.13,24.389,22.786,26.47,26.915,22.094,19.765,23.73,20.328,21.161,24.119,22.711,30.186,21.086,23.453,19.667,20.291,21.644,25.667,19.602,18.917,14.755,15.029,19.575,17.499,8.6948,17.169,15.199,16.171,14.842,15.43,17.067,18.265,29.776,19.422,16.684,10.681,2.7731,3.0138,14.542,6.7688,10.526,14.936,19.674,5.7434,14.495,10.091,19.273,16.67,8.6372,1.0446,13.048,0.14879,0.20633,7.3168,0.14639,5.3493,3.8123,7.3388,5.3128,7.3557,8.9874,1.0704,7.8674,3.874,12.078,5.1333,7.9741,4.7396,8.0215,15.457,13.46,11.475,5.4495,10.188,6.496,5.9971,4.9545,4.6797,6.4254,1.9892,4.3438,7.8256,9.9028,8.6905,8.4826,3.5881,5.5908,1.7272,3.9882,0.67284,4.4629,6.5864,6.1644,5.3752,4.7172e-28,0.30691,4.1776
2013,7,30.931,27.134,31.306,37.824,36.606,32.295,25.326,21.845,21.671,19.983,19.282,18.636,16.35,14.628,15.172,8.8601,16.299,9.5417,11.035,5.1141,24.023,20.909,16.436,15.977,14.666,3.2615,0.012656,0.039786,0.040473,0.0052329,0.0044957,1.6894,0.004627,0.84996,0.90789,2.1172,1.6828,2.0473,2.0565,2.587,2.5167,1.1797,25.721,23.64,17.072,16.022,15.628,6.2414,12.232,8.2019,4.2988,2.203,1.7361,2.1949,10.196,0.43173,0.054599,0.091514,0.053574,0.051523,0.053801,0.037709,0.031859,0.03354,0.0050169,0.0017506,1.5131e-20,1.8395e-05,1.7382e-20,1.9749e-20,0.017828,0.030553,0.011003,0.039305,1.2867e-28,1.2921e-28,1.2916e-28,1.2901e-28,29.9,27.832,29.007,34.047,18.819,2.1119,0.0014409,0.0033243,0.00043465,9.57e-25,4.2374e-05,0.0079946,2.9155,26.601,15.708,3.6698e-19,3.0757,3.5874,2.4615,3.3591,2.0458,1.81,2.297,6.0989,1.6289,9.6574,8.3637,9.2829,7.6211,5.8715,14.407,16.215,12.807,12.689,16.559,10.674,8.8117,10.783,11.096,7.5127,1.5763,6.6657,0.077187,21.489,13.196,3.9674,0.055543,29.686,26.75,3.9321,0.05576,34.674,31.991,0.76523,38.099,3.4165,31.472,14.749,19.282,34.063,22.7,15.609,52.461,48.019,28.644,28.376,36.419,40.704,43.729,44.801,44.824,46.826,48.285,49.817,42.66,46.371,50.6,51.117,50.277,70.433,72.733,71.123,68.946,66.943,71.189,66.474,62.971,61.848,36.709,28.746,46.784,24.711,35.712,29.466,57.909,62.089,47.674,53.53,35.008,47.997,49.87,40.359,23.229,15.645,4.5447,17.013,37.327,37.534,36.359,35.901,31.562,31.028,55.017,74.417,72.855,21.265,21.493,15.181,21.573,23.66,22.806,20.932,23.024,22.943,24.516,19.872,18.778,20.55,20.07,30.691,27.936,38.19,33.046,43.754,65.948,39.387,32.909,65.858,68.28,56.978,44.274,45.736,39.507,45.527,46.207,33.175,44.122,30.56,25.48,28.675,30.053,38.096,29.215,59.473,40.05,47.601,24.945,15.608,20.894,41.906,37.674,50.083,38.562,27.004,18.886,10.339,8.2709,22.345,20.033,5.2364,0.38816,12.073,0.055287,0.076666,2.7255,0.054396,20.301,18.553,19.073,14.299,16.415,18.257,9.0825,22.338,13.154,27.979,15.06,23.004,21.247,33.738,44.468,44.384,35.132,12.799,32.35,9.7943,7.1957,6.7877,6.9945,83.518,76.463,77.733,78.859,75.781,61.311,46.052,10.499,14.813,3.0082,5.5244,1.3676,5.9022,6.7783,6.8663,4.1257,1.7528e-28,0.35852,3.0866
2013,8,22.185,15.876,15.262,15.898,15.652,15.14,13.157,11.383,11.196,10.492,10.151,9.8604,8.796,7.9877,8.2203,5.1607,10.194,6.5797,7.1421,3.5671,20.008,15.848,12.13,12.001,9.1233,3.1401,0.0047028,0.014784,0.015039,0.0019444,0.0016705,0.62775,0.0017193,0.31583,0.5209,0.78672,0.62527,0.76074,0.76414,0.96129,0.93515,0.43837,19.813,17.378,10.958,9.4491,11.127,3.4201,6.7201,4.3961,1.9306,0.81857,0.64508,0.81558,5.7623,0.16042,0.020288,0.034004,0.019907,0.019145,0.019991,0.014012,0.011838,0.012463,0.0018641,0.00065046,5.6224e-21,6.8353e-06,6.4588e-21,7.3384e-21,0.0066244,0.011353,0.0040886,0.014605,4.7812e-29,4.8012e-29,4.7991e-29,4.7935e-29,17.166,16.605,17.155,18.765,13.893,2.8148,0.0005354,0.0012352,0.0001615,3.556e-25,1.5745e-05,0.0029706,4.0622,17.225,12.038,1.3636e-19,2.9311,3.2046,2.1016,1.8896,0.92567,0.76593,1.1995,5.648,1.9886,15.903,10.446,11.364,11.059,10.211,63.628,59.877,48.193,47.19,55.751,19.563,20.755,36.3,28.62,15.108,18.097,30.31,11.773,53.087,38.755,37.579,17.731,57.322,56.958,36.433,21.464,53.006,45.36,19.498,42.342,25.624,45.006,47.168,50.875,56.068,55.176,55.415,70.029,81.166,63.177,61.598,60.77,59.869,61.906,61.509,61.463,63.818,70.511,77.421,80.78,76.86,70.818,65.042,64.065,56.584,58.698,55.339,54.457,53.596,57.082,55.252,56.993,54.188,67.761,70.098,64.415,69.842,63.657,63.096,56.973,54.611,58.173,59.163,60.847,59.526,59.964,56.66,54.841,55.351,46.305,55.034,43.345,43.602,47.261,53.783,58.775,61.258,62.95,61.297,58.137,22.587,22.513,18.942,21.119,21.001,18.8,15.015,21.419,18.578,20.818,14.596,13.978,15.176,15.167,25.591,21.072,30.617,33.875,48.618,51.752,27.959,22.163,44.475,48.602,32.717,22.887,22.781,21.711,21.505,20.642,18.308,20.112,20.72,19.45,18.888,18.873,19.491,16.963,55.187,60.164,38.876,57.358,46.296,33.387,25.266,27.678,25.673,19.065,13.702,12.391,5.9504,4.9499,15.5,10.874,2.9526,0.14423,6.9284,0.020543,0.028487,1.0168,0.020212,66.65,64.019,66.967,63.78,65.692,65.514,52.675,51.465,29.429,26.123,57.787,53.016,46.779,38.325,39.221,36.751,26.564,11.811,24.085,7.9685,5.2893,5.1402,5.6152,30.389,29.558,31.086,29.764,31.439,31.471,28.353,8.9637,11.81,2.5976,4.2115,1.1965,4.3946,4.6786,4.8164,2.6498,6.513e-29,0.27813,1.9684
2013,9,20.205,16.423,7.9851,7.3869,7.6129,8.8096,18.844,10.822,8.299,8.991,8.244,8.4457,7.5706,7.1533,7.6233,11.407,41.739,39.183,34.729,22.951,30.93,30.982,41.085,43.221,43.616,44.708,4.1888,8.2572,4.4418,0.29217,0.00062072,2.1033,0.00063884,0.18348,23.468,4.7511,3.5832,0.60299,1.1879,0.88222,1.0104,0.16289,73.992,61.231,32.538,24.14,45.832,10.217,12.835,6.4709,2.1987,0.51437,0.24126,0.32603,9.6716,0.059609,0.0075385,0.012635,0.007397,0.0071137,0.0074283,0.0052065,0.0043988,6.4998,1.4465,0.021701,6.2681,2.8972,8.5585,5.0476,0.0024615,0.0042184,2.1639,5.1778,7.7961,3.6275,4.6854,5.3008,44.166,47.137,50.099,51.981,58.758,48.305,19.963,10.839,4.9846,3.1711,1.5399,17.931,56.054,66.767,65.63,47.719,60.361,62.491,59.948,49.318,42.583,41.05,46.461,68.228,62.534,89.871,80.398,81.708,82.792,82.847,115.25,116.42,108.28,106.61,111.71,96.521,97.153,106.87,101.69,89.984,94.724,101.69,88.02,117.67,111.17,115.86,105.41,120.43,121.98,115.38,108.37,121.51,121.75,111.4,123.89,121.34,131.43,152.05,155.78,161.31,179.76,183.73,180.73,191.65,154.72,161.66,179.32,190.16,189.94,183.94,181.83,188.21,195.81,189.85,196.62,196.4,200.03,196.38,197.25,154.38,158.98,158.97,157.57,154.5,169.73,161.89,184.59,195.64,112.71,107.04,123.52,111.15,133.75,123.29,172.62,190.94,194.83,188.18,191.9,190.93,176.22,142.21,184.75,184.95,181.82,183.08,111.43,115.02,130.59,153.44,155.48,152.27,158.07,159.61,155.62,26.169,25.343,20.551,24.61,29.859,39.508,60.731,41.462,67.359,72.18,53.946,61.183,55.734,64.38,95.805,79.154,105.38,95.609,131.77,145.87,101.73,85.785,136.68,142.65,113.83,88.343,87.55,87.945,86.408,79.922,85.421,78.751,81.722,74.916,75.272,74.495,75.794,58.94,135.25,106.34,93.327,86.739,72.27,60.931,72.054,62.425,58.674,43.836,33.264,21.666,8.6308,7.6854,51.095,23.491,3.935,0.16302,10.793,0.0076334,0.010585,0.37782,0.0075104,113.25,115.67,114.82,122.63,123.1,113.7,115.76,113.04,104.52,97.562,84.135,93.374,88.164,87.677,107.03,97.945,91.907,79.292,86.235,71.124,65.26,66.651,67.706,49.995,51.716,54.505,52.433,61.686,68.958,79.089,70.318,74.497,62.429,65.085,58.822,65.103,62.627,63.932,54.917,49.907,52.216,53.075
2013,10,42.597,17.817,4.0762,3.5892,4.0385,5.4165,13.617,6.1567,4.6925,5.1946,4.776,4.9312,4.5108,4.5027,4.6952,13.804,30.514,35.601,34.242,32.095,79.798,52.322,57.389,64.106,55.7,81.528,66.313,68.877,40.693,20.527,1.478,23.583,18.721,13.387,68.629,38.176,34.839,16.593,20.92,14.806,12.773,2.9496,53.006,39.905,21.948,17.077,45.126,18.79,10.847,6.2135,4.2515,1.9529,0.097832,0.1374,7.9923,0.022149,0.0028011,0.004695,0.0027485,0.0026433,0.0027602,0.0019346,0.0016345,4.5917,1.2916,0.021112,4.4677,2.3914,5.625,3.7769,0.00091463,0.0015674,1.8552,3.8524,5.2575,2.89,3.56,3.9252,18.513,18.965,19.979,20.656,20.801,16.759,9.7914,6.6372,3.7396,2.5822,1.3678,9.1825,18.546,21.362,19.441,15.431,17.449,17.733,17.279,15.822,14.71,14.444,15.342,18.772,17.667,22.385,20.788,21.032,21.124,21.042,27.693,27.979,26.542,26.23,27.098,23.365,23.537,25.568,24.62,22.314,23.036,24.68,21.806,27.515,26.097,26.132,23.816,28.053,28.093,26.03,24.358,27.998,27.524,24.418,27.543,25.658,28.109,29.553,30.155,31.403,33.49,33.697,87.575,54.671,45.964,48.519,55.323,60.508,64.09,53.46,51.935,57.621,49.216,58.312,43.668,43.102,44.058,44.954,41.406,40.722,43.795,39.966,38.656,37.3,42.986,38.163,43.848,41.998,29.175,27.654,29.769,27.791,29.32,28.488,36.248,41.06,39.872,44.563,37.435,38.096,35.183,29.651,35.186,34.108,33.162,33.758,125.74,131.28,118.83,84.487,59.303,48.42,48.32,51.152,44.061,74.945,78.782,99.319,98.128,94.863,93.993,91.502,87.548,101.67,103.94,85.947,88.565,90.399,88.611,90.84,86.31,84.075,114.31,88.624,48.772,64.861,59.067,43.864,40.994,38.038,37.043,35.543,36.024,33.52,33.194,32.529,33.156,39.774,38.786,36.355,35.685,34.343,30.589,34.582,30.15,36.065,27.165,26.767,34.591,35.687,33.348,29.959,21.118,17.24,11.488,5.7592,5.5033,29.856,15.237,2.8177,0.12644,8.3403,0.0028364,0.0039332,0.14039,0.0027907,27.74,27.78,27.909,28.537,28.694,28.046,27.625,27.79,25.052,24.402,24.877,26.099,26.341,28.735,27.865,27.699,24.3,20.753,23.472,19.328,18.27,18.412,18.618,25.65,26.26,26.942,25.154,26.204,26.314,24.72,19.393,20.21,17.635,18.115,17.034,18.133,17.865,18.037,16.67,15.745,16.089,16.357
2013,11,157.6,169.48,122.83,107.47,103.71,128.15,164.23,190.63,193.75,198.31,188.29,188.56,170.34,160.09,167.49,153.82,178.12,161.84,160.91,151.41,168.6,177.93,177.06,172.42,153.6,131.95,87.734,86.832,75.452,51.317,42.417,50.152,46.779,37.547,88.414,55.951,52.8,36.919,42.106,35.73,32.925,15.847,101.33,79.593,40.834,29.043,72.696,32.974,18.362,12.149,12.582,10.422,2.9333,3.1146,12.911,9.3311,0.0010408,5.007,0.0010213,0.00098219,0.0010256,0.00071886,0.00060734,2.9513,0.47991,0.0078448,1.6601,0.8886,2.0901,1.4034,0.00033985,0.00058243,0.68936,1.4314,1.9536,1.0739,1.3228,1.4585,18.168,16.861,17.188,17.494,14.179,10.068,3.6383,2.4662,1.3896,0.9595,0.50824,3.5656,11.068,16.656,16.295,9.2214,11.434,11.673,11.83,6.9539,5.8146,5.5756,6.2888,10.408,9.0479,18.382,16.335,19.527,13.809,12.24,16.841,17.505,15.617,18.261,24.508,20.773,15.177,18.706,20.018,13.119,12.254,13.45,12.424,28.23,18.88,19.992,19.378,35.747,32.586,20.435,20.56,39.552,30.53,26.622,31.797,26.743,26.913,15.145,14.577,16.523,13.638,13.786,63.288,35.54,37.161,39.072,43.736,46.99,49.341,43.056,42.145,44.993,34.045,40.34,24.156,24.959,27.693,31.289,25.57,57.96,55.477,57.091,57.098,57.699,50.225,49.107,39.355,34.369,42.886,31.895,39.55,28.942,24.381,29.69,35.988,35.113,24.608,34.933,17.411,20.764,24.089,24.107,15.549,14.06,13.708,13.832,95.174,96.498,86.279,65.55,48.911,41.03,45.763,53.037,55.388,148.87,152.68,172.29,169.38,164.3,160.38,152.44,148.29,146.22,141.28,160.77,152.23,155.33,146.11,122.07,132.59,109.33,115.01,80.096,62.706,98.464,97.931,53.104,54.178,52.857,53.082,47.289,47.892,37.453,43.391,32.877,44.876,66.869,73.675,61.889,59.431,52.34,51.258,49.046,29.739,42.805,19.432,17.607,23.945,38.635,30.21,33.747,35.608,37.611,22.98,28.268,15.134,56.613,21.116,15.178,11.143,16.217,6.2436,11.541,38.873,5.6999,26.136,23.562,22.795,19.135,19.368,19.045,17.568,17.21,16.801,15.585,12.667,14.1,15.388,18.212,16.258,17.654,16.489,13.793,16.808,12.886,13.308,15.035,13.988,27.966,28.001,27.284,26.088,24.586,23.32,20.252,14.157,15.097,13.551,15.244,12.929,15.343,12.783,13.925,9.0332,11.408,10.577,8.4625
2013,12,29.207,27.288,22.664,21.661,21.492,23.218,26.269,25.765,25.681,25.889,25.514,25.542,24.846,24.474,24.777,26.049,29.243,29.063,28.872,28.14,31.764,30.911,31.291,31.464,30.132,29.976,24.98,25.116,22.678,18.141,14.884,18.142,17.245,15.11,25.633,19.85,19.155,15.141,16.473,14.782,14.015,8.555,26.812,23.752,16.276,13.106,23.103,14.297,9.4867,6.9889,7.2224,6.3465,2.4033,2.5264,7.2772,5.981,0.00038675,3.7525,0.00037949,0.00036496,0.0003811,0.00026711,0.00022567,1.7594,0.17832,0.002915,0.61686,0.33018,0.77664,0.52148,0.00012628,0.00021642,0.25615,0.53189,0.7259,0.39902,0.49152,0.54195,9.3327,8.7383,8.8384,8.9494,7.24,5.2007,1.3519,0.91639,0.51633,0.35653,0.18885,1.4169,5.5995,8.5728,8.5368,4.9275,6.1286,6.2464,6.3737,3.1662,2.3649,2.1959,2.6723,5.3518,4.533,9.3973,8.5198,9.8984,7.2151,6.3033,8.437,8.7433,7.8311,9.2243,11.765,10.371,7.8055,9.4548,10.049,6.7269,6.1146,6.7169,6.3463,13.005,9.5175,10.009,9.7943,15.09,14.28,10.199,10.276,15.971,13.689,12.434,14.045,12.498,12.597,7.2472,6.7799,7.8662,5.0677,5.1224,23.853,15.871,16.542,17.094,18.518,19.527,20.22,18.287,17.995,18.927,15.317,17.568,10.939,11.432,12.749,14.274,11.852,23.349,22.128,23.048,23.341,23.934,20.323,19.985,16.959,15.378,16.845,14.081,16.138,13.23,11.726,13.473,15.687,15.6,11.459,15.606,7.2502,9.4936,11.476,11.623,6.2296,5.2242,5.0935,5.1396,30.258,30.916,29.527,24.532,20.119,17.72,19.065,20.754,21.634,30.5,30.812,32.201,32.186,32.017,32.011,31.806,31.235,31.874,31.717,31.968,31.697,31.866,31.408,30.288,30.703,29.146,30.661,26.934,22.459,27.352,26.905,20.356,20.998,19.937,19.719,18.488,18.643,16.064,17.506,14.719,17.831,22.134,22.957,21.135,20.702,19.395,18.929,19.955,13.609,17.52,9.6412,8.6373,11.329,16.468,13.868,14.907,14.954,15.159,11.038,12.238,8.2864,19.8,10.512,8.3023,6.7613,8.6797,4.4542,6.9256,14.023,4.1532,12.333,11.421,11.128,9.529,9.6342,9.5069,8.7796,8.5727,8.5561,7.9471,6.145,6.9075,7.5542,8.8175,7.9404,8.6853,8.3993,7.2314,8.6022,6.8244,7.1254,7.9934,7.462,13,13.022,12.786,12.348,11.8,11.309,10.091,7.5074,7.9446,7.2894,8.1045,6.9977,8.1505,6.8671,7.4605,4.6519,6.2467,5.7285,4.2794
2014,1,27.304,19.677,19.557,31.053,18.769,24.45,41.554,17.048,14.792,12.809,12.303,12.871,11.486,10.649,11.77,22.059,69.412,70.365,72.727,41.625,29.365,31.833,47.249,43.462,97.317,52.187,38.18,45.04,22.265,8.7714,5.5304,10.851,7.7951,6.1015,41.227,19.384,16.76,7.5777,9.619,9.0777,10.543,5.5066,36.392,80.05,45.904,46.751,68.163,33.75,43.841,31.243,20.406,11.036,9.6957,11.787,31.016,38.264,7.0278,22.22,5.6176,3.382,0.00014161,0.39521,8.3854e-05,17.868,5.3678,2.1225,2.6875,2.0511,3.6488,2.3594,0.023102,8.0415e-05,0.5695,1.1743,2.1259,0.71462,1.118,1.4713,38.232,41.157,37.004,41.583,29.683,24.034,7.7007,9.0398,1.7517,0.81732,0.70189,4.8927,19.882,49.558,59.06,51.401,70.126,78.924,82.337,69.224,54.524,50.755,58.717,92.568,69.552,126.16,114.77,123.17,107.81,96.358,142.52,137.09,135.22,144.11,151.77,131.93,111.85,111.76,118.59,104.75,78.118,92.47,50.376,122.84,80.623,71.08,46.693,117.78,118.03,67.902,48.063,111.06,83.518,33.536,74.733,33.363,67.158,48.995,53.913,63.399,44.889,40.576,42.827,12.45,27.663,19.48,18.598,22.303,33.328,49.94,47.477,37.492,13.371,15.226,6.4837,7.3605,19.47,21.829,17.854,121.25,126.85,118.25,113,115.42,103.26,104.36,54.19,24.844,202.57,186.25,153.75,164.86,87.711,110.12,47.25,30.999,15.084,37.285,20.608,37.509,53.459,82.25,24.955,36.305,24.35,40.076,17.962,20.682,15.671,15.292,17.809,25.36,60.172,72.831,97.492,11.333,11.449,11.969,17.125,23.131,22.63,17.524,12.628,19.325,19.663,17.618,12.882,16.629,13.856,14.101,23.515,20.558,22.311,22.258,46.496,25.081,46.274,54.547,67.624,51.461,70.29,44.293,51.105,87.456,58.387,42.289,54.897,36.956,35.428,36.232,39.277,49.517,53.599,126.97,142.41,62.451,148.96,94.904,34.383,48.305,33.701,40.976,55.488,78.672,32.32,76.038,44.161,57.017,46.864,48.344,32.971,48.806,38.8,42.779,74.142,28.274,153.65,142.13,162.03,131.3,142.77,163.34,101.86,118.2,94.82,93.299,163.57,135.27,96.712,54.468,82.177,71.802,81.495,79.992,80.05,93.303,105.98,111.43,100.42,44.959,33.753,40.331,50.603,59.807,58.47,65.481,79.728,86.827,92.153,111.23,86.594,114.17,109.64,114.09,83.942,76.383,75.611,75.671
2014,2,70.227,29.084,38.408,73.25,35.722,34.891,43.266,41.44,48.511,39.057,38.611,38.865,34.335,30.724,36.037,51.123,47.599,47.105,55.163,43.235,88.776,55.911,63.747,69.334,76.055,65.612,40.554,43.564,45.032,30.749,15.874,48.685,24.739,32.742,52.795,58.528,52.869,40.605,44.823,44.701,42.836,23.194,70.792,86.761,51.243,54.286,68.655,49.771,55.999,49.925,42.875,31.718,30.481,33.611,52.136,91.965,69.103,94.433,48.595,32.305,15.606,17.308,6.732,85.201,57.991,41.297,51.624,43.473,56.435,47.919,16.171,16.542,46.218,62.387,56.227,46.718,48.811,48.827,79.724,82.592,74.844,75.993,69.342,80.082,65.888,68.709,47.763,44.757,42.728,56.287,66.573,77.544,88.724,103.09,105.84,110.42,116.98,103.82,93.588,90.604,96.71,112.11,102.94,115.45,115.44,117.45,112.78,109.16,95.737,91.699,96.738,101.47,99.807,114.92,106.54,93.673,101.61,108.18,88.984,89.107,82.133,98.982,95.951,90.565,80.627,103.18,101.48,91.164,84.491,110.64,112.76,90.622,119.58,87.392,103.19,55.202,53.416,54.983,26.892,20.872,67.542,40.756,57.156,53.476,62.886,75.009,81.262,90.782,82.412,71.934,47.814,50.453,30.894,29.338,44.929,41.944,27.57,85.173,84.253,81.004,80.168,82.219,69.895,71.868,44.618,22.768,112.65,110.56,99.29,104.56,80.113,93.688,43.77,27.997,17.022,43.334,20.128,27.998,39.987,84.851,19.266,20.549,15.676,22.033,51.84,59.011,49.88,52.575,49.674,50.582,67.649,65.957,75.219,22.968,31.357,48.855,81.664,101.31,103.82,109.99,57.418,105.67,101.02,97.07,88.001,102.07,91.497,75.257,107.89,81.219,77.867,55.075,62.543,85.966,101.98,67.103,67.506,62.778,77.847,63.996,73.351,101.3,62.698,76.099,59.453,57.565,43.436,46.312,48.157,53.678,58.214,89.715,103.5,75.917,107.49,97.171,77.213,66.226,57.431,58.121,81.993,97.615,94.813,119.95,90.551,58.153,61.614,107.56,97.348,75.655,99.303,115.7,149.31,102.57,98.681,97.129,101.88,92.848,96.216,101.69,78.335,77.344,84.701,73.054,102.27,84.061,76.253,53.69,45.119,49.313,66.009,91.932,72.942,110.09,127.75,133.52,123.02,52.927,44.003,48.972,57.582,58.201,59.152,63.005,101.09,100.81,124.61,136.43,123.66,138.2,131.96,135.81,116.07,120.49,117.63,111.25
2014,3,56.781,34.252,49.488,54.311,41.275,43.556,37.325,48.311,54.443,50.654,49.948,49.383,44.561,40.755,43.568,44.997,28.28,28.197,34.522,35.127,38.484,32.919,31.914,33.287,44.137,40.848,37.239,37.406,33.309,21.658,13.372,27.38,19.163,16.339,34.109,27.762,25.026,16.315,18.963,18.673,19.372,12.277,33.091,39.033,28.73,29.902,37.045,25.638,28.672,25.195,20.509,15.969,16.001,17.524,29.877,53.093,49.532,50.391,39.771,32.555,21.233,23.297,14.664,47.751,41.049,35.539,40.614,37.498,42.354,39.445,23.251,23.643,38.044,42.57,42.371,39.095,39.837,39.865,51.071,52.209,50.756,51.433,48.841,50.557,45.866,45.539,39.559,37.953,37.414,42.886,46.397,43.523,39.286,39.303,36.509,35.796,36.311,36.789,35.861,35.561,35.999,37.53,36.423,38.914,39.139,39.654,38.673,37.982,35.172,34.339,35.17,36.366,36.638,39.344,38.196,37.018,38.118,38.171,35.355,36.003,35.457,38.918,39.445,38.156,35.858,41.266,40.453,38.57,37.274,43.972,45.583,40.824,48.264,38.981,42.134,23.774,22.932,24.98,12.628,9.8802,57.213,33.325,25.503,25.888,33.619,41.15,44.982,43.786,41.431,41.615,32.871,40.425,20.429,21.31,28.122,29.412,21.033,36.065,37.278,37.194,36.546,36.039,38.122,37.168,34.768,25.924,37.398,37.714,37.074,37.866,37.857,39.878,32.184,27.329,14.772,31.877,11.268,17.783,26.924,38.918,9.8878,9.836,7.5965,10.502,59.226,58.864,47.918,38.324,27.543,24.025,30.542,31.546,33.144,31.705,32.447,22.351,31.979,38.949,39.899,39.82,40.814,41.153,41.962,35.908,34.267,38.1,35.247,36.261,39.688,37.888,48.732,36.679,28.941,35.113,39.945,32.319,32.374,37.627,43.562,45.227,38.425,46.998,47.533,36.745,45.732,31.629,26.918,30.643,32.388,41.327,38.567,34.725,36.416,42.511,38.293,37.248,41.265,49.391,43.426,46.036,51.873,57.881,50.713,57.271,50.792,32.989,38.57,54.95,54.741,45.628,57.691,61.547,65.456,60.409,36.755,36.707,36.728,34.952,35.714,35.97,31.415,31.496,32.503,30.395,33.361,31.391,30.951,27.892,23.185,26.028,29.846,33.106,32.041,35.883,37.63,37.725,36.894,45.461,41.677,42.183,46.562,42.56,37.5,33.382,35.561,35.513,36.762,37.843,36.571,38.031,38.198,38.267,37.371,36.092,36.258,36.837
2014,4,41.098,23.55,23.299,28.781,22.863,22.568,29.06,36.91,38.717,38.74,38.157,38.274,36.703,35.607,37.892,43.403,33.184,34.965,38.899,39.024,51.162,37.887,42.495,47.881,49.149,56.688,45.385,45.149,45.717,40.8,32.484,45.447,38.653,38.945,50.556,48.857,46.934,40.052,42.958,43.446,45.094,38.448,70.332,69.732,53.1,51.595,60.316,50.089,51.313,50.606,47.197,43.365,45.995,48.857,48.715,49.093,39.004,37.767,30.658,25.149,15.319,16.903,10.565,29.788,23.141,20.585,20.265,19.604,20.821,19.916,14.863,14.304,19.759,21.664,20.426,19.297,19.575,19.588,43.742,42.503,42.538,43.143,37.344,33.309,24.918,25.115,21.942,19.096,20.353,25.579,32.536,37.909,36.594,32.679,32.284,31.117,31.457,33.118,33.03,33.021,33.014,36.147,37.068,44.39,42.258,42.961,42.99,43,34.099,44.91,45.24,40.879,29.234,47.837,42.195,28.93,33.705,42.086,30.525,25.387,17.518,21.609,18.701,19.03,17.87,18.06,19.189,18.757,18.101,19.524,21.462,20.372,23.915,19.437,20.261,10.405,9.891,11.277,4.6922,3.6713,34.285,23.379,12.457,13.208,18.039,21.84,23.778,23.929,23.182,23.513,21.111,27.576,12.284,14.164,17.622,20.012,15.733,44.068,41.964,46.651,46.985,47.647,40.9,42.12,30.714,27.29,52.724,28.023,26.239,20.137,16.836,17.484,25.383,28.223,13.391,23.574,5.289,11.914,15.654,17.571,3.8843,3.6548,2.8227,3.9022,34.059,37.144,31.756,23.478,15.694,13.114,22.657,32.295,38.765,42.655,43.226,33.658,45.172,56.035,68.596,92.048,60.411,80.424,75.861,80.136,89.228,85.84,87.07,73.946,82.974,68.215,52.959,35.01,40.315,69.682,75.456,42.17,41.667,45.733,53.685,47.482,52.137,50.904,45.898,47.16,46.162,56.319,54.84,51.774,51.461,48.496,51.604,43.035,39.633,44.216,35.954,32.878,39.587,45.007,42.969,47.467,48.672,46.872,46.689,47.286,44.913,55.499,46.673,45.823,45.463,47.695,47.937,47.268,48.533,44.889,20.144,21.69,33.205,50.631,51.33,45.374,43.085,36.057,35.474,24.835,26.813,25.64,25.669,23.599,16.849,21.337,24.263,27.015,27.354,30.044,31.954,31.812,31.128,55.302,53.416,51.791,52.875,47.34,40.673,32.738,31.456,30.748,31.422,32.021,31.473,32.183,32.669,32.562,32.879,31.426,31.764,32.672
2014,5,23.929,25.217,42.983,59.707,54.149,43.416,30.858,45.29,50.59,47.542,48.827,47.939,48.963,48.934,47.752,40.499,17.094,17.03,20.121,25.197,20.703,18.239,19.464,21.424,22.528,27.065,23.261,23.527,33.541,37.528,40.028,43.991,35.867,33.545,28.555,32.111,30.178,25.63,28.999,33.026,38.962,43.173,43.058,47.511,50.416,52.59,42.398,45.39,55.775,58.704,51.815,50.507,60.35,64.447,56.227,44.696,33.417,30.342,28.382,25.376,21.349,20.085,15.519,27.272,24.181,22.442,23.862,23.333,23.709,23.27,19.176,22.805,29.086,35.188,24.025,23.822,23.747,23.234,40.76,40.332,42.407,43.15,42.251,36.934,31.937,28.454,30.21,24.699,28.598,34.84,39.429,34.611,27.885,22.335,20.176,18.608,18.169,20.886,21.793,22.076,21.495,23.802,25.19,33.303,30.083,30.663,31.145,31.437,37.142,47.585,44.94,40.148,29.296,36.926,33.952,26.264,28.748,32.194,26.311,21.673,7.8288,15.038,7.9997,9.5476,8.5603,6.7468,9.1337,8.6718,7.9812,7.5725,8.9846,8.8425,10.512,8.3924,8.5996,3.8768,3.6753,4.5149,1.7435,1.3642,21.051,14.705,5.131,5.5855,8.013,10.143,11.433,10.856,10.558,11.342,11.386,16.211,7.0136,8.2479,9.6868,10.699,9.3975,28.597,24.839,29.803,30.855,32.519,22.742,26.303,14.835,13.978,44.474,27.064,21.377,15.863,6.318,6.4965,14.257,15.103,8.55,11.711,2.9616,7.5856,7.6751,6.787,1.4954,1.358,1.0488,1.45,33.385,36.938,30.036,15.443,7.1497,5.9255,11.182,17.761,23.914,17.72,17.798,14.554,18.191,22.08,27.501,39.342,25.992,38.863,38.724,34.004,38.976,36.24,39.779,39.251,38.71,37.219,36.881,25.713,24.473,36.979,42.998,28.248,28.396,33.093,40.358,35.412,40.693,39.089,33.225,38.794,33.426,41.639,40.385,38.348,37.924,34.815,40.297,32.739,34.856,31.442,32.901,28.301,28.54,30.997,31.776,36.393,35.872,35.421,36.937,38.72,40.34,45.198,48.245,38.134,38.424,48.022,41.689,37.893,36.221,36.626,16.73,19.105,35.449,52.605,52.9,47.383,47.47,40.082,32.894,22.161,28.172,28.131,26.572,23.828,20.815,23.82,22.055,18.564,23.141,18.593,17.958,17.315,17.787,50.529,50.486,48.701,49.162,44.911,37.93,30.126,20.395,20.374,17.532,17.127,17.508,17.116,18.036,17.628,19.46,17.519,18.091,19.668
2014,6,16.301,21.131,29.329,37.058,31.497,27.219,22.964,26.435,28.424,26.667,27.107,26.671,27.25,27.45,27.086,24.582,13.425,11.614,13.691,16.881,11.382,12.324,13.17,14.244,14.027,16.475,12.761,13.043,21.412,25.504,27.762,28.977,24.553,25.795,18.439,22.789,21.808,21.419,22.86,24.883,26.33,26.573,27.328,28.59,28.14,28.058,25.241,25.696,28.269,28.499,27.444,27.348,28.226,28.927,28.015,26.895,24.454,24.854,22.649,21.051,20.497,18.458,15.688,22.797,20.632,19.566,19.962,19.76,19.653,19.525,17.784,20.958,24.501,28.684,20.068,20.235,20.085,19.631,30.547,30.004,30.982,31.25,30.593,27.798,24.905,23.016,24.365,21.091,23.636,26.861,29.386,29.185,27.893,24.153,23.991,23.08,22.592,24.705,25.354,25.559,25.154,25.848,26.542,28.848,28.201,28.421,28.519,28.616,28.983,30.579,30.391,29.809,27.386,29.766,29.152,26.796,27.722,28.797,26.949,25.284,13.423,20.399,12.195,14.381,13.244,8.6561,14.601,13.121,11.909,9.3476,10.392,10.224,11.142,12.273,13.811,20.524,21.271,24.392,23.195,16.479,58.166,29.348,1.9065,2.5736,10.23,17.806,23.581,14.995,13.958,21.615,18.825,32.795,11.789,14.03,16.076,19.516,23.022,24.588,20.929,28.207,29.961,31.338,24.818,30.782,22.625,30.17,34.173,29.248,28.687,24.086,13.136,3.9329,29.374,31.196,28.17,21.82,26.802,32.369,27.849,14.36,27.717,18.73,15.726,19.407,42.222,38.34,32.137,22.478,7.0925,2.3482,6.9207,11.646,18.832,8.1778,8.1503,6.2684,8.9091,12.093,16.637,23.712,15.976,25.23,25.789,21.448,23.743,22.218,24.468,25.118,23.667,23.911,29.107,22.678,17.877,22.839,26.248,20.38,22.383,24.719,26.742,25.128,26.365,24.944,23.291,24.478,23.346,27.073,26.948,25.756,25.492,24.142,26.198,29.637,30.527,26.027,28.347,25.517,22.569,22.787,24.17,26.945,27.822,25.794,29.954,26.897,25.987,27.692,26.778,26.295,25.939,26.846,26.135,26.053,26.703,25.418,23.382,23.851,29.391,31.273,31.442,31.08,30.323,29.567,28.285,25.414,27.292,27.34,26.233,24.542,24.975,25.848,25.828,23.544,26.154,23.212,22.256,21.56,22.248,35.375,35.424,34.718,34.76,33.614,31.441,29.078,24.545,24.585,21.918,21.276,21.882,21.215,22.184,21.743,23.56,21.909,22.451,23.776
2014,7,123.45,104.62,91.269,69.061,63.187,76.895,79.536,67.738,66.672,66.709,67.178,67.572,69.998,71.764,72.636,90.833,90.559,94.828,96.835,102.06,124.02,112.52,109.12,111.9,113.44,130.28,145.81,142.64,127.68,120.25,104.43,114.99,122.6,119.94,141.32,131.78,132.13,128.89,127.7,118.82,109.1,91.812,137.95,129.27,92.832,81.111,124.04,93.66,71.587,66.112,75.822,77.789,62.35,59.522,63.949,81.268,83.673,67.466,76.987,77.294,79.878,77.946,82.553,74.541,81.817,82.313,94.013,91.677,93.866,93.227,84.126,92.717,98.465,102.8,96.001,96.113,95.841,95.169,92.511,93.887,99.033,100.7,104.78,96.958,100.7,91.041,100.13,96.182,99.24,102.99,104.38,95.056,83.029,74.06,67.238,64.012,63.257,62.71,62.46,62.481,62.918,68.173,68.883,79.546,74.382,74.906,75.69,76.158,124.53,114.46,108.51,110.78,119.01,81.855,86.128,103.53,95.168,81.139,94.971,102.6,91.629,110.54,96.893,102.81,100.79,107.01,108.99,101.14,97.88,97.86,87.089,81.775,78.644,83.484,88.245,102.47,104.44,105.55,104.16,104.88,209.54,163.3,115.08,137.26,183.3,210.7,214.18,173.44,163.47,184.2,167.04,172.81,154.37,145.43,149.76,141.77,124.13,116.93,115,114.64,114.94,115.98,108.77,111.61,100.06,94.196,132.51,137.37,132.41,136.51,122.2,112.35,107.18,97.311,107.37,120.03,115.03,107.21,108.12,104.35,108.2,107.21,105.99,105.27,195.55,187.76,184.97,185.49,149.9,114.99,116.24,111.58,114.24,128.53,129.82,134.8,134.63,131.51,125.52,113.4,129.8,126.12,130.46,113.01,112.94,114.74,117.21,121.48,116.22,122.33,154.77,146.28,113.4,117.52,130.28,124.84,121.82,138.91,154.38,149.86,153.59,151.81,150.26,151.37,150.3,149.2,148.1,148.38,147.63,149,123.74,121.45,126.71,124.45,130.19,119.26,102.01,131.67,114.14,119.49,104.03,87.26,74.122,67.336,67.147,114.64,70.754,68.014,74.636,70.385,84.681,81.939,74.487,87.701,131.86,127.01,127.83,116.8,117.84,122.55,109.83,102.45,86.595,74.026,132.1,115.66,108.31,86.953,78.321,80.477,75.771,67.284,76.452,65.061,63.113,62.873,63.72,111.28,113.15,110.91,109.16,105.28,96.994,86.687,68.768,69.598,63.021,62.475,62.765,62.354,62.521,62.404,62.586,62.436,62.503,62.651
2014,8,29.138,27.196,27.967,27.249,26.262,26.702,24.898,24.526,24.746,24.367,24.476,24.388,24.618,24.722,24.651,25.052,23.186,22.874,23.355,24.237,26.252,25.513,24.488,24.733,24.264,25.424,25.237,25.14,25.923,26.139,25.718,26.354,26.123,25.968,26.101,26.166,26.028,25.776,25.915,25.602,25.073,23.656,28.497,27.531,24.015,22.746,26.201,23.669,21.673,20.992,22.096,22.317,20.445,20.089,20.654,22.652,22.676,20.914,21.806,21.72,22.116,21.672,22.105,21.625,22.183,22.151,23.338,23.162,23.28,23.239,22.352,23.471,24.188,24.934,23.443,23.48,23.444,23.344,26.493,26.495,27.673,28.118,28.004,25.504,24.849,23.526,24.652,23.611,24.369,25.59,27.208,28.09,27.866,27.252,27.59,27.032,26.763,34.24,37.741,38.654,35.928,30.662,32.728,30.57,31.653,31.696,31.552,31.569,29.4,28.61,29.357,30.229,30.142,30.628,31.474,32.664,32.386,31.609,32.893,33.184,29.696,28.809,26.749,26.123,25.76,26.258,26.99,25.805,25.269,25.1,23.688,22.909,22.57,23.67,24.653,28.554,29.103,29.824,30.754,30.873,40.253,42.826,26.438,27.836,31.313,33.177,34.113,32.103,31.677,33.821,36.913,42.779,38.184,37.62,34.948,33.977,33.993,37.659,34.802,38.492,39.632,40.985,34.471,37.284,30.896,31.489,32.74,31.07,35.215,30.522,30.709,27.088,33.88,32.414,32.871,31.907,33.338,32.806,32.042,27.916,32.198,31.46,31.095,31.064,33.903,32.853,32.113,31.863,28.963,26.489,28.551,29.371,33.977,28.554,28.022,25.687,26.246,26.707,26.749,26.24,28.218,27.298,27.737,25.916,26.126,26.229,26.508,27.492,26.661,27.745,30.157,30.102,31.226,27.558,28.008,31.244,34.258,32.026,29.759,29.814,29.429,28.934,29.176,28.676,29.158,29.263,29.209,29.077,28.987,29.111,26.889,38.435,32.474,30.518,28.91,26.924,24.702,27.692,26.953,28.662,26.257,23.31,22.684,21.071,20.94,26.104,21.434,21.097,21.855,21.396,22.922,22.662,21.934,23.161,29.969,29.533,29.82,28.87,29.005,29.124,27.866,27.056,26.444,24.467,28.63,27.508,26.534,24.168,23.627,24.178,24.792,25.174,25.349,26.184,25.87,24.571,25.26,33.744,34.442,33.368,32.749,31.628,29.222,27.118,26.52,25.926,25.359,24.388,25.636,24.354,26.332,25.413,30.333,26.246,27.505,31.063
2014,9,88.654,77.917,94.061,92.162,91.761,89.836,65.302,66.398,68.683,65.448,64.304,62.564,57.674,54.064,54.831,49.061,44.353,42.937,47.136,52.41,67.249,59.718,52.765,56.414,51.409,66.359,62.829,58.673,36.731,22.336,18.915,17.324,23.162,16.378,47.659,25.932,25.56,18.661,19.852,19.256,22.13,24.556,70.611,64.004,62.61,63.323,62.967,47.479,55.983,49.316,38.357,32.624,37.424,38.032,61.885,60.208,64.658,73.555,77.346,83.274,87.654,90.573,96.617,86.067,81.698,83.384,78.817,82.338,78.947,80.377,91.227,81.997,70.525,62.212,73.776,73.502,74.145,75.522,126.43,124.68,129.32,131.7,123.92,104.4,86.542,84.755,83.879,74.202,80.213,92.608,113.07,125.49,113.22,91.824,92.926,90.029,86.262,91.469,93.416,94.138,93.326,97.237,99.049,113.89,106.78,107.65,108.87,109.71,162.79,167.13,159.08,154.32,150.3,118.37,120.4,130.79,124.75,114.68,123.74,127.13,101.04,122.45,99.968,104.83,102.09,107.75,111.81,101.89,97.528,95.707,82.56,76.659,72.25,75.468,79.712,88.567,90.265,93.368,88.92,89.855,79.876,77.225,25.058,31.836,52.061,67.016,68.929,60.205,58.412,68.156,78.46,77.719,75.123,78.381,82.732,82.92,90.005,99.337,79.552,111.4,120.08,128.68,90.145,120.7,79.665,99.689,179.37,172.27,156.86,159.67,126.68,117.45,115.87,103.17,95.08,78.278,91.279,96.872,106.97,99.18,94.449,90.54,90.293,90.171,77.627,75.993,69.003,59.431,37.996,26.038,34.927,42.51,74.783,88.943,83.926,61.155,65.782,72.592,79.599,89.811,88.231,84.4,82.631,80.594,87.425,86.558,86.514,78.745,81.58,72.999,75.66,56.26,68.375,77.632,79.402,75.973,90.679,97.004,85.757,99.34,82.378,83.976,92.11,80.921,88.941,72.891,64.117,70.232,71.652,81.459,76.508,139.67,170.28,135.51,173.99,167.03,140.2,112.34,131.27,127.99,106,89.926,106.15,74.281,74.484,67.318,81.326,70.185,66.897,74.315,60.259,60.988,62.461,60.39,153.22,147.9,165.68,169.06,169.81,174.24,166.94,161.59,133.64,126.54,183.12,173.84,167.46,152,152.06,149.18,130.73,104.15,126.83,94.048,84.193,81.192,86.206,170.61,173.73,171.56,165.56,163.12,155.39,141.82,99.964,102.32,83.25,79.186,82.584,78.567,82.075,80.281,87.181,82.129,83.96,88.335
2014,10,105.54,99.224,71.157,64.924,61.751,69.115,92.348,65.605,59.516,60.176,58.457,58.959,57.258,56.668,58.604,72.722,132.51,130.23,121.57,103.69,139.34,129.29,142.55,147.34,132.84,141.18,122.3,117.65,85.546,66.653,53.229,55.862,69.024,61.144,106.09,80.994,81.344,74.249,73.449,65.704,60.974,51.887,115.5,94.162,85.205,84.332,95.446,75.914,73.314,61.742,58.141,52.1,43.355,40.425,79.143,77.246,79.643,88.53,94.69,103.73,114.85,129.08,142.21,145.84,166.74,167.89,194.78,180.86,201.24,194.18,151.68,142.62,155.9,133.4,211.89,205.51,206.67,208.55,120.97,129.19,126.63,126.79,136.56,153.72,178.85,174.84,174.6,189.61,175.22,163.03,143.65,114,87.581,99.06,74.056,67.337,66.015,76.447,80.634,81.799,78.67,71.377,74.029,69.972,72.179,72.274,72.02,72.105,54.687,62.854,66.253,63.417,53.258,69.992,67.219,56.032,60.827,69.502,60.735,55.375,42.343,40.583,34.561,32.921,32.28,31.382,33.742,32.062,31.131,29.793,28.094,27.336,26.626,28.508,29.793,39.736,41.426,48.552,55.967,56.046,157.06,137.49,98.402,108.88,131.64,144.92,148.38,134.01,131.03,140.99,138.05,140.3,129.2,128.44,132.17,130.96,120.06,85.028,89.513,89.023,87.907,84.942,101.78,94.112,122.11,128.06,70.092,56.822,61.622,47.476,46.856,33.474,95.137,120.25,112.26,125.01,90.159,95.774,84.769,41.407,74.746,60.607,60.753,57.416,109.43,109,110.86,120.85,109.37,94.661,92.132,87.739,86.07,118.57,121.68,136.8,139.96,144.29,156.93,180.68,138.51,168.77,162.4,174.68,179.29,176.18,174.32,156.03,166.13,144.24,129.12,107.57,97.387,140.58,134.77,97.752,91.4,111.88,117.28,127.99,109.29,110.6,132.86,102.99,130.42,102.91,92.902,101.56,104.01,120.65,109.35,77.921,73.219,101.74,73.074,72.302,82.249,121.26,101.52,106.12,102.39,119.08,85.035,90.073,95.106,95.011,111.78,85.339,83.307,100.05,77.939,74.933,71.622,75.377,45.499,44.896,55.129,62.16,62.222,63.243,63.893,65.026,65.05,66.719,65.078,66.065,67.819,70.685,68.273,70.023,68.768,66.571,69.631,66.508,64.125,61.454,63.606,90.056,90.203,88.529,94.659,89.812,80.027,74.3,68.037,67.189,63.21,60.758,63.508,60.563,64.367,62.606,70.84,64.31,66.491,72.017
2014,11,37.06,42.446,37.802,42.224,42.406,40.967,53.185,59.18,57.581,60.066,58.479,58.526,56.259,55.185,56.859,58.95,61.465,61.397,61.09,60.295,40.738,47.181,54.1,53.022,62.124,60.742,60.891,59.287,56.44,52.559,50.907,49.98,52.821,50.242,65.822,54.926,54.343,52.322,52.898,53.989,57.264,61.166,87.671,104.32,111.76,109.22,96.248,82.515,98.798,90.099,76.447,70.346,73.886,74.195,100.72,68.33,38.373,31.938,29.699,28.436,29.159,30.238,30.486,49.314,55.212,51.666,77.35,60.319,80.603,72.428,34.491,43.395,78.728,90.858,103.71,100.59,99.189,95.843,70.952,74.882,78.998,80.497,90.154,87.595,98.978,77.821,95.173,88.738,92.818,98.884,94.226,84.573,75.708,80.183,72.321,69.067,66.904,80.527,86.137,87.706,83.685,76.687,80.584,80.829,81.23,81.626,81.79,82.177,84.544,86.413,85.99,86.03,84.004,83.003,84.723,88.102,86.56,83.462,87.201,87.923,75.736,76.518,68.3,66.63,65.625,70.273,69.589,65.584,64.024,66.826,59.177,56.509,55.858,52.171,53.108,34.409,33.216,39.075,23.841,21.912,40.264,31.292,106.16,89.21,55.597,40.383,41.057,57.085,62.43,48.011,33.995,32.182,29.823,31.04,34.379,42.141,39.917,79.831,81.714,77.013,76.879,76.612,79.022,76.555,79.792,66.303,86.69,87.708,83.515,86.679,83.655,76.119,75.417,66.19,45.594,64.512,31.993,42.215,61.39,64.583,31.515,23.164,23.153,22.745,31.023,31.738,35.201,44.361,74.831,101.61,93.45,81.636,80.101,37.133,37,36.399,37.218,38.31,40.217,43.098,39.064,41.001,40.575,44.06,45.169,42.911,46.129,46.059,46.906,49.739,37.811,52.605,75.986,60.136,70.384,82.485,83.666,106.04,114.08,119.78,102.89,94.369,124.82,84.774,124.53,104.27,112.43,112.36,113.29,122.71,116.19,76.971,78.783,94.266,82.21,70.607,61.825,107.79,85.265,89.932,75.952,96.682,45.495,62.13,74.65,112.48,116.92,58.267,59.702,99.43,64.06,50.72,39.915,44.312,83.106,81.425,86.675,88.642,89.094,87.307,86.11,84.533,78.49,76.8,79.109,81.204,76.818,72.513,83.914,79.209,76.228,71,74.034,68.948,64.359,60.712,64.072,74.156,76.613,75.48,76.025,77.889,73.911,74.286,69.342,68.725,63.097,59.574,63.348,59.256,64.291,61.918,72.927,64.238,67.131,74.554
2014,12,98.207,110.54,133.69,160.19,147.93,131.72,105.75,88.542,89.888,81.511,82.748,81.219,82.578,82.779,80.198,76.168,87.331,81.497,80.932,79.13,99.169,101.6,93.895,90.164,95.638,76.067,76.359,74.862,70.316,65.788,64.353,64.854,66.356,57.769,68.247,61.768,60.307,52.669,55.521,52.7,50.913,44.021,45.971,42.827,41.618,41.137,48.964,45.164,39.829,38.135,39.741,39.711,34.803,33.916,40.2,41.169,19.591,14.019,12.495,11.156,11.267,11.672,11.351,20.773,22.49,21.543,27.131,23.801,27.781,26.249,14.369,18.791,27.174,29.847,32.736,32.028,31.707,30.959,25.5,26.254,26.972,27.27,29.283,28.824,31.604,27.057,30.768,29.407,30.262,31.56,30.225,27.626,25.57,26.659,24.614,23.855,23.454,26.681,28.284,28.735,27.505,25.363,26.277,25.838,26.094,26.154,26.144,26.201,25.697,26.258,26.535,26.54,25.547,26.089,26.258,26.159,26.243,26.238,26.389,26.196,25.257,24.033,23.717,22.935,23.016,23.132,22.891,23.03,23.262,24.176,25.237,26.06,27.937,27.108,27.177,20.157,19.505,24.463,12.64,8.8788,24.146,16.838,33.335,31.813,26.278,20.296,21.032,32.346,33.457,27.794,22.314,17.926,15.088,21.568,26.619,34.324,37.856,65.112,55.125,73.442,78.995,83.839,64.929,76.072,65.057,73.632,40.649,29.246,46.064,26.256,32.526,24.581,65.44,72.293,47.634,51.399,24.585,38.871,46.256,30.81,23.041,10.278,10.209,10.308,20.033,21.332,22.822,24.832,30.935,33.272,35.299,35.917,50.762,87.692,93.199,122.55,113.52,100.06,83.928,58.141,72.965,55.07,52.207,68.138,58.584,63.616,56.386,41.895,50.725,39.972,37.032,32.419,45.876,43.766,42.924,42.188,52.842,47.762,38.131,39.432,35.348,32.044,38.786,29.844,38.936,38.18,39.143,38.063,38.061,39.048,38.573,68.286,40.112,39.327,28.495,24.6,23.172,32.317,27.266,28.52,25.937,30.531,19.318,24.908,30.828,40.617,42.516,25.18,29.644,43.219,41.771,30.244,20.996,28.016,25.02,24.737,26.2,26.46,26.544,26.753,26.186,26.035,25.225,25.038,27.632,26.233,25.225,24.64,26.056,25.537,25.055,24.157,24.777,23.817,22.961,22.225,22.9,25.657,26.116,25.8,26.039,26.118,25.21,25.03,23.955,23.834,22.711,21.989,22.763,21.922,22.952,22.477,24.808,22.941,23.521,25.182
2015,1,100.65,103.56,110.39,104.95,97.708,98.843,88.673,104.89,110.39,109.11,108.73,107.18,105.04,103.51,102.99,87.827,71.256,64.621,66.417,70.169,91.647,93.078,76.175,69.505,72.887,48.315,49.774,50.471,63.791,69.547,80.399,74.597,68.069,64.627,52.675,57.937,56.312,52.882,56.164,58.602,61.177,61.663,34.36,61.041,53.471,56.714,54.832,56.762,59.534,60.717,60.132,60.899,60.595,60.889,62.812,71.576,22.072,6.256,4.6429,4.1454,4.1864,4.3371,4.2176,7.7853,8.3567,8.005,10.134,8.8438,10.441,9.7536,5.339,6.9823,10.304,12.01,13.522,12.966,12.716,12.232,11.939,13.742,12.709,14.185,13.142,13.027,12.789,10.096,12.219,11.404,11.936,12.893,12.173,10.403,9.5179,10.096,9.167,8.865,8.715,10.391,11.334,11.595,10.861,9.553,10.054,10.267,10.316,11.138,9.905,9.8891,9.7706,9.8531,10.234,11.244,11.726,10.786,9.9112,10.493,10.9,9.8807,9.979,9.9138,10.26,12.698,11.197,9.2991,9.5768,15.825,14.354,9.6154,10.391,22.022,21.434,20.45,27.648,25.482,24.847,18.938,18.241,21.356,15.797,10.162,21.485,12.36,19.795,17.92,13.428,9.6657,12.996,28.655,28.078,20.005,14.455,12.439,10.576,16.204,18.302,22.305,26.269,59.297,61.12,61.208,64.072,67.554,55.312,53.847,38.331,38.863,37.859,19.605,35.318,13.333,15.188,12.151,36.917,40.246,32.153,31.04,22.806,29.295,27.028,20.144,22.444,12.303,12.161,12.752,86.574,95.091,80.38,37.068,24.856,22.63,27.371,33.366,48.157,90.938,96.562,125.38,111.48,91.213,63.718,28.626,67.652,39.999,44.336,38.098,28.438,33.989,29.57,29.806,28.778,30.809,71.697,56.967,39.221,25.973,26.385,37.928,49.977,46.43,41.319,36.048,27.843,43.533,40.52,17.568,38.35,31.416,34.628,32.682,32.759,35.964,38.126,56.134,29.913,37.001,18.313,10.51,13.191,34.816,17.316,19.187,23.218,51.189,8.2459,47.487,39.631,43.745,59.249,30.962,44.759,67.021,73.885,52.711,53.438,46.833,11.252,10.556,11.641,9.872,9.9404,11.405,9.7322,9.6816,9.373,9.3037,12.062,10.418,9.3956,9.1835,10.119,9.778,9.3099,8.9762,9.2064,8.8499,8.5319,8.2583,8.509,10.741,9.7827,9.9557,12.162,12.271,9.8557,9.3005,8.901,8.8561,8.439,8.1707,8.4582,8.1459,8.5286,8.3519,9.3686,8.5245,8.7524,9.5596
2015,2,30.636,31.161,35.748,38.09,37.264,34.947,29.87,34.262,35.703,34.88,34.68,34.115,33.017,32.226,32.256,27.453,24.782,23.532,23.819,24.357,27.311,27.933,25.56,24.461,25.813,19.982,20.351,20.483,23.015,23.725,25.199,24.366,23.526,22.654,20.888,21.689,21.33,20.457,21.132,21.471,21.858,21.605,15.419,21.521,20.106,20.663,20.788,20.912,21.043,21.099,21.127,21.239,20.811,20.778,21.593,22.899,10.868,2.8934,1.7252,1.5403,1.5556,1.6116,1.5672,2.9331,3.1052,2.9745,3.7655,3.2862,3.8795,3.6242,1.9839,2.5945,3.8286,4.4631,5.1727,4.8684,4.7427,4.5451,5.6003,6.7485,5.9423,6.903,5.7934,5.8254,4.8213,3.7515,4.5415,4.2375,4.4352,4.9081,4.6905,3.8658,3.5366,3.7515,3.4062,3.294,3.2383,3.8611,4.2114,4.3084,4.0355,3.5497,3.7359,4.1484,4.0969,4.8059,3.704,3.6746,3.6973,3.6885,3.9358,4.7978,5.39,4.5684,3.7164,4.2673,4.6053,3.6714,3.708,3.6837,3.8123,6.2111,4.9233,3.4674,3.6455,8.0593,7.2961,3.6687,4.2218,10.825,10.534,10.045,12.924,12.134,11.89,9.5723,9.2829,10.494,8.4232,5.9601,10.564,6.3105,9.3515,8.3692,5.9796,4.0744,6.413,13.31,13.099,9.7384,6.952,6.228,5.3868,8.0514,8.8474,10.533,12.315,22.229,22.192,22.825,23.492,24.211,21.444,21.389,16.9,17.103,16.43,9.5837,15.744,6.3132,6.0671,5.5348,16.384,17.582,14.613,14.12,11.094,13.546,12.401,9.6155,10.972,6.9317,6.8673,7.1448,22.435,23.353,22.122,15.52,11.866,10.824,12.817,14.945,19.42,28.602,28.813,30.631,29.391,27.201,23.131,12.971,23.485,17.26,18.375,16.792,12.843,15.281,13.438,13.727,13.17,14.114,22.487,20.042,16.958,11.957,12.176,16.494,19.919,18.948,17.228,15.845,13.007,17.314,17.047,8.453,16.481,14.326,15.41,14.755,14.78,15.807,16.416,21.685,13.772,16.138,8.9977,4.5864,6.6953,15.155,8.7108,9.5405,11.294,18.584,3.643,17.511,16.423,17.971,21.2,13.851,17.54,22.469,23.233,19.145,18.348,17.895,5.0731,4.5622,5.1749,3.6682,3.7058,4.8833,3.6163,3.602,3.4828,3.457,4.8883,4.085,3.4912,3.4293,4.0139,3.8037,3.4593,3.3353,3.4209,3.2884,3.1702,3.0686,3.1617,4.6208,3.635,3.9016,5.6777,5.7571,3.9438,3.4559,3.3074,3.2907,3.1357,3.036,3.1429,3.0268,3.169,3.1034,3.4811,3.1675,3.2522,3.5521
2015,3,12.578,12.7,15.379,16.576,16.275,15.12,12.27,14.747,15.453,15.066,14.958,14.675,14.065,13.607,13.655,10.703,9.2188,8.7441,8.8508,9.0506,10.148,10.523,9.4975,9.0891,10.126,7.425,7.5619,7.611,8.5517,8.8158,9.4219,9.0539,8.7419,8.4214,7.7616,8.0592,7.9257,7.6474,7.855,7.9782,8.1219,8.0279,5.7292,7.9968,7.4708,7.6777,7.7243,7.7705,7.8191,7.84,7.8503,7.8918,7.7329,7.7207,8.0233,8.5087,4.0382,1.0751,0.64104,0.57235,0.57801,0.59882,0.58232,1.0899,1.1538,1.1052,1.3992,1.2211,1.4415,1.3467,0.73715,0.96404,1.4226,1.6584,1.9221,1.809,1.7623,1.6889,2.0809,2.5076,2.208,2.565,2.1527,2.1646,1.7915,1.394,1.6875,1.5745,1.648,1.8237,1.7429,1.4364,1.3141,1.394,1.2657,1.224,1.2033,1.4347,1.5649,1.6009,1.4995,1.319,1.3882,1.5415,1.5223,1.7857,1.3763,1.3654,1.3738,1.3705,1.4624,1.7828,2.0028,1.6975,1.3809,1.5856,1.7112,1.3642,1.3778,1.3688,1.4166,2.3079,1.8294,1.2884,1.3546,2.9947,2.7111,1.3632,1.5687,4.0222,3.9141,3.7326,4.8024,4.5086,4.4181,3.5569,3.4493,3.8995,3.1299,2.2146,3.9255,2.3448,3.4748,3.1098,2.2219,1.514,2.3829,4.9457,4.8673,3.6186,2.5832,2.3142,2.0016,2.9917,3.2875,3.9139,4.576,8.2599,8.2461,8.4811,8.7292,8.9962,7.9682,7.9477,6.2796,6.3552,6.1051,3.5611,5.8502,2.3458,2.2544,2.0566,6.0878,6.5329,5.4297,5.2466,4.1221,5.0333,4.6078,3.5729,4.0768,2.5757,2.5517,2.6549,8.3364,8.6776,8.2202,5.7668,4.409,4.0219,4.7625,5.5534,7.2159,11.52,11.374,11.389,10.921,10.107,8.595,4.8196,8.7263,6.4135,6.8276,6.2396,4.7721,5.6782,4.9932,5.1007,4.8936,5.2445,8.3558,7.4472,6.3012,4.4428,4.5244,6.1288,7.4016,7.0408,6.4014,5.8876,4.833,6.4336,6.3341,3.1409,6.1239,5.3233,5.726,5.4828,5.492,5.8735,6.0998,8.0576,5.1175,5.9964,3.3433,1.7042,2.4878,5.6311,3.2367,3.545,4.1965,6.9055,1.3536,6.5066,6.1023,6.6775,7.8775,5.1466,6.5173,8.3489,8.6328,7.114,6.8178,6.6493,1.885,1.6952,1.9229,1.363,1.377,1.8145,1.3437,1.3384,1.2941,1.2846,1.8164,1.5179,1.2972,1.2742,1.4915,1.4134,1.2854,1.2393,1.2711,1.2219,1.178,1.1402,1.1748,1.717,1.3507,1.4497,2.1097,2.1392,1.4654,1.2841,1.229,1.2228,1.1652,1.1281,1.1678,1.1247,1.1775,1.1531,1.2935,1.177,1.2084,1.3199
2015,4,4.6738,4.7189,5.7145,6.1593,6.0476,5.6184,4.5594,5.4797,5.7419,5.5981,5.5579,5.4528,5.2264,5.0561,5.0738,3.9768,3.4255,3.2491,3.2887,3.363,3.7708,3.91,3.529,3.3773,3.8787,2.759,2.8098,2.8281,3.1776,3.2758,3.501,3.3642,3.2483,3.1292,2.884,2.9946,2.945,2.8416,2.9187,2.9645,3.0179,2.983,2.1288,2.9714,2.776,2.8529,2.8702,2.8874,2.9054,2.9132,2.917,2.9324,2.8734,2.8688,2.9813,3.1616,1.5005,0.39949,0.2382,0.21267,0.21478,0.22251,0.21638,0.40497,0.42873,0.41068,0.51991,0.45372,0.53563,0.50039,0.27391,0.35821,0.52861,0.61622,0.7142,0.67218,0.65482,0.62754,0.77323,0.93177,0.82045,0.95309,0.79989,0.8043,0.66568,0.51797,0.62704,0.58507,0.61236,0.67766,0.64761,0.53375,0.4883,0.51797,0.4703,0.4548,0.44711,0.53309,0.58147,0.59486,0.55718,0.4901,0.51581,0.57277,0.56566,0.66354,0.5114,0.50734,0.51048,0.50926,0.54341,0.66243,0.7442,0.63076,0.51312,0.58919,0.63585,0.50691,0.51196,0.50861,0.52636,0.85756,0.67975,0.47875,0.50333,1.1127,1.0074,0.50654,0.5829,1.4946,1.4544,1.3869,1.7844,1.6753,1.6417,1.3216,1.2817,1.449,1.163,0.82291,1.4586,0.87129,1.2912,1.1555,0.8256,0.56255,0.88543,1.8377,1.8086,1.3446,0.95986,0.8599,0.74376,1.1117,1.2216,1.4543,1.7003,3.0692,3.064,3.1514,3.2436,3.3428,2.9608,2.9532,2.3334,2.3614,2.2685,1.3232,2.1738,0.87166,0.83769,0.76418,2.2621,2.4275,2.0175,1.9495,1.5317,1.8702,1.7122,1.3276,1.5149,0.95706,0.94817,0.98648,3.0976,3.2244,3.0544,2.1428,1.6383,1.4945,1.7696,2.0635,2.6813,4.2805,4.2265,4.2318,4.058,3.7556,3.1937,1.7909,3.2425,2.3831,2.537,2.3185,1.7732,2.1099,1.8553,1.8953,1.8183,1.9487,3.1048,2.7672,2.3414,1.6508,1.6812,2.2773,2.7502,2.6162,2.3786,2.1877,1.7958,2.3906,2.3536,1.1671,2.2755,1.978,2.1277,2.0373,2.0407,2.1825,2.2665,2.994,1.9015,2.2281,1.2423,0.63324,0.92441,2.0924,1.2027,1.3173,1.5593,2.5659,0.50298,2.4177,2.2675,2.4812,2.9271,1.9123,2.4217,3.1023,3.2077,2.6434,2.5334,2.4707,0.70043,0.6299,0.7145,0.50647,0.51166,0.67423,0.4993,0.49732,0.48087,0.47731,0.67493,0.56402,0.48203,0.47348,0.5542,0.52517,0.47763,0.46051,0.47232,0.45403,0.43771,0.42368,0.43654,0.638,0.50188,0.53869,0.78392,0.79488,0.54451,0.47715,0.45665,0.45435,0.43295,0.41918,0.43393,0.41791,0.43754,0.42848,0.48064,0.43733,0.44903,0.49044
2015,5,9.0331,1.7534,6.7175,20.036,3.6938,5.6724,8.5386,5.2063,6.791,3.8215,3.6566,3.8843,2.6677,2.0369,2.8095,7.8057,8.5298,9.2711,16.582,6.0296,4.3095,1.7257,3.6646,3.158,33.156,6.167,1.4178,4.6715,3.7335,1.2172,1.3009,3.6036,1.207,1.1627,5.4794,4.8603,2.8033,1.0559,1.0845,1.1015,1.1214,1.1084,0.79102,7.7703,1.0315,1.0601,4.1812,1.0729,1.0796,1.0825,1.0839,1.0896,1.0677,1.066,1.1078,1.1748,0.55756,0.14844,0.088508,0.079023,0.079806,0.082678,0.0804,0.15048,0.1593,0.1526,0.19318,0.16859,0.19903,0.18593,0.10178,0.1331,0.19642,0.22897,0.26538,0.24977,0.24331,0.23318,0.28731,0.34622,0.30486,0.35415,0.29722,0.29886,0.24735,0.19247,0.23299,0.2174,0.22754,0.2518,0.24064,0.19833,0.18144,0.19246,0.17475,0.16899,0.16614,0.19809,0.21606,0.22104,0.20704,0.18211,0.19166,0.21283,0.21019,0.24656,0.19003,0.18852,0.18968,0.18923,0.20192,0.24615,0.27653,0.23437,0.19066,0.21893,0.23627,0.18836,0.19023,0.18899,0.19558,0.31865,0.25258,0.17789,0.18702,0.41347,0.37432,0.18822,0.21659,0.55534,0.54041,0.51535,0.66306,0.6225,0.61001,0.49109,0.47624,0.5384,0.43214,0.30577,0.54199,0.32375,0.47976,0.42937,0.30677,0.20903,0.32901,0.68286,0.67203,0.49961,0.35666,0.31952,0.27636,0.41307,0.4539,0.54039,0.63181,3.442,5.6116,4.6173,3.9561,5.0567,4.44,3.9653,0.86702,0.87746,3.2837,0.49168,2.1921,0.32389,0.31126,0.28395,0.84054,0.90199,0.74967,0.72439,0.56914,0.69494,0.6362,0.49331,0.56289,0.35562,0.35232,0.36655,1.151,1.1981,1.135,0.79621,0.60875,0.5553,0.65755,0.76675,0.99629,1.5905,1.5705,1.5724,1.5079,3.3013,2.8041,0.66545,1.2048,0.92418,0.94268,0.8615,0.65889,0.78398,0.6894,0.70425,0.67565,0.72411,1.1537,1.0282,0.87001,0.61342,0.72238,0.8462,1.0219,0.97212,0.88383,0.8129,0.66729,4.0273,0.87454,0.43367,0.84552,0.73498,0.79059,0.757,0.75827,0.81095,0.84219,2.2579,0.70657,0.82792,0.46161,0.2353,0.34349,0.77749,0.44689,0.48946,0.5794,0.95344,0.1869,0.89837,0.84254,0.92196,1.0876,0.71058,0.89984,1.1527,1.1919,0.98222,0.94133,0.91807,0.26026,0.23406,0.26549,0.18819,0.19012,0.25053,0.18553,0.18479,0.17868,0.17736,0.25079,0.20958,0.17911,0.17593,0.20593,0.19514,0.17748,0.17111,0.1755,0.16871,0.16264,0.15743,0.16221,0.23706,0.18649,0.20016,0.29129,0.29536,0.20233,0.1773,0.16968,0.16883,0.16087,0.15576,0.16124,0.15529,0.16258,0.15921,0.17859,0.1625,0.16685,0.18224
2015,6,61.723,36.455,28.762,36.79,26.812,37.54,74.035,70.072,66.147,66.472,60.869,62.436,48.202,39.138,48.048,54.361,102.6,96.762,97.149,65.656,73.524,69.992,81.401,73.259,98.287,48.934,23.85,32.528,17.697,1.3745,0.48338,6.718,0.45546,0.43205,23.118,12.754,9.3137,0.46385,1.8203,0.58776,0.41668,0.41186,0.29393,5.2919,0.38328,0.39389,4.4816,0.39865,0.40114,0.40222,0.40275,0.40488,0.39673,0.3961,0.41162,0.43652,0.20717,0.055157,0.032887,0.029363,0.029654,0.030721,0.029875,0.055913,0.059194,0.056703,0.071783,0.062644,0.073954,0.069089,0.037818,0.049458,0.072985,0.085081,0.098608,0.092808,0.09041,0.086645,0.10676,0.12865,0.11328,0.13159,0.11044,0.11105,0.09191,0.071516,0.086575,0.08078,0.084548,0.093564,0.089415,0.073694,0.067419,0.071515,0.064933,0.062794,0.061732,0.073604,0.080283,0.082132,0.07693,0.067668,0.071217,0.079082,0.0781,0.091615,0.070609,0.070049,0.070481,0.070314,0.075028,0.091462,0.10275,0.087088,0.070846,0.081348,0.087791,0.069989,0.070686,0.070224,0.072674,0.1184,0.093853,0.0661,0.069494,0.15364,0.13909,0.069937,0.080481,0.20635,0.2008,0.19149,0.24638,0.23131,0.22666,0.18248,0.17696,0.20006,0.16057,0.11362,22.933,0.1203,0.17827,0.15954,0.11399,0.077671,0.55655,4.6949,2.6703,1.1634,0.13253,0.12955,0.10269,0.15349,0.16866,0.2008,0.23477,3.5619,7.1005,4.0027,3.0054,3.7282,4.0481,2.8087,0.32217,0.32604,2.3758,0.1827,1.5411,0.12035,0.11566,0.10551,0.31233,0.33516,0.27856,0.26917,0.21148,0.25822,0.2364,0.1833,0.20916,0.13214,0.13091,0.1362,54.247,59.662,22.694,0.85456,0.2262,0.20634,0.24433,0.28491,0.3702,6.7645,13.419,23.868,54.116,62.81,48.963,17.439,18.169,29.203,29.967,21.38,2.0087,17.865,2.6241,0.26168,9.9178,0.26906,41.014,0.99009,0.32327,0.22793,1.5685,0.31443,0.37972,0.36122,0.32841,0.30205,0.24795,2.8902,0.32496,0.16114,0.31417,0.2731,0.29376,0.28128,0.28176,0.30133,0.31294,1.455,0.26254,0.30764,0.17152,0.087431,0.12763,0.2889,0.16606,0.18187,0.21529,0.35428,0.069446,0.33381,0.31307,0.34258,0.40414,0.26404,0.33436,0.42833,0.44289,0.36497,0.34978,0.34113,0.096708,0.08697,0.09865,0.069927,0.070644,0.093091,0.068937,0.068665,0.066393,0.065902,0.093187,0.077874,0.066553,0.065373,0.076518,0.07251,0.065946,0.063582,0.065213,0.062687,0.060435,0.058497,0.060273,0.088088,0.069295,0.074376,0.10823,0.10975,0.07518,0.065879,0.063049,0.062731,0.059777,0.057876,0.059913,0.0577,0.060411,0.05916,0.066361,0.060382,0.061997,0.067715
2015,7,36.742,33.454,26.899,28.966,24.606,29.571,39.908,25.303,22.976,21.959,20.762,21.19,18.363,16.336,18.174,19.837,52.373,45.795,41.566,26.933,42.674,43.109,45.275,42.84,41.035,24.9,11.469,14.052,9.2195,1.0184,0.17961,4.2096,0.17349,0.16054,11.182,7.2568,5.7715,0.21559,1.4177,0.32497,0.15483,0.15304,0.10922,2.0859,0.14242,0.14636,2.4617,0.14813,0.14906,0.14946,0.14965,0.15044,0.14741,0.14718,0.15295,0.1622,0.076981,0.020495,0.01222,0.010911,0.011019,0.011415,0.011101,0.020776,0.021995,0.021069,0.026673,0.023277,0.02748,0.025672,0.014052,0.018378,0.02712,0.031614,0.036641,0.034485,0.033594,0.032195,0.039669,0.047803,0.042092,0.048897,0.041037,0.041263,0.034151,0.026574,0.032169,0.030016,0.031416,0.034766,0.033225,0.027383,0.025051,0.026573,0.024128,0.023333,0.022938,0.02735,0.029831,0.030518,0.028585,0.025144,0.026463,0.029385,0.02902,0.034042,0.026237,0.026028,0.026189,0.026127,0.027879,0.033985,0.03818,0.03236,0.026325,0.030227,0.032621,0.026006,0.026265,0.026093,0.027004,0.043996,0.034874,0.024561,0.025822,0.057088,0.051681,0.025987,0.029905,0.076676,0.074614,0.071154,0.091548,0.085948,0.084223,0.067805,0.065754,0.074337,0.059665,0.042218,48.113,20.762,5.0287,0.49715,1.0414,5.6972,20.743,26.278,22.567,20.938,2.266,21.949,1.598,0.057032,2.0096,0.074612,0.087233,2.5958,6.7002,2.2553,1.3129,1.5357,4.1498,1.1597,0.52806,0.12115,0.88278,0.067885,0.57264,0.044719,0.042976,0.039205,0.11605,0.12454,0.10351,0.12949,0.07858,0.09595,0.087839,0.068111,0.077717,0.0491,0.048644,0.05061,55.709,55.518,44.084,21.409,3.271,0.07667,0.13479,0.10587,0.13756,14.964,20.808,29.552,38.015,39.537,37.171,27.901,25.909,35.144,35.894,30.517,12.685,27.975,12.818,4.1878,20.47,3.1493,42.947,13.183,0.12012,0.084694,1.7667,0.11683,0.1411,0.13422,0.12203,0.11224,0.092132,1.0739,0.12075,0.059876,0.11674,0.10148,0.10916,0.10452,0.10469,0.11197,0.11628,0.54066,0.097555,0.11431,0.063734,0.032487,0.047425,0.10735,0.061702,0.067579,0.079998,0.13164,0.025805,0.12404,0.11633,0.12729,0.15017,0.09811,0.12424,0.15916,0.16457,0.13561,0.12997,0.12676,0.035935,0.032316,0.036656,0.025983,0.02625,0.03459,0.025616,0.025514,0.02467,0.024488,0.034626,0.028936,0.02473,0.024291,0.028432,0.026943,0.024504,0.023626,0.024232,0.023293,0.022456,0.021736,0.022396,0.032731,0.025748,0.027637,0.040218,0.04078,0.027935,0.024479,0.023428,0.02331,0.022212,0.021505,0.022262,0.02144,0.022447,0.021983,0.024658,0.022437,0.023036,0.025161
2015,8,119.62,112.47,72.347,61.237,90.392,101.06,150.08,198.84,190.93,210.11,204.53,207.68,197.8,192.21,199.83,194.92,172.04,177.45,180.77,182.97,145.7,146.36,166.22,169.03,177.69,181.79,162.57,163.17,166.12,152.89,135.25,159.8,142.94,155.2,182.81,178,177.63,176.04,176.96,163.28,140.41,80.261,191.6,200.88,106.15,91.794,180.19,111.04,81.048,58.066,71.824,61.528,23.617,21.39,41.022,11.704,0.028604,21.834,7.7552,14.177,17.117,22.081,25.555,51.36,35.676,27.646,35.315,35.265,38.871,34.919,26.485,13.038,20.869,21.533,27.277,19.497,22.553,25.429,72.498,80.264,76.504,84.825,71.754,62.413,41.976,42.388,22.62,22.251,18.405,29.96,55.087,64.039,42.467,28.748,29.396,29.527,28.447,41.48,36.977,35.66,36.377,53.198,35.806,88.329,78.222,86.81,71.08,59.402,159.63,127.83,122.91,143.38,178.44,93.619,87.512,133.66,121.49,74.959,80.769,118.61,105.68,186.79,166.34,154.26,123.22,233.6,210.74,157.13,134.69,236.5,211.39,137.44,211.06,139.81,193.01,131.07,135.11,157.07,96.327,80.736,122.09,91.489,163.6,145.42,134.27,134.8,142.24,168.13,171.6,153.14,112.01,98.044,83.679,89.808,127.43,136.87,116,216.03,207.67,221.28,224.56,229.77,211.48,226.79,194.84,147.13,247.67,244.56,264.54,233.98,220.88,250.1,178.71,152.28,102.15,173.55,87.786,132.51,174.38,216.73,83.386,78.983,59.67,83.809,157.55,162.52,162.02,154.03,150.76,148.03,158.82,131.17,175.87,125.92,127.11,121.95,132.01,142.52,158.05,184.1,149.92,179.47,177.77,177.36,181.69,178.32,184.51,170.38,184.8,170.24,169.59,166.27,116.04,154.63,209.41,130.03,152.5,177.48,223.26,196.17,175.67,222.13,234.16,137.23,229.07,160.58,164.47,170.32,178.18,218.3,168.12,230.9,213.19,182.12,197.94,142.89,99.43,201.09,132.16,144.17,145.84,168.55,40.024,68.811,26.656,141.3,62.728,27.379,8.1538,38.389,8.1034,9.5994,42.623,2.7485,213.31,197.08,185.79,116.8,130.02,161.41,84.245,105.35,60.072,63.967,188.66,148.31,113.11,67.08,75.288,70.321,59.649,36.849,58.641,43.575,44.887,42.234,39.58,86.908,68.947,78.09,93.954,96.289,78.333,62.453,36.013,42.687,29.973,39.452,25.668,41.346,47.825,46.879,41.008,19.054,22.996,36.168
2015,9,64.847,46.721,40.247,45.473,50.128,46.757,42.068,34.381,33.201,32.102,32.666,32.961,34.666,35.731,34.752,37.734,40.393,40.513,40.296,39.875,78.468,59.576,54.262,56.443,44.604,51.257,47.29,47.261,48.224,49.504,44.013,52.223,49.283,48.777,49.776,50.619,49.805,47.554,48.668,46.455,43.113,32.903,60.58,53.196,35.748,32.205,47.302,35.33,29.226,24.735,28.096,26.968,15.204,14.235,20.952,9.915,0.010629,12.626,6.2243,9.4771,9.6795,11.791,12.649,18.193,14.532,12.583,13.883,14.11,14.605,13.867,12.608,7.6189,10.118,10.245,11.811,9.6767,10.576,11.38,22.265,23.004,22.482,23.483,21.114,19.411,15.223,15.603,10.686,10.516,9.3785,12.735,18.128,19.241,14.991,12.018,12.161,12.189,11.95,14.46,13.676,13.432,13.566,16.315,13.477,21.849,20.015,20.974,19.384,17.926,36.472,33.728,31.35,32.505,35.027,22.979,22.63,28.704,26.515,20.457,22.429,26.845,25.465,34.89,32.817,34.185,31.807,37.531,37.062,34.35,32.798,38.248,37.97,33.938,38.809,35.481,39.201,39.736,40.723,44.007,43.136,41.893,110.96,95.454,102.83,98.671,93.318,91.618,95.993,93.943,93.198,93.276,83.699,97.992,80.971,77.52,75.966,74.029,64.469,83.52,88.055,78.811,76.699,75.459,80.055,70.896,73.97,60.588,49.274,42.138,52.691,39.112,42.509,38.461,56.847,60.729,56.442,74.096,52.102,54.956,51.67,42.543,45.247,42.959,39.562,42.399,117.92,116.2,112.68,104.27,101.05,100.51,97.517,92.489,86.367,76.273,80.148,96.892,94.126,88.333,81.282,69.446,77.812,78.752,81.875,68.526,66.062,70.409,68.48,75.335,73.876,78.676,98.742,102.01,79.654,70.747,68.652,77.976,76.914,67.125,66.185,58.891,66.988,71.993,59.446,69.601,59.301,60.581,55.41,56.732,56.822,57.364,48.543,68.953,49.239,46.933,39.589,32.759,27.574,44.976,32.883,36.017,36.483,36.875,17.831,25.072,15.988,44.685,26.574,15.858,7.339,20.332,7.6229,8.32,19.656,2.9957,37.777,37.163,38.15,34.126,35.515,37.568,28.511,28.515,19.607,18.472,37.588,32.368,28.42,20.687,20.815,20.297,17.882,13.655,17.69,14.799,15.005,14.583,14.138,25.5,23.097,24.132,25.895,25.294,22.412,19.102,13.498,14.686,12.286,14.115,11.302,14.437,15.448,15.308,14.381,9.5248,10.628,13.527
2015,10,246.25,211.49,186.88,164.79,192.72,202.6,172.96,149.86,141.32,139.38,138.81,139.1,134.98,131.07,129.1,106.91,143.19,124.41,120.91,109.1,238.81,209.24,173.69,171.1,116.01,104.92,71.048,69.583,64.6,57.327,63.733,55.796,55.872,53.645,63.334,57.102,56.262,53.261,54.146,49.659,44.162,31.832,61.493,36.335,23.029,21.333,37.269,29.578,20.008,17.401,22.713,23.031,11.708,10.531,15.58,11.216,0.71286,16.635,9.9394,11.854,8.5431,11.305,10.432,16.033,10.246,8.9175,6.9803,7.9033,7.367,7.213,9.5394,4.1798,4.286,3.9168,5.1121,4.0176,4.5237,5.0637,24.257,23.558,22.83,23.515,18.146,15.113,8.2359,9.7533,5.3003,4.5719,4.2936,7.321,13.315,13.614,7.1918,4.4655,4.5186,4.5293,4.4404,5.3728,5.0817,4.991,5.0407,6.1324,5.0182,9.8268,8.1937,8.7339,8.058,7.4016,23.57,22.524,19.636,19.697,21.333,11.047,11.116,16,13.858,9.2149,11.478,14.47,12.852,20.506,18.221,20.155,18.907,21.78,21.79,20.131,19.255,21.811,21.369,19.541,21.837,23.668,27.059,51.829,55.907,57.25,87.454,98.611,213.72,156.96,121.75,130.94,153.27,169.5,177.55,142.59,135.53,153.62,136.32,164.72,131.75,120.92,116.01,108.76,94.124,81.848,82.434,78.47,78.479,79.038,77.097,71.177,75.317,66.527,38.103,28.104,45.097,24.828,31.983,24.184,58.378,66.942,79.977,93.604,92.67,80.212,59.262,34.127,84.661,98.294,96.932,95.221,216.71,220.44,210.43,182.74,144.1,115.82,97.779,83.683,80.771,256.05,259.97,279.52,268.13,249.96,221.43,170.37,226.46,184.84,187.07,179.38,160.24,178.93,155.92,148.55,150.47,136.13,201.2,155.61,83.74,104.26,84.536,67.758,69.441,49.722,38.416,36.105,39.698,41.088,33.437,41.587,33.05,38.725,31.614,32.268,32.169,31.709,29.419,68.571,42.554,40.251,26.797,22.738,22.867,29.622,25.928,29.703,31.334,26.923,24.439,23.163,15.757,27.976,19.857,17.118,10.604,16.815,9.7855,11.886,21.421,7.1636,23.563,23.148,24.697,23.651,24.423,24.835,20.026,19.047,10.709,8.598,22.702,20.364,18.877,14.71,12.781,13.219,8.8932,5.0754,8.6739,5.4991,5.5756,5.4188,5.2532,32.467,30.504,29.793,30.985,26.629,20.49,13.172,5.0155,5.4752,4.5652,5.245,4.1994,5.3644,5.7401,5.6881,5.3435,3.5392,3.949,5.0262
2015,11,62.014,65.168,78,105.95,101.4,82.239,80.305,121.14,130.46,130.64,128.54,125.97,119.05,114.44,117.14,94.354,62.316,59.144,63.087,69.942,59.644,61.372,61.557,61.495,56.593,53.766,44.96,44.634,57.14,60.78,75.899,61.813,57.798,68.451,47.318,62.959,63.182,72.781,69.306,62.506,49.645,31.777,27.132,16.545,10.825,10.138,18.095,17.851,9.6255,8.5332,14.453,16.864,6.3472,5.4656,7.8067,6.2957,0.66412,8.9662,5.9841,6.8681,5.9765,6.962,6.6975,9.5819,7.1456,6.3129,5.5231,5.9709,5.7366,5.6076,6.4654,3.78,4.3394,4.6559,4.3617,3.5516,3.9231,4.2542,12.031,11.884,11.614,11.847,10.021,9.2572,6.3333,7.04,4.4349,4.0398,3.7574,5.5842,7.9759,7.0732,3.4084,1.6593,1.679,1.683,1.6499,1.9964,1.8882,1.8546,1.873,2.2787,1.8646,4.0504,3.1517,3.4004,3.1434,2.8823,11.062,10.675,9.2889,9.2323,9.9678,4.7672,4.8632,7.371,6.2303,3.8201,5.1361,6.5944,5.6164,9.5052,8.2961,9.3481,8.8116,10.028,10.07,9.3192,8.9299,9.9844,9.7398,8.9885,9.9484,11.16,12.622,19.659,20.47,20.913,24.824,25.761,62.821,50.511,42.785,43.434,44.846,46.108,48.119,41.747,40.555,43.805,40.592,51.889,41.042,37.646,34.496,32.53,28.452,27.137,27.783,26.168,26.022,26.008,26.276,24.645,25.986,23.302,16.729,12.994,18.779,11.566,14.55,11.276,21.734,23.361,25.139,29.532,26.216,24.881,21.66,15.306,24.642,25.806,25.372,25.5,86.21,90.199,82.915,62.639,49.25,41.172,33.823,29.11,27.304,59.705,58.896,55.156,56.704,58.766,61.659,66.354,64.284,69.891,70.674,64.775,63.658,65.228,61.854,61.819,58.86,54.706,77.056,59.64,28.811,40.757,35.658,24.926,24.765,20.435,17.019,16.098,17.451,17.875,15.029,17.987,14.867,17.311,14.318,14.579,14.533,14.31,13.455,24.253,18.018,17.28,12.479,10.837,11.083,13.6,12.256,13.703,14.302,12.6,11.766,11.246,8.2462,12.894,9.699,8.8914,6.1837,8.5173,5.7054,6.7677,10.615,4.6862,10.991,10.809,11.544,11.208,11.52,11.637,9.6871,9.1929,5.0563,3.8401,10.54,9.6313,9.1205,7.507,6.3968,6.7216,4.1971,1.8859,4.0683,2.0433,2.0718,2.0135,1.952,14.353,13.703,13.526,13.936,12.531,10.215,6.8254,1.8636,2.035,1.6963,1.9489,1.5604,1.9933,2.1329,2.1136,1.9855,1.3151,1.4673,1.8676
2015,12,223.79,275.63,263.58,248.76,246.8,261.82,307.12,294.29,284.25,291.2,285.79,286.81,278.93,275.33,277.65,262.07,349.85,324.37,306.23,268.03,177.4,255.15,260.35,234.94,295.91,188.36,175.5,176.26,196.25,205.6,230.89,215.09,201.41,202,167.87,186.88,183.84,182.49,185.71,170.48,143.87,95.468,52.581,61.857,16.817,15.606,64.495,48.781,17.471,11.569,36.7,47.694,10.75,6.6948,6.6469,5.1662,0.24677,3.4494,2.2381,2.6335,2.7773,2.9482,2.9992,4.2108,3.4878,3.0844,3.095,3.1879,3.188,3.091,3.0477,2.203,2.7774,3.1234,2.646,2.2344,2.4151,2.5484,4.6807,4.7734,4.5852,4.6867,4.1648,4.1753,3.4226,3.5785,2.5572,2.4857,2.2719,2.9605,3.504,2.6282,1.2665,0.61655,0.62388,0.62536,0.61308,0.74182,0.70163,0.68911,0.69597,0.84679,0.69286,5.3455,3.3541,5.034,2.4104,1.2932,20.674,14.246,11.223,16.124,30.881,7.6479,5.8769,19.954,15.37,3.1756,4.062,13.172,3.1931,31.567,13.002,9.1454,5.8481,39.599,34.35,8.3087,5.6421,29.803,11.39,3.689,6.4398,4.5303,5.8295,7.6793,7.973,8.3993,9.224,9.5722,35.737,27.514,21.952,22.608,24.169,25.567,26.508,26.421,24.527,23.624,21.851,28.819,21.206,19.42,17.097,15.869,12.39,38.54,42.676,38.76,36.384,37.962,34.594,34.086,17.542,9.1234,42.632,41.604,47.529,46.249,31.804,48.867,13.779,9.7014,9.8101,14.331,9.9379,9.3725,12.448,18.143,9.1584,9.589,9.4277,9.4754,83.942,85.883,70.902,45.017,29.844,23.475,22.541,24.661,25.88,195.56,184.9,137.86,136.97,134.81,119.28,86.664,148.88,85.626,85.33,111.88,83.777,96.257,79.662,68.956,74.168,64.32,87.953,57.326,32.256,59.859,63.765,36.97,31.778,44.523,72.176,50.588,53.472,91.297,66.268,51.496,61.638,44.443,30.04,33.84,34.698,50.898,34.226,34.345,25.558,26.847,20.993,8.9874,10.811,43.979,15.147,15.928,22.238,40.635,4.5249,19.972,5.6442,27.467,8.6593,7.0826,3.406,8.5077,4.6599,5.311,17.91,2.5501,42.975,35.67,29.982,11.789,15.435,19.888,5.9868,13.701,3.1707,7.6378,10.996,12.886,8.266,9.6249,22.166,15.433,5.8403,0.70076,3.8982,0.75926,0.76982,0.74816,0.72531,5.3331,5.0919,5.0261,5.3115,5.9048,5.0934,3.7547,0.69248,0.75617,0.63032,0.72417,0.57981,0.74066,0.79253,0.78535,0.73778,0.48865,0.54523,0.69396
2016,1,44.253,41.295,43.951,43.605,43.156,42.503,39.836,46.005,47.55,47.688,46.925,46.318,44.092,42.736,43.202,38.175,36.842,36.095,36.04,35.753,36.826,38.091,35.636,34.793,35.374,32.187,30.775,30.77,32.461,32.936,34.559,33.297,32.594,33.169,30.612,32.381,32.26,32.626,32.612,31.558,29.405,24.543,18.746,18.864,8.9123,8.4448,19.494,17.38,9.1562,6.727,14.806,17.189,6.4052,4.2983,4.0459,3.2109,0.091695,1.2896,0.83162,0.97853,1.032,1.0955,1.1144,1.5646,1.296,1.1461,1.15,1.1845,1.1846,1.1486,1.1325,0.81857,1.032,1.1606,0.98318,0.83027,0.8974,0.94691,1.7392,1.8272,1.7038,1.7585,1.5475,1.5515,1.2718,1.3297,0.95021,0.92361,0.84417,1.1,1.302,0.97659,0.4706,0.22909,0.23182,0.23237,0.22781,0.27564,0.26071,0.25606,0.25861,0.3147,0.25745,3.5888,2.3054,3.4534,1.5572,0.61252,10.274,7.8738,6.5278,8.6537,13.035,4.9106,3.8486,9.9747,8.3766,2.068,2.5571,7.4983,1.7838,13.168,7.3888,5.4283,3.3766,14.854,13.811,4.9435,3.2089,12.781,6.5898,1.5752,3.6556,1.9065,2.7746,3.0684,3.1748,3.4754,3.4274,3.5568,15.887,12.356,9.6321,9.9952,10.836,11.549,11.935,12.243,11.365,10.606,9.8248,12.975,9.3396,8.5728,7.4675,6.9405,5.1254,15.764,16.728,15.732,15.173,15.533,14.77,14.538,8.8269,3.6276,15.885,15.431,16.898,16.132,13.484,16.528,7.1543,4.1394,3.7964,6.4128,3.6949,3.5329,6.3752,9.4006,3.403,3.5631,3.5031,3.5208,27.26,27.648,25.234,19.069,13.574,10.73,10.759,11.825,12.26,44.016,42.998,38.111,36.695,34.69,30.798,26.58,34.681,26.681,26.693,28.962,26.067,27.575,25.46,23.946,24.57,22.837,27.348,21.861,14.329,21.168,21.333,15.3,13.968,16.513,20.08,17.185,17.743,21.981,19.207,17.476,18.627,16.286,13.044,13.956,14.144,17.086,13.98,14.589,11.957,12.311,10.402,5.2217,6.2255,15.9,8.2257,8.5277,10.839,15.225,1.7439,10.044,3.303,12.322,5.1207,4.217,1.864,5.1255,2.9229,3.2543,9.319,1.3982,15.534,14.132,12.9,6.72,8.3585,10.021,3.3606,7.6716,1.8626,4.9669,6.3518,7.3006,4.9347,5.8064,10.624,8.3994,3.8899,0.26039,2.5842,0.28212,0.28605,0.278,0.26951,1.9817,1.892,1.8676,2.0536,2.8585,2.5797,2.0456,0.25731,0.28098,0.23421,0.26909,0.21544,0.27521,0.29449,0.29182,0.27414,0.18157,0.2026,0.25786
2016,2,18.997,17.329,19.117,24.496,18.251,18.212,17.119,19.447,20.182,20.235,19.898,19.614,18.524,17.809,18.065,19.621,16.145,17.293,20.565,16.176,15.399,15.484,13.5,13.081,33.149,15.708,15.788,20.968,32.366,35.219,21.765,54.819,30.594,46.912,34.909,58.021,54.419,55.605,56.094,57.251,52.323,34.081,10.546,45.421,18.755,19.607,37.629,34.603,28.034,25.713,34.983,31.292,18.791,19.872,9.7031,4.0056,0.034072,2.4766,0.30901,0.38331,0.38347,0.40705,0.4141,3.4931,0.92378,0.42623,0.44603,0.5427,0.54657,0.44818,0.4208,0.30416,0.38347,0.43125,0.36533,0.30851,0.33345,0.35185,1.066,1.8021,0.91484,1.3265,0.63268,1.1516,0.47256,0.85986,0.35308,0.34319,0.31367,0.40875,0.4838,0.36288,0.17486,0.085126,0.086139,0.086342,0.084648,0.10242,0.096873,0.095145,0.096092,0.11694,0.095662,1.3335,0.85665,1.2832,0.57863,0.2276,3.8177,2.9257,2.4256,3.2155,4.8435,1.8247,1.43,3.7064,3.1125,0.76843,0.95015,2.7862,0.66283,4.893,2.7455,2.017,1.2547,5.5196,5.1319,1.8369,1.1924,4.7493,2.4486,0.58531,1.3583,0.70842,1.031,1.1401,1.1797,1.2914,1.2736,1.3216,5.9034,4.5911,3.579,3.714,4.0265,4.2912,4.4349,8.067,7.3117,4.4406,3.6506,4.821,3.4704,3.1855,2.8279,2.765,1.9045,5.8577,6.2158,5.9349,5.6877,5.8219,8.5406,8.0512,13.679,6.2118,8.3669,5.8527,6.3125,5.9943,5.0105,6.1413,2.8433,4.1649,1.4107,6.388,1.3729,1.3127,2.3709,3.4931,1.2645,1.3239,1.3017,1.3083,10.129,10.273,9.3765,7.0857,5.0439,3.987,3.9977,4.394,4.5555,18.959,18.551,16.535,15.797,14.633,12.16,9.8764,14.291,9.9141,9.9186,10.761,9.6859,10.246,9.4603,8.8978,9.1297,8.4855,10.162,8.1229,5.3244,7.8657,9.0706,5.685,5.1901,6.1359,23.58,7.1984,13.346,31.351,13.467,8.9057,12.781,10.072,11.093,9.4112,10.216,12.361,14.131,5.4211,4.4428,4.5743,3.865,1.9402,2.3132,6.1125,3.0565,3.1687,8.2754,21.745,0.69377,18.822,2.8865,19.686,4.9111,5.2011,0.97766,5.9329,2.6562,3.3291,19.476,0.93917,5.772,5.2512,4.7935,2.497,3.1058,3.7235,1.2487,2.8506,0.6921,1.8456,2.3602,2.7127,1.8336,2.1575,3.9477,3.121,1.4454,0.096753,0.96022,0.10483,0.10629,0.1033,0.10014,0.73634,0.70303,0.69394,0.76307,1.0621,0.95856,0.76008,0.09561,0.1044,0.087027,0.099986,0.080054,0.10226,0.10942,0.10843,0.10186,0.067468,0.07528,0.095815
2016,3,11.422,6.4392,8.8209,17.436,6.8285,6.9593,6.961,7.2262,7.4993,7.519,7.3938,7.2881,6.883,6.6222,6.7216,9.0857,7.1505,8.0393,9.9199,7.2901,8.9119,5.7537,5.0197,4.8607,17.21,7.4135,7.6044,10.321,14.371,15.17,10.567,19.253,13.852,17.805,14.993,19.643,19.068,19.287,19.364,19.459,18.504,14.516,6.2356,22.289,9.6036,9.8818,15.315,14.28,12.31,11.612,14.222,13.487,9.5812,9.8819,6.0127,2.7748,0.01266,1.9068,0.11482,0.15442,0.14249,0.15125,0.15387,2.6177,0.59965,0.1586,0.17711,0.26343,0.26717,0.17954,0.15636,0.11302,0.14249,0.16024,0.13575,0.11463,0.1239,0.13074,0.64007,1.275,0.50625,0.87345,0.26999,0.75656,0.17559,0.53339,0.1312,0.12752,0.11655,0.15188,0.17977,0.13484,0.064975,0.031631,0.032007,0.032083,0.031453,0.038058,0.062752,0.10513,0.035705,0.04345,0.035546,2.0232,1.6616,3.3521,0.57286,0.08457,4.6672,1.301,1.4163,5.2809,14.798,3.2335,1.8352,12.394,9.7183,0.62402,0.62007,7.2765,0.99476,21.087,9.4918,3.0379,0.4662,31.763,25.063,2.7856,0.44306,28.296,11.967,0.21749,8.1976,0.26323,5.2614,0.81223,1.6372,5.1938,0.51183,0.49108,47.744,11.569,1.7746,1.38,2.8129,8.2307,19.45,27.364,22.665,18.955,4.3531,14.875,1.8636,1.3814,4.8804,3.4419,0.74656,10.388,13.415,12.696,11.805,13.249,15.974,16.532,13.468,5.5788,23.231,21.577,25.571,25.241,16.716,35.656,3.0189,3.7779,0.52417,8.8441,0.51015,1.4622,6.5342,17.061,0.46985,0.49195,0.48367,0.48612,5.715,6.9474,3.5878,2.8605,1.8742,1.4815,1.4855,1.6327,2.0722,7.0448,6.893,6.1439,6.4433,10.313,10.654,8.1192,5.31,9.2264,8.4645,5.2748,3.6279,6.2702,3.7299,3.3062,6.1906,3.153,6.8869,3.0183,1.9784,2.9227,7.7443,2.1124,1.9285,2.2799,11.947,3.1275,7.1831,18.506,7.1531,4.4542,6.8147,5.3943,6.2566,5.2025,5.6782,6.6867,7.7314,9.2127,4.7848,1.6997,2.2791,0.72095,0.85955,2.3929,1.1357,1.1774,4.7863,10.692,0.28554,9.638,1.9197,9.959,3.1764,3.4766,0.53147,3.8583,1.7958,2.2718,9.8519,0.59289,21.963,16.865,10.77,0.92783,1.6547,3.833,0.46399,1.0592,0.25717,0.68577,1.0111,1.008,0.68134,0.80168,1.4669,1.1597,0.53707,0.035951,0.3568,0.038952,0.039494,0.038383,0.037211,0.27361,0.26123,0.25785,0.28354,0.39467,0.35618,0.28243,0.035527,0.038794,0.032337,0.037152,0.029746,0.037998,0.04066,0.040291,0.03785,0.02507,0.027972,0.035603
2016,4,370.2,374.16,312.88,365.1,372.72,383.25,512.73,485.19,456.38,468.99,460.71,469.99,455.07,446.59,456.56,489.88,627.55,627.06,618.3,532.89,456.51,488.11,544.4,524.47,631.07,471.07,442.25,462.95,437.78,396.97,382.76,429.2,393.24,364.08,424.41,398.52,383.79,326.71,345.48,334.04,324.31,275.65,279.82,293.45,201.47,201.95,309.18,264.16,216.65,208.45,233.77,240.12,201.79,198.44,166.01,93.777,41.881,118.77,94.28,112.64,113.72,127.28,134.42,147.19,120.03,111.42,99.152,111.15,103.08,102.93,123.66,82.249,63.04,45.783,73.716,63.503,69.125,76.27,147.49,154.54,145.07,153.25,132.15,125.5,90.948,111.14,67.415,70.748,61.709,75.311,109.59,113.08,68.206,34.643,31.29,29.313,24.32,46.858,46.505,46.087,44.393,57.955,40.522,96.528,84.604,91.981,78.983,67.528,176.38,157.05,144.33,156.12,184.98,104.15,101.8,149.88,134.3,86.31,101.33,137.58,158.45,219.6,229.96,227.85,200.17,265.88,253.68,232.74,215.97,288.82,300.25,244.05,319.74,232.98,272.89,124.06,116.77,141.32,25.553,1.9475,285.35,214.38,280.38,268.4,281.66,297.7,308.61,315.45,310.04,297.35,235.86,230.71,186.6,185.29,224.77,227.4,169.91,345.77,336.04,344.19,347.37,357.35,316.66,325.02,267.8,219.34,271.37,237.72,300.2,226.19,251.41,256.76,239.86,219.75,126.7,246.31,69.171,124.52,181.04,250.44,39.97,5.4082,0.63246,6.7767,312.55,327.07,304.14,288.48,267.63,254.56,272.14,244.55,301.33,316.96,322.96,373.5,413.24,417.69,402.95,368.5,336.46,373.49,368.54,395.79,339.54,373.68,337.42,292.82,348.83,290.09,345.13,270.59,236.84,278.91,315.69,240.05,266.41,245.86,276.87,231.75,261.34,300.78,257.35,230.56,250.49,242.88,212.7,207.58,213.39,236.85,215.09,336.16,260.13,227.89,198.87,157.35,149.57,221.84,168.43,180.77,204.07,232.3,127.21,171.95,116.61,208.58,152.02,119.15,80.46,134.85,77.996,80.318,138.57,61.404,212.96,209.82,195.33,144.82,156.57,176.77,121.9,156.43,97.408,138.09,179.7,179.16,159.73,164.81,207.37,187.85,141.46,66.502,125.87,53.236,38.933,35.077,38.489,150.77,131.85,145.38,161.25,168.47,153.45,136.47,49.354,63.235,24.509,29.857,19.136,30.743,37.816,35.665,39.615,12.252,17.61,36.476
2016,5,86.269,92.169,84.457,67.043,61.533,75.27,84.627,71.503,67.547,69.014,67.018,67.25,63.731,61.934,63.519,66.965,100.27,96.054,92.277,80.673,83.486,89.832,91.356,89.504,94.091,81.587,74.781,74.627,59.809,49.895,46.23,48.035,50.335,43.996,61.757,50.728,50.195,42.952,44.572,41.344,39.118,33.15,45.014,38.422,27.462,27.094,40.35,33.135,27.691,27.191,29.315,29.689,26.679,26.504,24.863,20.545,14.525,22.112,20.29,21.542,21.607,22.382,22.752,23.655,22.033,21.467,20.653,21.464,20.936,20.916,22.186,19.319,17.418,15.154,18.538,17.467,18.076,18.781,24.073,24.549,24.285,24.977,23.937,22.719,20.117,21.515,17.897,18.243,17.263,18.801,22.461,24.619,22.02,15.625,17.337,18.305,16.976,27.463,28.821,28.878,27.388,28.002,23.994,33.275,32.171,33.39,30.856,28.72,39.726,37.013,36.678,38.905,42.801,33.975,33.83,41.401,39.305,31.731,34.497,39.978,45.052,49.303,52.243,50.33,48.588,56.001,53.616,51.276,50.693,59.517,61.533,57.947,65.346,59.877,63.596,51.102,50.151,51.914,29.671,9.9535,62.151,44.097,66.955,66.687,68.04,69.801,71.303,70.75,69.314,66.36,51.231,48.964,40.719,41.349,48.391,50.894,44.438,48.622,50.085,48.548,48.47,48.692,50.765,49.849,53.316,47.905,49.2,48.436,51.758,48.569,53.229,56.229,48.007,47.184,41.488,55.552,36.37,43.55,48.614,59.43,31.848,14.966,5.6858,17.023,36.294,35.65,37.27,50.347,58.633,60.191,54.165,44.569,45.494,77.513,77.077,75.834,77.908,80.09,81.026,80.667,74.44,71.879,67.736,82.294,77.358,80.788,73.496,60.91,71.227,56.856,48.907,42.081,45.027,57.758,55.127,41.261,41.943,39.553,39.748,38.665,37.653,38.987,36.325,33.636,35.054,36.016,31.397,31.141,31.276,33.069,29.147,47.438,46.354,43.525,41.423,38.101,38.055,38.559,34.147,30.885,28.393,28.551,22.438,25.541,21.987,28.451,23.938,22.318,19.206,23.215,19.114,19.376,24.118,17.273,46.141,45.675,42.355,35.48,36.575,38.786,33.743,37.094,31.853,37.033,38.702,38.772,37.694,38.726,41.737,39.688,36.332,28.084,34.251,25.919,22.089,20.29,21.483,27.183,26.565,28.499,27.598,29.991,31.832,32.601,22.735,26.198,16.722,18.484,14.511,18.799,22.002,20.921,24.229,11.057,14.572,23.465
2016,6,77.209,86.103,92.268,112.16,112.76,102.01,101.85,122.66,123.55,125.5,122.57,121.96,114.48,109.66,111.87,102.11,91.772,92.81,96.776,100.14,86.115,84.857,93.318,96.683,94.985,100.48,93.842,92.233,76.685,60.589,59.515,54.829,61.043,49.094,75.522,60.216,59.684,47.814,50.52,45.335,42.506,32.162,55.317,34.635,15.608,13.86,43.291,31.366,14.338,14.144,21.802,23.638,15.658,13.881,9.3574,7.6339,5.397,8.2165,7.5394,8.0047,8.0288,8.3165,8.4546,8.7897,8.187,7.9768,7.6742,7.9768,7.7795,7.772,8.2437,7.1785,6.4721,5.6309,6.8882,6.4905,6.7166,6.9787,9.3101,9.535,9.5611,9.9541,9.5764,8.6539,7.5202,8.0078,6.6502,6.7785,6.4145,7.0514,8.9434,10.514,9.8407,6.9419,8.281,8.9222,8.4101,12.875,13.376,13.396,12.836,13.141,11.458,15.256,14.695,15.15,14.171,13.309,19.578,17.585,17.23,18.305,20.695,15.464,15.508,19.245,18.016,14.578,16.113,18.669,20.421,23.096,23.397,22.993,22.221,26.256,24.922,23.258,22.794,26.338,25.635,23.837,25.894,24.782,26.662,25.395,25.468,26.609,19.214,10.791,38.484,26.219,39.876,39.993,40.788,41.679,42.17,40.788,39.984,38.954,30.688,29.634,23.959,24.385,28.172,29.825,26.066,38.536,38.328,37.269,37.23,37.728,35.363,34.756,31.678,27.416,28.148,25.87,32.784,25.469,30.145,29.285,29.702,27.943,24.672,32.068,22.525,25.516,27.987,28.859,20.797,13.481,7.9269,14.321,29.1,29.289,30.154,36.251,38.323,38.699,38.446,36.249,37.181,72.338,73.326,78.112,82.343,88.608,101.08,123.97,85.911,107.58,99.86,117.6,122.33,119.53,115.52,94.371,106.76,82.078,59.727,40.103,43.49,78.869,70.601,33.556,33.34,27.468,25.304,22.498,23.769,18.974,17.5,16.622,16.527,28.12,20.757,17.333,16.4,15.466,12.47,35.463,27.179,23.638,19.96,16.882,16.797,17.338,15.237,13.582,11.684,11.159,8.3638,9.4906,8.1698,14.55,8.8946,8.2927,7.1365,8.6263,7.1025,7.1995,8.9616,6.4181,23.486,22.805,20.847,16.917,17.408,18.549,15.974,17.041,14.9,16.659,18.985,18.054,16.876,17.046,18.142,17.401,16.241,13.152,15.376,12.391,10.894,10.135,10.512,11.65,11.499,12.526,11.797,13.185,14.233,14.659,10.712,12.228,8.3438,9.3202,7.3233,9.4967,10.903,10.461,11.705,5.7171,7.4385,11.343
2016,7,70.041,64.389,59.817,50.393,51.216,56.965,56.897,60.899,60.789,62.468,61.668,61.689,59.889,58.78,59.409,58.773,55.577,55.341,56.684,58.562,74.725,65.57,64.388,67.265,58.523,67.319,61.411,60.414,53.923,47.196,45.566,44.915,47.711,39.787,56.903,45.479,44.695,37.29,39.735,40.288,44.254,46.715,72.493,66.312,59.642,58.1,66.688,57.299,56.304,54.891,52.479,50.805,53.383,53.423,48.491,18.879,4.1079,5.3392,10.26,15.549,28.132,24.625,34.171,17.847,23.27,23.406,33.6,33.449,33.145,32.737,30.141,31.476,29.511,27.853,29.193,27.692,28.899,30.363,44.663,46.466,54.628,59.096,64.981,44.101,43.011,32.611,40.675,32.52,38.276,50.21,67.673,90.065,104.73,99.776,115.32,122.64,125.15,129.84,130.33,129.91,129.65,132.44,130.74,140.48,135.83,136.12,135.84,135.09,201.12,173.17,167.47,177.97,204.46,140.3,150.93,191.32,174.07,143.79,175.08,194.51,203.87,216.73,214.09,216.33,214.55,239.41,227.44,216.55,213.33,223.05,201.93,190.9,185.25,182.91,187.31,166.58,164.67,157.73,121.61,115.41,62.954,40.974,72.99,73.378,74.556,75.352,75.004,75.357,75.035,71.631,55.478,46.547,42.47,46.419,57.218,64.503,68.06,78.405,70.602,80.797,84.802,89.177,72.462,92.149,69.871,72.035,176,218.42,184.17,240.1,225.59,261.3,117.32,77.717,76.488,73.552,88.932,94.318,132.9,197.49,109.04,112.23,108.49,116.72,56.787,54.494,55.948,65.345,69.22,68.039,62.398,54.037,67.871,72.563,73.377,77.445,78.707,80.448,84.345,90.819,78.166,86.015,83.343,86.471,90.466,89.058,88.886,79.237,84.078,73.916,68.312,59.383,65.971,74.866,74.071,58.489,67.213,58.266,49.43,53.386,47.505,39.61,40.705,37.335,38.696,55.659,53.681,47.236,45.492,40.467,44.669,110.5,162.09,109.84,182.31,176.35,136.46,76.671,95.935,72.315,35.554,25.114,21.751,16.268,18.519,55.283,43.987,12.133,10.608,32.35,14.772,8.0419,6.3047,6.0455,235.94,227.95,205.88,173.48,174.89,182.25,163.86,156.4,142.61,130.18,199.81,176.88,166.77,136.08,127.19,125.63,126.24,127.55,125.33,128.73,128.84,128.26,127.65,90.453,97.098,103.43,87.833,101.49,113.77,119.33,121.45,125.4,126.07,127.81,125.33,128.09,129.31,128.98,129.85,124.04,125.93,129.25
2016,8,58.209,55.617,58.633,57.197,57.683,57.94,51.722,53.309,53.803,53.346,52.73,52.232,50.191,48.748,49.033,46.511,45.707,44.79,46.103,47.489,56.968,53.068,50.968,52.158,47.631,52.082,49.614,48.154,39.948,33.008,31.453,30.416,33.472,27.36,42.757,32.846,32.273,26.438,28.066,26.829,27.367,25.314,46.176,36.778,25.52,23.484,36.791,27.888,22.464,22.035,23.624,23.883,22.3,21.988,19.26,11.835,5.4289,10.531,14.368,19.3,30.268,28.441,33.466,29.369,33.499,33.35,40.282,38.448,40.606,39.618,33.57,34.596,36.768,35.536,40.978,39.942,40.411,40.924,40.709,41.848,44.117,45.356,47.824,42.666,43.967,39.179,43.036,40.452,42.185,45.529,49.481,57.777,63.334,63.225,67.213,69.77,71.097,63.965,60.996,60.141,62.459,71.095,69.346,80.149,74.703,74.993,75.54,75.614,108.93,107.7,103.73,102.08,100.79,81.352,81.041,84.533,82.242,78.113,80.585,81.978,80.305,92.657,88.524,93.699,93.392,91.802,93.517,93.366,93.102,92.442,93.295,93.168,93.697,90.011,89.178,74.232,72.544,71.926,58.534,53.476,67.3,45.855,51.697,51.656,51.914,52.084,55.084,53.788,54.088,55.012,46.199,48.882,38.317,40.935,45.559,50.414,51.393,63.696,59.658,65.514,67.307,69.203,61.12,69.715,58.805,60.238,111.76,112.03,94.934,105.16,86.072,87.932,70.029,61.708,55.704,56.678,53.458,58.475,68.13,83.309,57.695,53.64,52.534,55.096,47.809,46.066,45.696,48.76,50.214,50.579,51.251,49.931,58.046,58.96,58.888,58.879,59.177,59.519,60.081,60.49,58.884,58.431,57.413,59.095,59.616,60.168,58.795,55.932,58.03,54.344,51.641,48.187,55.316,55.137,51.685,51.829,57.054,48.642,40.642,42.099,40.589,39.934,36.547,39.461,35.645,40.597,37.018,36.143,35.488,35.18,29.311,78.824,97.804,58.832,104.21,90.984,53.714,42.058,45.389,42.321,33.132,21.095,26.695,13.49,12.474,28.224,18.162,10.537,8.9577,15.228,10.076,7.3011,7.161,6.08,102.65,101.84,109.26,109.16,109.75,113.73,104.51,96.783,86.338,73.953,123.64,107.39,94.281,67.606,71.574,67.566,70.314,71.795,68.916,71.814,73.318,75.304,73.602,49.648,51.447,52.696,50.099,54.738,58.721,64.36,69.591,71.072,73.451,75.685,73.015,75.87,73.068,74.391,68.106,72.089,70.693,67.103
2016,9,22.231,21.524,21.978,21.329,21.454,21.755,20.516,21.004,21.102,21.062,20.893,20.783,20.245,19.863,19.96,19.633,19.991,20.01,20.255,20.523,23.258,21.739,22.181,22.938,21.585,24.65,23.541,22.747,18.875,15.867,14.728,14.653,16.176,13.193,21.207,15.95,15.643,12.815,13.611,13.018,13.354,12.336,28.084,24.432,17.071,15.014,22.523,15.137,12.882,11.804,11.907,11.796,10.986,10.905,11.217,8.6417,7.881,14.426,15.315,18.194,23.516,23.049,24.7,24.683,25.114,24.878,26.301,25.802,26.418,26.067,24.573,23.782,23.979,22.744,26.231,25.798,26.054,26.408,30.87,31.074,31.868,32.498,32.42,29.438,28.235,26.969,27.901,26.2,27.384,29.581,32.574,36.333,36.95,34.633,35.574,36.354,36.888,33.449,32.036,31.607,32.778,37.475,36.625,43.334,39.767,39.933,40.324,40.409,68.891,65.664,62.296,61.919,63.521,44.015,44.909,51.026,47.787,42.545,47.092,49.737,49.551,58.745,55.74,59.391,59.092,60.308,60.254,59.188,58.747,59.041,57.534,56.62,56.248,55.03,55.182,49.12,48.53,50.654,41.882,38.643,51.672,78.593,31.456,31.516,32.258,32.653,35.475,36.521,37.476,42.585,60.265,66.711,81.117,77.26,68.969,61.037,65.637,48.704,46.757,52.513,53.505,53.925,52.758,58.329,56.142,64.689,74.137,74.791,67.877,70.768,64.424,62.441,63.114,63.294,62.074,52.776,54.605,56.081,59.96,58.66,48.317,40.7,40.48,40.031,26.224,25.692,26.444,28.967,30.473,31.843,36.191,39.165,44.84,22.884,22.941,23.335,23.673,24.188,25.44,28.281,24.443,27.804,27.727,26.926,28.375,27.531,28.532,30.112,29.499,30.887,26.783,29.8,40.509,32.321,30.211,39.136,44.113,37.99,30.233,32.412,28.945,28.975,29.154,27.426,28.576,27.973,26.307,26.286,26.086,27.856,23.791,57.446,65.596,40.992,68.023,57.237,30.265,28.952,28.658,29.722,28.45,22.22,25.318,14.709,11.981,20.943,12.942,11.747,9.6472,10.392,8.0827,8.1599,9.7947,7.2074,68.279,66.693,69.642,66.062,66.481,70.48,63.296,58.359,49.107,41.602,81.5,68.789,59.023,39.498,42.414,39.874,40.6,38.672,39.455,37.864,37.883,38.697,38.194,35.78,37.039,37.189,35.89,37.24,37.674,39.147,37.393,38.55,37.924,38.744,37.681,38.785,37.575,38.13,35.372,37.233,36.593,34.933
2016,10,31.087,38.958,47.617,45.594,43.252,43.951,30.724,29.866,30.488,29.046,30.12,29.924,32.074,33.108,31.362,34.091,22.268,22.846,25.1,31.775,22.297,23.546,25.48,27.298,35.713,43.016,52.686,49.883,44.817,40.307,34.606,39.996,41.868,27.999,41.469,33.973,31.574,20.065,24.335,21.469,20.759,13.942,23.427,18.074,10.521,8.7786,21.335,13.249,7.4335,6.8291,8.3615,9.2517,6.568,6.5303,6.0453,4.7414,5.2353,10.942,9.6309,10.978,15.083,14.567,14.868,20.596,21.567,20.638,24.306,21.561,24.833,23.408,16.542,17.438,22.301,22.566,27.893,27.149,27.179,27.071,21.149,21.805,21.853,22.105,23.29,23.913,26.315,24.288,26.226,25.928,26.183,26.493,25.16,24.092,24.725,27.951,26.875,27.424,28.416,30.939,31.929,31.989,31.271,30.5,31.168,31.992,31.436,31.408,31.436,31.376,35.814,33.102,33.359,34.73,36.555,31.989,33.007,36.938,35.23,32.244,35.426,37.106,41.466,40.83,43.752,43.891,44.234,44.522,43.372,44.392,44.964,45.902,47.371,47.854,48.771,47.438,47.017,40.689,39.902,39.466,34.127,32.188,53.805,40.788,41.561,42.311,44.098,45.245,47.608,43.86,43.342,45.741,40.435,42.855,36.982,36.629,37.893,38.521,36.226,30.598,29.138,31.695,32.862,33.866,31.556,34.164,35.048,35.125,34.736,36.193,37.474,37.979,41.728,44.216,37.088,35.004,35.173,38.343,34.838,35.054,37.145,43.683,34.445,32.674,32.575,32.817,30.384,30.778,33.276,38.289,39.311,36.738,30.228,23.939,27.26,22.431,21.867,19.828,21.523,24.093,28.892,37.817,28.042,35.727,34.854,33.916,37.322,35.681,36.149,34.045,33.955,30.684,31.29,29.112,26.007,28.116,26.12,22.655,25.768,21.567,17.314,17.122,16.417,15.805,15.352,14.82,15.357,17.872,17.309,16.044,15.656,15.837,14.215,32.798,30.269,19.02,27.975,22.994,13.732,13.408,13.195,14.223,16.622,13.329,16.641,9.474,7.0984,12.974,6.9246,7.5103,5.9812,5.5057,4.5328,5.1211,6.885,4.5102,38.122,38.453,35.718,33.76,33.9,33.695,31.6,29.121,28.489,23.802,32.837,29.856,25.347,17.666,20.91,19.371,22.66,25.505,22.277,27.376,28.671,28.391,27.898,18.923,19.609,19.247,19.595,19.799,19.133,20.849,25.714,25.792,28.351,28.586,28.625,28.683,29.274,29.057,30.313,29.095,29.459,30.354
2016,11,25.18,27.762,32.358,42.915,47.374,38.981,30.924,41.469,42.845,42.491,41.843,40.97,38.17,36.066,36.459,32.927,20.112,21.238,24.652,31.123,23.556,23.226,24.943,26.015,32.314,34.947,41.789,38.936,28.197,20.881,18.424,18.456,21.484,15.759,30.082,21.823,21.082,14.744,16.538,14.313,13.75,9.5642,14.745,13.6,5.8639,4.9286,15.35,10.655,4.3426,4.0369,5.9135,6.4218,3.8758,3.7842,3.5674,2.9696,3.0568,6.1871,4.7488,5.1312,7.3022,7.0255,6.9283,11.384,12.225,11.522,14.27,12.196,14.62,13.589,8.2836,9.3239,13.426,14.16,16.977,16.535,16.501,16.332,10.42,10.873,10.781,10.866,11.81,12.891,15.264,13.947,15.36,15.651,15.521,15.105,13.342,12.094,12.831,15.955,15.065,15.612,16.635,17.039,17.094,16.987,16.945,17.126,17.282,17.666,17.409,17.365,17.378,17.323,17.442,16.137,16.559,17.305,17.914,17.625,17.724,18.485,18.133,17.523,18.095,18.397,19.674,19.687,20.556,20.76,20.858,20.613,20.479,20.884,21.061,21.189,21.843,22.066,22.392,21.782,21.57,18.886,18.55,18.558,16.227,15.299,27.965,20.559,19.918,20.33,21.408,22.154,23.296,21.629,21.432,22.676,20.152,21.83,17.811,17.786,18.617,19.263,17.916,22.959,19.057,23.988,26.145,28.741,19.547,23.613,18.453,18.152,20.074,17.145,21.496,17.782,20.114,20.154,20.41,18.607,17.52,19.575,16.846,17.262,18.184,20.343,16.612,15.549,15.509,15.612,20.269,21.287,21.767,21.347,20.024,18.371,16.125,12.576,17.524,22.053,22.567,26.036,25.968,25.667,26.23,26.778,24.136,26.306,25.651,26.203,26.123,26.565,25.59,22.128,23.582,19.817,22.479,17.902,16.037,19.046,18.118,14.653,18.388,15.917,11.795,11.128,11.024,15.23,9.8614,10.691,10.008,10.946,9.5449,9.1523,8.9626,9.9123,8.7182,24.867,15.244,7.9227,11.793,8.859,5.1023,4.9999,4.9028,5.5902,8.2318,9.3242,8.2003,6.4965,4.8457,7.283,4.1901,5.0386,4.0738,3.3818,2.9857,3.5087,5.3419,2.8453,18.048,18.401,17.164,16.759,16.82,16.151,15.215,13.547,14.407,11.331,14.417,13.038,10.589,6.7746,8.9939,8.1621,10.489,13.485,10.348,15.379,17.077,17.284,16.416,8.3836,8.7189,8.4453,8.8278,8.8172,8.2887,9.3066,13.927,13.876,16.995,17.64,17.229,17.773,17.632,17.752,17.419,17.55,17.479,17.272
2016,12,12.852,13.714,17.382,19.908,20.716,18.654,14.133,17.268,17.801,17.502,17.409,17.119,16.418,15.805,15.862,14.847,9.9748,10.461,11.854,14.179,11.642,11.276,11.934,12.588,17.872,18.117,19.741,18.377,13.258,9.7366,8.5594,8.272,10.014,7.2864,14.331,10.597,10.161,7.2877,8.0458,6.8911,6.5839,4.5004,8.9454,17.126,2.7856,2.5546,12.141,5.5021,2.4575,1.913,2.9149,3.0483,1.7106,1.6418,1.8628,1.7135,1.5888,2.7022,1.9667,1.9971,2.7775,2.685,2.5812,4.9016,5.3955,5.0077,6.5112,5.3804,6.6916,6.1403,3.2417,3.8733,6.1745,6.6527,7.9499,7.7355,7.7099,7.6083,4.0517,4.293,4.2155,4.2401,4.7876,5.5339,6.9605,6.2788,7.0394,7.2753,7.1568,6.8239,5.6943,4.9219,5.4949,7.8391,7.6171,8.4501,9.6595,8.6941,8.3166,8.1242,8.3869,9.4629,9.2833,10.386,9.7306,10.102,9.7564,9.7101,10.973,9.7987,9.9294,11.804,15.519,10.749,10.195,11.013,11.182,9.907,9.8864,9.8748,10.565,15.752,12.171,13.094,13.163,18.64,17.324,13.145,13.308,19.827,14.223,14.626,15.155,14.572,14.4,11.833,11.492,11.561,9.701,8.8087,13.374,10.513,11.272,10.713,10.116,10.099,10.678,16.266,15.881,12.083,9.8625,10.827,8.8417,9.1441,9.6126,10.38,10.31,13.954,15.109,15.734,16.145,17.994,17.435,18.063,16.478,12.227,28.23,21.387,20.383,18.264,12.191,15.441,13.916,12.544,10.938,12.875,9.9046,10.745,11.347,13.349,10.017,8.9871,8.9532,9.12,11.494,12.977,13.114,11.281,10.551,9.554,7.4156,5.4198,8.8083,10.914,11.111,12.302,12.549,13.366,16.854,28.273,14.305,24.573,22.799,22.085,27.332,24.971,26.354,19.977,22.475,15.462,15.496,9.9879,8.025,15.131,14.934,8.0209,10.625,13.351,15.158,12.35,8.6379,24.469,14.708,8.4089,13.167,6.3437,4.28,4.9378,5.0993,9.5392,6.3226,15.335,9.3092,3.0389,7.643,3.2918,1.8959,2.5969,1.8218,2.0772,4.2841,13.651,3.1811,5.1382,2.7728,4.2908,2.8777,2.7378,2.323,2.1499,1.781,2.0358,3.8006,1.6202,16.298,14.29,14.679,10.874,10.947,12.223,8.6972,6.3861,7.6051,4.5612,8.691,6.2962,3.9346,2.5173,3.4022,3.0328,4.0068,6.5538,3.9546,8.3975,10.408,11.055,9.8252,3.1152,3.2397,3.1381,3.2802,3.2763,3.0799,3.4581,6.8545,6.9235,10.466,11.533,10.661,11.701,10.909,11.319,9.7382,10.867,10.442,9.4438
2017,1,14.242,5.5117,8.141,12.535,8.7388,8.1543,6.3868,6.6733,7.0109,6.782,6.7512,6.5977,6.2814,6.0027,6.0212,6.1504,5.5298,5.8964,8.8,5.8515,11.518,5.4032,6.0562,6.2681,20.67,9.5455,8.3905,8.1439,5.2461,3.6179,3.1805,3.3916,3.7211,2.7075,7.1297,4.72,3.9601,2.7079,2.9896,2.5606,2.4464,1.6722,5.4339,24.658,2.023,1.9406,14.547,2.8245,2.5785,1.1096,1.1613,1.1327,0.63563,0.61005,0.6958,4.0635,0.59035,1.0041,0.73078,0.74209,1.0321,0.99768,0.95911,1.8213,2.0048,1.8608,2.4194,1.9992,2.4865,2.2816,1.2045,1.4392,2.2943,2.472,2.954,2.8743,2.8648,2.8271,1.5055,1.5952,1.5664,1.5755,1.779,2.0563,2.5864,2.3331,2.6157,2.7033,2.6593,2.5356,2.1159,1.8289,2.0874,3.25,3.3048,3.8641,4.9603,3.8079,3.4965,3.366,3.5789,4.509,4.2953,7.8395,6.767,8.6486,5.5604,4.6427,9.8344,6.533,7.5556,12.381,17.967,8.6984,6.0142,8.6548,9.3861,5.2586,4.7408,5.5582,5.2145,15.075,7.3439,7.306,7.3428,18.887,16.349,7.3537,7.4502,19.43,10.42,8.2647,10.126,7.8987,7.8016,6.0609,5.8873,5.9196,5.004,4.5312,5.9627,4.7208,5.4367,4.8691,4.0856,3.8423,4.0826,10.288,9.3808,5.4778,4.2753,4.6616,4.0585,4.2844,4.4571,4.8823,5.0963,16.359,25.753,14.089,11.325,11.632,15.3,11.473,8.5464,6.2745,41.304,34.182,23.948,25.941,6.8346,14.59,6.9923,6.3854,5.577,6.5137,5.0246,5.5037,5.7832,7.5269,5.1413,4.6151,4.5965,4.6983,23.736,28.347,20.934,6.5233,4.8221,4.4157,7.2014,8.0054,10.348,5.3139,5.2983,5.4836,8.3588,12.94,12.587,20.331,10.98,21.106,21.309,15.62,19.335,18.188,19.196,20.184,18.426,16.971,22.703,13.782,5.2667,12.48,11.081,4.9148,6.0597,7.323,10.916,6.7944,4.7766,19.64,8.0095,4.3863,7.2781,2.9613,1.6501,2.2304,2.3983,5.3427,3.7303,12.734,10.777,1.1292,11.932,1.2232,0.70448,1.3798,0.67693,0.77183,2.0841,8.8985,1.182,8.6872,1.0769,4.7197,1.3851,2.0263,1.0328,1.4463,5.2048,5.827,17.714,4.2733,20.503,15.649,17.832,6.4092,7.4838,13.983,4.3957,2.9318,3.6076,1.7527,16.551,5.41,1.462,0.93536,1.3007,1.1269,1.4888,2.8472,1.4694,3.8841,5.8659,6.802,5.1757,1.1575,1.2038,1.166,1.2188,1.2174,1.1444,1.285,2.9643,3.0449,5.9846,7.5401,6.2451,7.8036,6.5607,7.193,4.9159,6.5219,5.8936,4.5704
2017,2,70.642,41.329,50.332,42.093,16.576,35.507,53.871,56.069,60.023,57.711,54.089,54.977,44.671,38.231,45.898,51.819,63.376,57.091,67.584,42.122,48.009,39.393,43.148,39.798,83.516,32.984,11.508,18.538,22.296,13.573,7.6353,26.004,9.4476,14.859,25.852,29.803,25.461,18.98,21.886,27.14,33.191,29.715,22.482,70.35,48.935,63.964,56.106,57.207,81.799,76.856,64.423,49.183,54.313,60.517,64.327,28.408,0.21936,0.37309,0.27154,0.27574,0.38349,0.37071,0.35638,0.67676,0.74495,0.69141,0.899,0.74287,0.92391,0.84778,0.44758,0.53478,0.85251,0.91853,1.0976,1.068,1.0645,1.0505,0.55942,0.69744,0.78745,1.7729,0.80594,0.76406,0.96104,0.86691,0.97193,1.0045,0.98814,0.94218,0.78621,0.67956,0.77562,1.2076,1.228,1.4387,2.0677,1.4224,1.2992,1.2507,1.3298,1.7503,1.638,4.2041,3.5829,4.8034,2.5982,1.7718,5.3516,3.2135,3.9973,6.7319,9.2265,4.7106,2.8347,4.623,5.0749,2.2719,1.796,2.5538,2.0537,7.9693,3.4222,3.1132,3.1289,11.902,9.3499,3.1448,3.1883,12.126,5.3088,3.5599,4.9304,3.233,3.1847,2.2521,2.1876,2.1996,1.8594,1.6837,6.0393,1.7542,21.15,11.188,6.8098,7.4199,12.483,34.066,31.299,13.083,1.5886,1.7321,1.508,1.592,1.6562,1.8149,1.8937,38.72,53.134,34.826,28.972,28.552,38.413,25.497,18.425,2.524,20.508,15.369,19.693,12.696,3.296,10.177,3.4692,2.7872,2.0723,9.5513,1.867,2.045,3.0841,4.0399,1.9104,1.7148,1.7079,1.7458,22.488,23.269,18.379,6.9881,7.1327,12.501,25.019,24.986,25.286,31.039,28.192,17.09,27.737,42.546,41.449,53.438,39.672,45.866,43.303,47.033,50.768,50.315,49.278,44.376,48.898,41.017,31.238,21.806,19.156,43.67,47.803,22.976,16.289,15.428,54.193,15.746,40.869,97.27,31.022,48.195,28.483,18.364,8.9212,11.79,14.228,20.586,29.352,19.657,6.1883,0.41958,6.7776,0.4545,0.26177,1.6937,0.25153,0.57433,1.8103,22.417,0.43921,24.304,15.683,40.194,58.225,6.9861,2.9009,55.301,24.639,8.5729,13.922,5.26,10.38,8.2141,9.1912,2.8193,3.6941,7.51,1.639,1.0894,1.3405,0.65125,8.7979,3.1272,0.54325,0.34756,1.0174,0.42055,0.55321,1.058,0.546,1.4432,2.6409,3.2424,2.1802,4.4986,1.5961,2.2451,6.2436,6.4606,0.95005,0.47746,1.1015,1.1314,2.7199,3.7208,2.8963,3.8884,3.1094,3.5113,2.0637,3.0855,2.6846,1.848
2017,3,53.131,39.429,34.386,25.43,14.568,27.738,40.522,50.252,51.65,54.184,51.432,51.777,45.068,40.86,45.326,41.92,45.924,40.453,42.969,33.182,50.279,43.558,41.445,38.922,44.446,24.327,8.7029,13.178,18.503,14.705,12.551,23.335,10.82,16.2,18.024,22.154,19.951,17.492,19.148,21.07,21.801,17.798,14.606,27.2,19.411,21.959,23.563,22.521,24.854,23.736,23.343,20.881,19.739,20.676,22,27.435,0.081509,0.13863,0.1009,0.10246,0.1425,0.13775,0.13242,0.25147,0.27681,0.25691,0.33405,0.27603,0.3433,0.31502,0.16631,0.19871,0.31677,0.3413,0.40785,0.39686,0.39554,0.39033,0.20787,0.32223,0.4149,1.5176,0.3877,0.28391,0.3571,0.32212,0.36114,0.37325,0.36717,0.35009,0.29214,0.25251,0.2882,0.44872,0.45629,0.5346,0.76832,0.52855,0.48276,0.46474,0.49413,0.65036,0.60866,1.5622,1.3313,1.7848,0.96544,0.65837,1.9885,1.1941,1.4853,2.5014,3.4283,1.7504,1.0533,1.7178,1.8857,0.84417,0.66734,0.94894,0.76311,3.3336,1.2716,1.1568,1.1626,8.8252,5.2036,1.1685,1.1847,8.2268,1.9779,1.3228,1.832,1.2013,1.1833,0.83683,0.81286,0.81731,0.6909,0.62562,5.0702,0.6518,11.197,6.8007,4.484,4.8634,7.8831,15.264,14.25,7.6879,0.59029,0.64362,0.56035,0.59154,0.61539,0.67488,0.70364,31.668,33.95,27.772,25.45,26.743,22.161,18.271,9.4993,1.0527,12.637,7.6071,16.121,6.525,1.6452,9.0014,1.7712,1.2768,0.77001,5.8223,0.69374,0.75989,1.6601,1.9748,0.70986,0.6372,0.63463,0.64869,37.98,36.726,24.957,6.9968,5.1995,8.1844,16.41,20.893,23.673,40.454,40.358,40.138,45.066,48.786,43.11,39.694,41.626,40.404,40.16,39.767,37.721,40.044,36.479,35.784,36.134,32.986,37.861,24.421,19.36,28.227,25.126,17.464,16.211,9.8558,19.19,8.5172,15.858,26.285,13.045,17.009,12.431,10.044,5.8495,7.0549,8.0682,10.21,13.475,19.011,2.3474,0.15591,2.5184,0.16888,0.097267,1.2622,0.093463,0.38302,1.2362,10.82,0.1632,14.102,11.223,18.171,21.12,6.0508,4.4669,25.247,29.523,13.433,13.425,11.693,4.5377,3.0612,3.4153,1.0476,1.3727,2.7906,0.60903,0.40479,0.4981,0.24199,3.2691,1.162,0.20186,0.12914,0.68456,0.15737,0.20556,0.39311,0.20288,0.53628,0.98129,1.2048,0.81013,3.7898,1.2149,1.7464,5.3764,5.0219,0.65455,0.17741,0.40927,0.42041,1.0107,1.3826,1.0762,1.4448,1.1554,1.3047,0.76683,1.1465,0.99754,0.68667
2017,4,127,122.68,120.78,51.554,52.548,98.99,88.124,91.425,89.808,95.158,93.246,94.117,88.674,84.782,88.163,79.194,73.825,64.084,67.471,65.457,69.33,79.856,61.011,54.804,74.274,43.963,35.11,40.242,51.876,50.03,52.489,57.503,44.458,57.924,44.857,62.076,60.592,65.127,63.542,57.631,45.878,26.245,8.4158,17.902,8.7228,9.8431,15.654,16.854,11.176,10.737,15.268,16.049,9.0508,9.222,9.9203,17.077,0.030287,0.051512,0.037492,0.038072,0.052948,0.051184,0.049205,0.09344,0.10286,0.095463,0.12412,0.10257,0.12756,0.11705,0.061797,0.073837,0.11771,0.12682,0.15155,0.14746,0.14698,0.14504,0.077238,0.11974,0.15417,0.69641,0.14489,0.10549,0.13269,0.11969,0.13419,0.13869,0.13643,0.13009,0.10855,0.093826,0.10709,0.16673,0.16954,0.19865,0.28549,0.1964,0.17938,0.17268,0.18361,0.24166,0.22616,0.58046,0.49469,0.6632,0.35874,0.24463,0.7389,0.44369,0.5519,0.92947,1.8918,0.65039,0.39138,0.63829,0.70068,0.31367,0.24797,0.3526,0.28355,2.3098,0.4725,0.42984,0.43201,9.7107,4.0009,0.4342,0.44021,5.0587,0.73495,0.49151,0.68074,0.44637,0.4397,0.31094,0.30204,0.30369,0.25672,0.23247,31.582,0.34063,14.004,12.128,17.064,25.714,33.128,37.616,30.774,22.288,0.77926,1.7911,0.20821,0.2198,0.9015,0.38224,0.26146,21.29,21.158,18.72,18.16,19.752,14.417,12.545,4.8521,0.39115,10.99,9.2295,16.487,10.758,6.8733,21.304,0.65813,0.47442,0.28612,3.3759,0.25778,0.28236,0.61685,0.73633,0.26377,0.23677,0.23581,0.24104,92.201,93.815,80.358,43.598,18.013,10.324,13.277,13.144,15.592,101.78,94.126,61.143,62.574,62.718,49.624,29.966,73.857,37.088,40.306,33.263,26.706,32.878,26.236,29.201,25.56,26.385,64.493,41.973,12.584,17.423,15.609,11.064,11.317,4.889,8.7361,3.1648,7.2087,18.462,4.8957,8.6608,4.6786,4.1643,2.2436,2.6571,3.0672,3.8444,5.5956,13.874,0.87225,0.057931,0.93578,0.062752,0.036142,0.46899,0.034729,0.14232,0.45934,4.0203,0.060641,6.4608,5.4375,8.2131,9.5346,2.9921,2.7894,12.068,19.498,10.575,8.7335,10.838,7.0606,2.6302,1.3089,0.38927,0.51005,1.0369,0.2263,0.15041,0.18508,0.089918,1.2147,0.43177,0.075006,0.047987,0.25437,0.058474,0.076382,0.14607,0.075386,0.19927,0.36462,0.44767,0.30103,1.6709,0.45393,0.64955,2.5455,2.1694,0.24321,0.065923,0.15208,0.15621,0.37553,0.51373,0.3999,0.53687,0.42931,0.4848,0.28493,0.42601,0.37066,0.25515
2017,5,163.96,174.37,119.02,110.33,104.91,122.54,201.91,186.86,175.81,186.08,178.5,180.1,168.9,163.96,171.9,180.39,285.66,275.72,257.49,214.25,204.62,228.53,249.59,239.47,250.52,196.32,162.4,163.93,149.66,139.81,142.19,138.39,136.97,146.78,160.04,152.91,153.39,159.02,155.4,148.37,136.49,115.56,107.59,106.32,61.899,59.316,105.61,99.839,63.882,63.856,90.081,94.486,64.92,59.719,53.704,40.655,0.011254,0.019141,0.013931,0.014147,0.019674,0.019019,0.018284,0.03472,0.038219,0.035472,0.046121,0.038112,0.0474,0.043494,0.022962,0.027436,0.043737,0.047123,0.056312,0.054794,0.054613,0.053893,0.0287,0.044491,0.057285,0.35057,0.053839,0.039199,0.049304,0.044475,0.049863,0.051534,0.050695,0.048337,0.040335,0.46015,0.15926,0.10163,2.4938,4.5184,4.312,13.978,11.12,10.195,10.201,19.011,6.7629,37.641,35.194,42.39,27.91,18.256,36.074,22.539,25.007,39.311,59.464,41.478,29.907,47.714,47.504,24.746,15.325,35.002,5.5773,52.841,20.847,7.4233,4.1098,56.92,50.409,5.8737,3.231,43.168,11.021,0.18263,7.5608,0.16586,1.2816,0.11554,0.11223,0.36983,0.095392,0.086379,138.85,55.506,45.693,49.042,64.394,78.396,90.209,72.292,66.091,74.778,37.396,66.352,18.796,12.002,29.242,22.371,2.1478,64.225,53.339,61.487,65.423,72.615,42.615,51.797,20.935,0.14967,74.044,68.223,72.08,67.851,49.951,64.183,14.223,0.63797,0.10632,23.65,0.095784,0.10535,8.8074,20.485,0.09801,0.087977,0.087623,0.089564,207.75,211.92,187.66,126.41,72.856,43.276,38.147,33.34,48.587,173.63,176.48,188.67,187.66,185.41,181.31,172.67,180.22,183.47,184.45,187.44,169.65,176.92,166.94,150.37,150.95,132.25,190.3,129.89,52.24,108.77,120.28,58.506,58.587,67.384,89.157,53.609,88.793,113.36,69.314,97.917,72.809,82.529,69.493,69.956,71.168,72.778,68.034,68.503,29.094,0.78606,19.11,0.023317,0.01343,6.8535,0.012904,0.10404,6.1039,32.095,0.022533,14.015,21.788,69.679,49.452,9.3347,13.713,49.208,38.311,19.509,9.6065,18.771,65.55,56.866,52.126,15.75,23.495,36.145,2.7527,18.12,7.4845,20.107,27.615,20.274,1.7348,0.017831,22.47,10.27,13.219,6.5095,9.6368,12.626,15.047,12.945,10.586,0.62088,0.16867,0.24136,1.002,2.6433,0.34363,2.1552,4.5553,7.5586,5.0666,11.21,3.0519,12.641,17.939,17.063,13.427,1.942,2.1715,9.9908
2017,6,60.821,61.395,51.977,46.367,45.15,50.802,64.155,69.741,69.234,72.163,69.577,69.353,63.999,61.06,63.261,58.936,72.007,68.892,67.484,61.439,62.727,66.321,65.992,63.819,63.579,52.326,44.647,44.907,40.536,35.66,37.327,35.175,34.979,33.317,40.108,35.649,35.201,33.068,33.659,32.518,31.208,27.245,29.596,27.028,18.493,18.06,27.329,24.789,18.742,18.735,22.799,23.581,18.88,18.197,17.152,15.826,0.0041817,0.0071122,0.0051764,0.0052565,0.0073105,0.007067,0.0067937,0.012901,0.014201,0.01318,0.017138,0.014161,0.017613,0.016161,0.0085322,0.010195,0.016252,0.01751,0.020924,0.02036,0.020293,0.020025,0.010664,0.016532,0.021286,0.18563,0.020005,0.014565,0.01832,0.016526,0.018528,0.019149,0.018837,0.017961,0.014988,0.41803,0.13101,0.061839,2.0786,3.4398,3.3028,7.8582,6.7508,6.3596,6.3619,9.5178,4.7188,13.836,13.375,14.658,11.846,9.2886,13.558,10.523,11.164,14.158,17.252,14.507,12.293,15.493,15.458,11.088,8.335,13.329,4.063,17.343,11.45,5.3326,3.2373,20.567,18.243,4.4878,2.6858,18.693,9.219,0.067862,8.1357,0.061631,1.7002,0.042932,0.041702,0.44224,0.035445,0.032097,70.56,34.09,36.399,39.372,48.155,54.827,58.245,47.781,44.615,47.782,29.464,41.907,15.912,12.489,20.525,19.713,3.5742,23.613,23.439,22.41,22.492,23.124,20.774,20.167,16.724,0.067528,20.162,19.404,21.224,19.689,18.614,22.45,10.012,0.7373,0.039504,20.892,0.035591,0.046924,8.0067,13.074,0.036418,0.03269,0.032559,0.03328,80.925,80.205,75.532,63.142,46.473,33.475,26.753,21.134,21.625,61.296,61.245,60.602,60.174,59.364,56.829,52.211,60.097,56.888,58.254,54.959,50.521,53.363,49.784,50.555,48.11,46.657,66.723,54.215,23.405,36.598,35.125,22.634,21.334,20.263,23.417,17.285,24.033,28.688,19.461,26.777,19.971,23.159,20.583,20.5,20.558,20.132,19.435,20.886,12.141,0.72009,9.5659,0.0086642,0.0049901,4.7526,0.0047949,0.069659,4.3474,12.974,0.0083727,7.847,10.485,20.001,16.477,5.8783,7.7572,16.675,15.536,9.9106,5.5754,9.6407,18.965,17.233,16.172,8.4817,10.778,13.592,2.2597,9.2445,5.0934,9.8357,11.823,9.8945,1.512,0.0066256,10.497,6.3945,7.5781,4.5888,6.1167,7.3523,8.2399,7.4736,6.5245,0.23071,0.062674,0.089683,0.40631,1.9039,0.27766,1.8398,3.4668,5.1321,3.7572,6.7828,2.451,7.356,9.1944,8.9174,7.6556,1.6212,1.8078,6.2684
2017,7,35.038,32.779,34.323,27.489,25.258,29.067,29.756,35.523,37.354,38.049,37.342,36.895,34.901,33.65,34.658,34.348,28.891,29.323,30.757,33.452,28.44,29.771,28.189,27.608,31.805,30.931,38.579,37.649,29.968,23.141,21.96,20.973,23.36,18.396,29.649,23.26,22.778,17.775,19.056,17.513,17.099,14.138,15.423,15.095,11.023,11.165,18.654,16.009,11.124,10.51,12.338,12.271,9.465,9.0175,11.876,19.435,0.12937,0.0026427,0.0019234,0.0019532,0.0027164,0.0026259,0.0025244,0.0047938,0.0052768,0.0048976,0.45972,0.33407,1.338,0.46133,0.0031704,0.0037881,0.0060387,0.0065063,0.007775,0.0075654,0.0075403,0.007441,0.0043587,1.9702,2.2944,6.0163,6.5008,2.1646,0.8091,0.058771,0.0068845,0.0071153,0.0069994,0.0066738,3.2358,18.456,24.192,30.239,44.071,49.619,50.285,66.465,68.396,68.473,65.83,65.252,60.746,71.151,71.477,72.771,69.629,66.424,53.211,55.727,59.114,60.89,56.464,72.589,67.463,62.384,65.769,67.081,57.207,58.404,45.636,55.972,51.568,45.93,43.363,48.855,52.837,44.576,42.707,52.528,52.421,28.111,55.736,20.782,42.462,10.94,14.138,25.6,2.1432,0.03444,42.788,64.769,33.125,33.435,34.722,35.677,37.184,35.491,34.774,38.985,49.368,56.193,67.428,57.461,51.613,40.076,30.661,17.309,17.701,17.259,17.539,17.768,18.651,19.051,21.651,8.982,38.512,40.703,26.495,41.685,29.621,36.365,17.803,10.486,3.9704,28.686,5.6885,15.548,20.996,37.668,0.017764,0.089733,0.012098,0.1452,38.889,39.048,39.229,37.29,33.913,29.181,22.229,14.899,15.252,34.34,33.163,28.284,28.025,27.576,25.47,22.093,29.723,24.192,25.046,22.985,21.437,22.664,21.423,22.397,21.108,21.603,31.364,29.733,14.502,17.907,17.792,15.046,15.1,15.612,16.562,13.994,16.595,21.842,16.639,20.046,17.123,14.013,12.047,13.455,13.92,16.378,14.371,17.777,18.275,0.26757,21.458,0.0032194,0.0018542,1.8489,0.0017817,0.025884,1.8804,6.2697,0.0031111,4.5036,9.7142,12.801,14.024,4.5485,9.3906,17.131,21.961,13.147,4.0333,17.088,45.827,48.986,52.284,55.561,58.026,55.156,43.116,49.475,48.698,48.308,37.839,37.865,16.903,1.9974,39.671,28.953,41.095,46.157,37.693,54.363,57.424,54.782,53.374,3.2508,2.975,1.8363,7.1969,14.998,11.369,23.044,44.231,45.968,49.717,53.978,47.658,54.897,59.987,58.515,62.587,46.734,48.779,61.222
2017,8,115.43,105.66,90.794,90.865,94.025,96.96,110.74,91.015,85.363,85.816,84.753,85.407,84.176,83.601,85.119,103.78,134.81,143.46,141.96,136.08,134.52,126.96,142.43,149.77,156.18,177.7,178.07,173.14,128.16,101.42,80.589,87.972,105.26,89.493,153.51,115.91,116.11,101.5,103.21,102.43,111.38,120.65,164.81,153.57,141.64,140.97,158.77,145.23,142.02,144.7,138.43,134.13,148.03,151.93,142.74,135.99,96.666,42.859,42.321,43.324,26.431,35.551,41.386,59.54,46.165,38.145,54.266,55.831,57.335,54.571,41.65,30.186,35.499,34.044,42.18,32.334,36.408,40.495,143.95,150.59,157.84,167.64,151.84,115.38,78.245,68.65,51.409,37.117,41.258,74.22,129.95,172.23,174.47,154.1,165.16,165.25,166.52,171.34,171.97,171.98,171.19,171.97,171.99,176.72,175.8,176.24,175.68,175.05,179.02,175.24,175.82,178.33,179.71,177.87,177.65,180.39,179.33,176.39,177.12,179.19,180.39,185.09,186.86,186.72,186.48,187.76,187.95,186.94,187.23,191.22,193.54,185.65,195.56,165.2,167.12,76.65,71.512,82.003,10.573,0.036611,148.61,164.16,197.34,190.27,173.23,162.35,160.75,165.35,165.52,161.56,159.94,160.54,166.31,156.91,150.26,140.39,112.24,146.66,151.21,138.47,136.68,136.2,137.97,132.26,129.72,97.022,164.7,172.54,156.44,176.9,163.21,177.22,119.75,99.005,73.354,129.94,46.707,64.462,95.907,150.43,17.176,1.2753,0.0044953,1.3112,158.12,163.87,169.6,170.86,182.93,190.02,176.02,156.81,148.05,130.51,128.66,118.45,126.26,138.37,158.27,194.11,154.45,186.83,184.37,180.64,193.67,186.42,192.33,189.62,189.19,182.8,171.62,170.42,151.57,178.64,178.03,150.02,144.93,150.78,157.95,145.31,157.75,166.45,155.98,164.57,159.67,155.72,151.93,155.23,156.07,160.87,152.4,138.37,126.01,58.081,127.38,60.936,0.00068898,70.128,25.888,109.73,138.65,126.33,59.883,116.8,125.75,144.47,134.76,116.82,123.65,136.18,134.82,125.6,112.77,125.4,178.95,180.61,178.92,177.92,179.01,177.11,168.58,164.39,164.05,153.8,166.86,159.82,123.57,74.082,141.26,131.64,158.35,158.58,156.65,164.66,168.54,168.17,166.51,214.41,218.51,200.03,213.87,204.42,170.93,166.57,168,167.91,166.64,168.55,166.49,168.98,170.12,169.91,170.64,166.74,167.25,170.19
2017,9,142.16,113.96,117.1,105.94,100.74,106.31,88.264,72.806,73.05,69.313,71.77,71.93,77.582,80.873,77.706,87.316,80.504,81.962,83.582,89.723,136.13,113.8,101.83,106.9,93.161,113.25,115.38,114.54,112.55,112.02,102.62,113.61,114.1,99.72,110.87,103.68,101.26,88.457,94.223,96.632,103.79,107.99,127.41,119.68,111.54,109.92,116.93,109.66,110.72,113.65,109.95,110.99,118.45,122.01,110.79,115.8,92.245,40.037,69.624,75.136,71.73,76.777,98.354,54.824,72.568,74.804,101.87,101.71,102.43,102.47,92.961,98.065,96.485,95.103,96.386,93.236,94.834,96.405,80.859,85.995,95.708,100.16,111.36,94.877,105.01,88.524,99.446,95.829,96.702,103.95,112.15,115.13,110.85,104.12,104.13,103.43,102.62,99.399,97.89,97.584,98.816,104.52,103.47,111.8,108.29,108.7,109.05,109.13,133.11,129.86,125.33,125.62,130.74,113.84,115.45,124.51,120.04,112.23,118.96,123.26,119.74,130.82,126.06,129.3,128.44,132.9,132.48,128.67,127.38,129.02,123.88,119.61,120.1,117.98,121.07,117.89,118.67,124.3,100.44,79.282,117.44,89.81,184.27,173.8,149.91,134.6,133.15,149.38,152.99,137.5,109,96.383,88.146,95.642,109.88,124.51,120.8,205.75,200.46,200.4,201.43,204.6,185.69,185.39,162.04,143.28,148.87,136.5,164.19,135.43,145.2,137.84,157.27,148.16,125.52,148.56,113.43,128.49,139.78,131.66,109.21,86.906,69.598,87.57,141.37,142.43,144.67,147,167.51,185.71,191.89,194.2,200.92,156.82,154.94,146.15,146.88,147.85,147.14,144.17,151.87,143.24,143.89,137.03,142.01,143.19,141.71,151.23,148.03,155.22,147.01,163.61,188.46,154.33,136.99,172.38,185.48,145.38,115.34,104.55,118.56,120.92,105.64,123.76,108.76,120.38,119.54,117.55,116.82,112.17,108.33,190.59,133.21,79.878,100.37,61.181,0.00025601,53.735,33.336,68.851,62.09,59.01,34.573,61.842,79.899,112.94,100.67,68.526,85.264,107.24,116.93,94.648,66.836,107.44,135.85,135.08,133.37,131.61,131.97,130.88,128.52,126.8,119.09,115.93,126.14,125.23,102.16,73.614,121.65,107.97,116.37,108.32,110.5,105.38,103.42,103.84,104.31,109.59,115.01,108.63,111.57,115,103.87,109.93,107.08,108.32,103.15,103.45,102.51,103.39,102.6,102.95,100.7,101.67,101.15,100.36
2017,10,84.739,67.881,51.904,47.574,52.053,56.715,65.955,49.46,44.919,45.462,45.949,47.021,49.338,50.916,50.678,59.098,82.619,82.159,77.634,70.124,102.68,90.467,91.76,94.985,82.314,87.714,77.18,76.662,74.161,76.279,72.15,75.546,76.562,84.125,78.065,84.447,85.418,92.598,89.016,84.582,76.922,67.808,71.549,57.114,48.456,47.246,58.428,58.835,48.02,48.498,56.43,58.649,50.24,48.724,46.518,47.375,38.544,18.98,32.117,35.202,36.44,38.65,49.608,28.14,39.188,40.842,55.955,54.41,56.581,56.086,48.044,51.434,52.072,50.342,55.678,54.414,54.907,55.423,35.499,38.204,41.959,43.639,50.15,45.495,54.57,46.526,52.94,54.005,52.555,52.53,52.413,52.828,52.723,54.277,53.87,53.858,53.683,53.394,53.154,53.121,53.303,54.521,54.44,56.093,55.703,55.836,55.885,55.889,55.279,54.744,53.993,54.441,56.221,56.991,57.25,58.824,58.054,56.565,57.721,58.505,55.984,58.134,56.496,56.872,56.501,57.951,58.08,56.556,56.003,56.43,54.47,52.845,52.968,51.66,52.604,49.429,49.536,52.147,43.012,37.72,87.097,60.544,66.764,68.072,71.141,73.138,75.013,70.814,70.176,71.366,61.269,66.668,49.301,51.843,55.405,60.286,56.533,111.92,98.711,112.27,116.89,123.48,90.925,101.17,69.236,64.15,66.074,54.879,81.375,54.977,65.105,59.562,76.255,68.384,56.467,65.309,49.951,55.803,60.494,56.84,47.607,39.62,36.591,39.655,98.164,98.763,92.958,81.433,72.351,68.45,74.391,79.6,98.448,104.18,103.59,100.71,102.92,106.26,111.81,121.62,109.64,117.09,114.9,116.66,119.21,119.29,115.67,110.98,112.65,103.91,103.94,89.329,93.891,97.894,84.621,82.931,95.834,73.049,52.847,49.406,54.012,55.372,49.201,56.321,50.612,56.555,54.158,53.602,53.376,51.964,49.408,109.42,63.491,42.81,38.984,24.632,9.5127e-05,25.751,16.601,30.373,27.431,27.136,15.863,27.022,34.519,50.509,44.557,29.41,35.738,46.007,47.707,38.647,27.979,43.695,56.276,56.759,54.816,56.061,56.075,53.212,54.686,54.49,55.553,55.169,45.248,48.328,40.641,32.946,54.79,48.542,54.154,54.171,51.701,54.016,53.876,53.911,53.932,42.715,44.797,42.73,44.284,46.74,43.63,48.603,53.699,53.711,53.732,53.857,53.606,53.864,53.815,53.853,53.537,53.458,53.408,53.465
2017,11,27.986,24.874,21.403,20.089,21.258,22.461,24.065,20.246,19.033,19.137,19.303,19.595,20.277,20.733,20.623,22.85,26.708,26.716,26.079,25.04,30,28.308,28.302,28.785,27.11,28.261,26.927,26.824,26.634,27.371,26.477,27.544,27.453,28.373,27.072,28.24,28.255,28.859,28.642,28.074,26.974,25.224,25.836,22.836,20.414,20.043,23.112,23.119,20.281,20.441,22.55,23.135,20.981,20.559,19.827,20.132,16.983,8.1561,14.513,15.742,16.185,16.968,20.307,12.841,17.142,17.657,21.924,21.561,22.112,21.947,19.856,20.662,20.84,20.418,21.878,21.446,21.603,21.749,15.761,16.846,18.246,18.847,20.908,19.369,21.844,19.513,21.243,21.336,21.048,21.298,21.479,21.727,21.679,21.989,21.936,21.935,21.884,21.805,21.727,21.715,21.772,22.152,22.108,22.643,22.506,22.547,22.555,22.549,24.521,22.986,22.362,22.712,24.882,22.888,22.96,24.924,23.676,22.754,23.591,24.874,24.243,27.009,25.758,26.708,26.402,29.459,28.317,26.544,26.004,26.853,24.239,22.967,22.672,21.932,22.355,20.625,20.653,21.459,18.321,16.487,28.019,23.301,25.647,25.82,26.139,26.274,26.567,26.06,25.979,26.028,23.732,24.591,20.588,21.338,22.393,23.638,22.628,31.647,30.286,31.618,32.138,32.863,29.189,30.618,25.694,24.351,25.623,24.476,30.443,27.174,32.225,33.791,28.01,25.244,22.401,24.862,20.593,22.292,24.153,25.186,19.707,17.125,16.081,17.14,29.748,29.853,29.254,27.767,26.552,25.956,27.004,27.73,30.214,30.581,30.444,29.808,30.092,30.505,31.075,31.926,31.032,31.506,31.321,31.383,31.691,31.712,31.384,31.064,31.141,30.423,30.401,28.971,29.565,29.724,27.934,27.994,29.754,26.221,21.776,20.655,22.122,22.604,20.642,22.867,21.096,22.729,22.106,21.97,21.911,21.521,20.71,31.395,24.271,18.344,17.094,10.624,3.5347e-05,11.575,7.1661,13.546,12.037,11.983,6.1676,11.829,15.316,21.023,19.151,12.99,15.817,19.656,20.244,16.991,12.229,18.881,27.834,27.434,24.56,23.669,23.721,22.638,22.768,22.486,22.523,22.383,19.497,20.536,17.761,14.769,22.303,20.452,22.123,22.054,21.412,22.007,21.96,21.969,21.974,18.538,19.29,18.543,19.109,19.96,18.861,20.507,21.93,21.951,21.902,21.949,21.858,21.953,21.942,21.953,21.851,21.809,21.795,21.825
2017,12,10.44,9.2587,7.9528,7.4647,7.8991,8.346,8.9684,7.523,7.0721,7.1108,7.1724,7.281,7.5358,7.7164,7.6706,8.5678,10.818,10.524,10.369,9.4034,11.206,10.62,10.663,10.831,14.151,10.654,10.158,10.125,10.288,10.854,10.539,11.073,10.877,11.362,10.343,11.108,11.091,11.422,11.342,11.095,10.553,9.6966,9.6644,8.767,7.5855,7.4475,8.606,8.6396,7.5361,7.5953,8.431,8.7009,7.8022,7.6414,7.3671,7.4805,6.3106,3.0306,5.3927,5.8494,6.0138,6.305,7.5455,4.7713,6.3697,6.5611,8.1651,8.0115,8.2473,8.1654,7.3781,7.6776,7.7477,7.5971,8.251,8.0675,8.1222,8.1664,5.8564,6.2595,6.7798,7.0033,7.7743,7.1984,8.177,7.251,7.9355,7.9681,7.8571,7.9538,7.9949,8.0731,8.0555,8.1708,8.1508,8.1505,8.1316,8.1022,8.0733,8.0687,8.0901,8.231,8.2148,8.4136,8.3626,8.3779,8.3809,8.3786,10.063,8.8529,8.3982,8.6552,10.248,8.5047,8.5322,10.037,9.0704,8.4547,9.0564,10.041,9.8248,11.594,10.883,11.497,11.325,13.067,12.41,11.414,11.098,11.612,9.953,9.1557,8.8495,8.4364,8.6441,7.6637,7.6743,7.9737,6.8076,6.1263,10.411,8.6582,9.5298,9.5941,9.7127,9.7628,9.8717,9.6833,9.6532,9.6713,8.8182,9.1376,7.6502,7.9286,8.3206,8.7832,8.408,11.759,11.253,11.767,12.021,12.376,10.846,11.542,9.5474,9.0575,9.7944,10.072,12.531,11.907,14.277,15.126,11.071,9.4064,8.3237,9.238,7.6518,8.2832,9.2825,10.45,7.3228,6.3631,5.9753,6.3687,11.053,11.093,10.87,10.317,9.8661,9.6446,10.034,10.304,11.227,11.448,11.38,11.09,11.201,11.364,11.585,11.908,11.584,11.724,11.645,11.718,11.826,11.831,11.708,11.543,11.571,11.304,11.296,10.765,10.986,11.045,10.416,10.402,11.056,9.7562,8.1346,7.6753,8.2746,8.4994,7.679,8.6068,7.8644,8.4925,8.2534,8.2068,8.1852,8.0402,7.7052,11.763,9.0217,6.8164,6.3518,3.9476,1.3134e-05,4.301,2.6627,5.0335,4.4725,4.4525,2.2917,4.3953,5.6911,7.8132,7.1161,4.8268,5.8772,7.3036,7.5222,6.3134,4.5442,7.0158,12.223,11.951,10.14,9.2769,9.3154,8.7531,8.6865,8.4511,8.3692,8.3171,7.2569,7.6427,6.5996,5.488,8.2874,7.5994,8.2204,8.1946,7.9563,8.1773,8.1598,8.163,8.165,6.8884,7.1679,6.8901,7.1006,7.4166,7.0084,7.62,8.1487,8.1564,8.1384,8.1559,8.1221,8.1572,8.153,8.1572,8.1194,8.1039,8.0984,8.1097
2018,1,4.5365,3.4403,3.1043,2.9296,2.9351,3.1012,3.3324,2.7954,2.6278,2.6422,2.6651,2.7055,2.8001,2.8672,2.8502,3.1836,4.4023,4.1376,4.1562,3.4941,4.1638,3.9463,3.9621,4.0244,7.6271,3.9589,3.7745,3.7623,3.8228,4.0332,3.9161,4.1146,4.0416,4.2218,3.8432,4.1273,4.121,4.2441,4.2145,4.1228,3.9214,3.603,3.5911,3.641,2.8186,2.7673,3.5959,3.36,3.6342,4.0377,3.5511,3.2331,3.3244,4.4248,2.7374,2.7796,2.3449,1.1261,2.0038,2.1735,2.2346,2.3428,2.8037,1.7729,2.3668,2.4379,3.034,2.9769,3.0645,3.0341,2.7415,2.8528,2.8789,2.8229,3.0659,2.9977,3.018,3.0344,2.1761,2.4472,2.5423,2.9685,2.9681,2.6776,3.0384,2.6943,2.9486,2.9608,2.9195,2.9555,2.9707,2.9998,2.9932,3.0361,3.0286,3.0285,3.0215,3.0106,2.9999,2.9981,3.0061,3.0585,3.0524,3.5804,3.1349,3.5302,3.1141,3.1133,14.334,7.6451,5.9052,9.9142,23.871,4.5368,3.9873,15.831,10.866,3.1553,3.7769,10.633,3.7906,26.409,10.13,7.1935,4.2082,34.997,29.321,6.5424,4.1236,23.735,7.1634,3.402,3.5974,3.1348,3.2128,2.8477,2.8516,2.9628,2.5296,2.2764,10.804,10.36,7.5139,5.3286,6.7842,10.576,15.779,24.637,21.193,16.523,9.4974,9.9049,10.227,7.3293,12.519,7.1985,3.222,10.954,11.707,12.064,12.275,14.379,10.839,13.358,6.3558,3.3656,25.133,29.8,31.332,38.525,25.986,45.946,5.4532,3.4952,3.0929,6.2985,2.8432,3.0778,4.9121,11.23,2.721,2.3644,2.2203,2.3664,4.1072,4.1218,4.0391,3.8337,3.8926,3.728,3.9669,3.8287,4.426,4.2538,4.2287,4.1208,4.162,4.2228,4.3048,4.4249,4.3045,4.3564,4.3269,4.3543,4.3941,4.3961,4.3505,4.289,4.2996,4.2004,4.1975,4,4.0821,4.104,3.8702,3.8651,4.1081,3.6252,3.0226,2.8519,3.0746,3.1582,2.8533,3.1981,2.9222,3.1556,3.0668,3.0495,3.0414,2.9876,2.8631,11.619,7.3746,2.5328,3.9291,1.4668,4.8803e-06,1.5982,0.98941,1.8703,1.6619,1.6545,0.85156,1.6332,2.1147,2.9032,2.6442,1.7935,2.1838,2.7138,2.7951,2.3459,1.6885,2.6069,36.926,29.894,21.774,6.5077,8.914,11.499,3.3066,5.8829,3.1098,3.244,4.6416,5.0101,2.4523,2.0392,7.2223,3.8323,3.0591,3.0449,2.9564,3.0385,3.032,3.0332,3.0339,2.5596,2.6634,2.5602,2.7333,3.2589,2.6041,2.8314,3.0279,3.0307,3.024,3.0305,3.018,3.031,3.0295,3.031,3.017,3.0112,3.0092,3.0134
2018,2,2.0579,1.2783,1.2429,1.1819,1.0906,1.1523,1.2383,1.0387,0.97644,0.98178,0.99029,1.0053,1.0405,1.0654,1.0591,1.1829,1.6358,1.5374,1.5444,1.2983,1.5472,1.4664,1.4722,1.4954,3.257,1.471,1.4025,1.398,1.4205,1.4986,1.4551,1.529,1.5018,1.5687,1.428,1.5336,1.5313,1.577,1.566,1.5319,1.4571,1.3388,1.3344,1.4943,1.0473,1.0283,1.5681,1.3382,1.8138,2.1493,1.5627,1.2013,1.4823,2.4596,1.0172,1.0328,0.8713,0.41844,0.74456,0.80762,0.83032,0.87053,1.0418,0.65877,0.87946,0.90588,1.1273,1.1061,1.1387,1.1274,1.0187,1.06,1.0697,1.0489,1.1392,1.1139,1.1214,1.1275,0.80858,0.98227,0.95868,1.3172,1.1508,0.99662,1.129,1.0011,1.0956,1.1002,1.0848,1.0982,1.1038,1.1146,1.1122,1.1281,1.1254,1.1253,1.1227,1.1187,1.1147,1.114,1.117,1.1365,1.1342,1.5933,1.1816,1.5543,1.1571,1.1568,7.9238,4.5794,3.4712,5.8928,11.235,2.4088,1.9364,8.5351,6.3605,1.1808,1.6429,6.1908,1.4925,11.989,5.8712,3.996,1.5637,14.125,12.778,3.535,1.5322,11.236,4.1561,1.2641,1.5187,1.1648,1.1943,1.0581,1.0596,1.1009,0.93993,0.84585,6.2597,6.1245,4.4308,2.8711,3.926,6.1765,8.5157,11.434,10.414,8.8043,5.6595,5.8593,6.1082,4.469,7.1739,4.3033,1.2561,6.2615,6.6766,6.8305,6.9233,7.8912,6.2536,7.4561,3.6466,1.2506,11.575,12.785,13.272,14.775,11.968,16.352,2.7325,1.2987,1.1492,3.6448,1.0565,1.1436,2.5869,6.4759,1.0111,0.87855,0.825,0.87932,1.5261,1.5316,1.5008,1.4245,1.581,1.4718,1.6154,1.4227,1.7952,1.5806,1.5713,1.5312,1.5465,1.5691,1.5996,1.6442,1.5994,1.6187,1.6078,1.6179,1.6328,1.6335,1.6166,1.5937,1.5976,1.5608,1.5597,1.4863,1.5168,1.525,1.4381,1.4362,1.5265,1.347,1.1231,1.0597,1.1425,1.1735,1.0602,1.1883,1.0858,1.1726,1.1395,1.1331,1.1301,1.1101,1.0638,6.6069,4.3924,0.94113,2.2682,0.54504,1.8134e-06,0.59384,0.36764,0.69497,0.61752,0.61476,0.31642,0.60686,0.78576,1.0788,0.98251,0.66643,0.81146,1.0084,1.0386,0.87169,0.62741,0.96867,14.477,12.898,10.606,3.7867,5.299,6.685,1.2763,3.4485,1.1555,1.2974,2.6903,2.9158,0.91121,0.75772,4.3677,1.9742,1.1394,1.1314,1.0985,1.129,1.1266,1.1271,1.1273,0.95108,0.98966,0.95131,1.0728,1.5007,0.96764,1.0521,1.1251,1.1261,1.1237,1.1261,1.1214,1.1263,1.1257,1.1263,1.121,1.1189,1.1181,1.1197
2018,3,4.8344,0.94619,4.1513,4.7361,0.40525,1.2372,2.3814,0.38595,0.36282,0.36481,0.36797,0.37354,0.38661,0.39588,0.39353,0.43958,4.7373,3.7656,5.9286,0.62791,0.79663,0.6521,0.95954,0.57714,15.12,0.5466,0.52115,0.51946,0.52781,0.55686,0.5407,0.56812,0.55802,0.5829,0.54013,0.57689,0.56898,0.58598,0.5819,0.56923,0.54143,0.49747,0.49582,0.73987,0.38916,0.38208,0.58266,0.49725,0.67398,0.79864,0.58065,0.44639,0.5508,0.91392,0.37796,0.38377,0.32375,0.15548,0.27666,0.30009,0.36173,0.32347,3.5311,0.24478,0.5884,0.35904,4.1177,5.1846,4.6916,4.3009,2.3797,1.7826,1.9713,2.6091,0.99017,0.44272,0.62657,0.93913,0.30045,0.36499,0.35622,0.48943,0.4276,0.45792,1.6229,1.3073,0.40712,0.99855,0.40309,0.40806,0.41016,0.41418,0.41327,0.41919,0.41816,0.41815,0.41718,2.9588,3.0332,2.9642,2.2114,1.7238,0.42145,2.7395,4.013,6.1083,1.8957,0.56007,2.9443,1.7016,1.2898,2.1896,4.1747,2.9566,0.91725,3.3288,3.4922,0.72,0.61047,2.3004,0.55457,4.8262,2.1816,1.4848,0.58102,7.0137,5.3745,1.3135,0.56935,7.057,2.0079,0.46972,1.1858,0.43281,0.44377,0.39318,0.39372,0.40908,0.34925,0.3143,2.7986,2.2757,1.6464,1.0668,1.4588,2.295,3.1642,5.5975,4.5614,3.2715,2.103,2.1772,2.2697,1.6606,2.6656,1.599,0.46675,7.3458,9.4131,7.6778,6.8792,8.278,5.7849,5.8092,1.355,0.46468,7.5593,5.3373,8.6018,5.635,4.4469,6.7145,1.0153,0.48258,0.42703,1.3543,0.39256,0.42495,0.96124,2.4063,0.37568,0.32645,0.30655,0.32673,2.3008,4.3824,0.61753,0.52932,0.58747,0.54688,0.60025,0.52862,0.75471,0.58731,0.58386,0.56896,0.57465,0.58304,0.59436,0.61094,0.59431,0.60148,0.59741,0.60119,0.60669,0.60697,0.60068,0.59218,0.59364,0.57995,0.61883,0.55227,0.56361,0.56664,0.53435,0.53366,0.5672,0.50052,0.41733,0.39377,0.42451,1.2066,0.39396,0.44156,0.40347,0.43569,0.42343,0.42104,0.41993,0.41249,0.3953,5.5401,1.6814,0.3497,0.84282,0.20252,6.7382e-07,0.22066,0.13661,0.25823,0.22945,0.22843,0.11757,0.22549,0.29197,0.40084,0.36508,0.24763,0.30152,0.3747,0.38592,0.3239,0.23313,0.35994,5.3795,4.7928,3.9409,1.407,1.969,2.484,0.47426,1.2814,0.42937,0.48207,0.99965,1.0835,0.33858,0.28155,1.623,0.73357,0.42339,0.42041,0.40818,0.52569,0.90893,0.51268,0.42528,0.3534,0.36773,0.35348,0.39864,0.55763,0.35955,0.39093,0.41806,0.41845,0.41753,0.43262,0.41669,0.4988,1.5957,1.1996,1.7253,0.41576,0.41547,1.1465
2018,4,5.3055,0.6332,3.7543,8.5721,0.2265,1.9463,8.4594,17.797,21.777,19.911,17.97,18.585,12.17,8.3785,12.239,11.106,9.5604,6.2481,12.248,2.1065,0.44324,0.30806,0.63476,0.22752,19.671,0.20311,0.19365,0.19302,0.19612,0.20692,0.20091,0.89211,0.20735,0.21659,0.24011,0.2589,0.21142,0.21774,0.21622,0.21151,0.44171,0.18485,6.9382,57.084,22.404,19.166,28.461,6.4122,18.536,11.669,5.1023,1.4859,1.7595,3.7415,3.8178,0.16726,0.1203,0.12208,0.1028,0.11151,3.4408,1.889,13.773,2.8325,3.1666,1.799,11.563,14.219,12.318,12.018,10.152,8.534,7.8001,9.6819,3.4316,1.2514,2.2494,3.4499,4.6386,7.372,5.4346,8.2754,3.9594,3.3981,6.8107,5.6938,1.0798,4.1367,0.88971,1.0358,2.2976,0.1539,0.15356,0.15576,0.15538,0.15537,0.15501,2.5093,2.7785,2.7621,1.8324,1.3293,0.1566,2.0782,3.3292,5.106,1.4674,0.28631,1.1338,0.63228,0.47926,1.0589,6.8859,2.1204,0.45867,3.8969,3.6803,0.43355,0.22684,1.2478,0.20606,10.744,2.2753,0.55172,0.21589,20.91,14.104,0.48808,0.21156,18.535,4.0739,0.17454,2.9926,0.16082,0.31695,0.14609,0.1463,0.152,0.12978,0.11679,7.6582,0.96223,0.61898,0.39642,0.54207,2.4106,7.3615,17.216,13.043,7.7032,0.85409,1.2762,0.84335,0.61703,2.1921,0.71183,0.17343,34.231,48.226,29.378,24.142,23.889,29.65,17.579,5.0932,0.17266,18.503,15.305,22.042,16.435,7.4572,22.84,0.37727,0.17932,0.15868,1.2877,0.14587,0.1579,0.7294,6.1452,0.1396,0.1213,0.11391,0.12141,13.315,18.362,6.1804,0.28144,0.21829,0.20321,11.014,17.936,21.702,0.21823,0.21695,0.21141,0.21353,0.21664,0.22085,0.22701,0.22083,0.2235,0.22198,0.22339,0.22543,0.22554,0.2232,0.22004,0.22058,0.2155,1.0086,0.54562,0.29461,0.21055,2.4431,1.8189,3.1752,1.4202,20.947,0.92201,7.0028,26.812,9.5069,0.65373,9.5952,6.9209,16.258,10.072,11.345,12.639,19.456,16.366,1.6738,0.12994,0.39254,0.075253,2.5038e-07,0.085305,0.05076,0.1102,9.5716,24.989,0.043688,15.739,0.50717,30.682,4.1364,1.3155,0.11204,2.6739,0.1434,0.12035,11.316,0.13374,13.005,8.3537,4.4153,0.52282,0.73163,0.95188,0.17622,0.47613,0.15954,0.17913,0.37145,0.40259,0.12581,0.10462,0.60305,0.27258,0.15732,0.15622,0.15167,0.25926,0.62051,0.24711,0.16191,2.5177,0.13664,0.29597,5.3307,3.9037,0.1336,0.14526,0.15534,0.15549,0.15514,0.16939,0.15483,0.23385,1.2241,0.88223,1.3333,0.15448,0.15438,0.83642
2018,5,126.71,109.61,123.65,126.65,120.45,136.38,146.67,179.99,182.79,186.17,186.23,188.44,184.92,180.96,185.56,184.06,129.79,128.98,146.82,144.73,71.339,84.732,86.976,76.28,156.32,98.29,103.42,121.53,150.59,147.83,137.5,183.45,134.51,151.99,143.45,169.44,160.32,148.1,156.04,155.42,146.07,105.69,68.44,108.21,90.144,85.535,120.49,108.92,89.07,84.012,98.209,94.703,68.518,70.49,61.565,22.251,0.044701,18.572,4.8543,9.4434,48.676,34.191,55.41,37.194,44.233,40.177,65.932,66.319,65.218,64.796,54.805,70.532,80.879,99.856,57.026,52.372,54.771,55.643,40.337,45.832,45.419,49.824,48.776,48.861,65.246,55.033,53.533,62.494,53.922,52.205,47.716,13.31,0.36166,0.8774,0.057735,0.057734,0.057599,7.4115,9.1281,9.4517,6.7678,4.2614,0.55383,7.772,10.25,13.161,6.445,2.2255,5.6224,1.6289,2.1877,8.3443,17.886,8.6217,4.3309,14.743,13.959,3.8692,0.097346,7.2833,0.086103,19.537,6.3972,0.42069,0.080221,22.323,20.154,0.25452,0.078609,20.967,8.8822,0.064853,7.5648,0.059758,1.5173,0.054285,0.05436,0.095736,0.048221,0.043395,15.883,0.42768,2.1286,0.28903,3.3284,12.334,20.679,26.47,22.413,16.691,0.36129,0.7443,0.31337,0.22928,1.4818,0.34825,0.064444,35.968,41.253,32.365,29.22,28.987,30.235,22.244,9.0938,0.064158,24.554,20.53,22.862,20.939,9.5859,20.098,0.14019,0.066629,0.05896,2.8507,0.054201,0.058673,0.85791,9.1599,0.05187,0.045073,0.042325,0.045112,49.257,55.532,36.875,10.157,1.0714,1.0236,21.192,27.525,29.449,36.97,36.658,6.0606,32.9,52.292,43.29,21.091,35.46,19.94,21.529,17.746,5.4584,19.133,5.6893,2.9589,17.378,9.5783,42.37,15.973,5.8066,6.0361,47.879,9.1103,11.345,9.3405,40.062,9.9203,25.722,35.229,24.667,6.5391,26.804,43.531,68.08,50.052,50.034,40.56,66.135,23.454,6.325,0.25954,2.7489,0.027962,9.3034e-08,6.4905,0.019591,14.066,36.992,56.374,16.887,54.51,30.922,89.9,57.574,30.234,9.9021,46.645,14.161,12.768,40.006,3.9157,19.977,16.611,14.122,0.31041,2.2888,6.6456,0.065481,0.37335,0.059282,0.066559,0.38517,0.26325,0.046748,0.038873,0.82169,0.10257,0.058457,0.058046,0.056358,0.14285,0.59459,0.091821,0.060163,32.959,19.662,21.632,39.269,31.393,8.2468,0.34522,0.057721,0.057775,0.057647,0.06294,0.057532,0.086892,1.7275,0.87702,3.3503,0.057403,0.057364,2.3863
2018,6,32.856,25.549,25.947,30.022,24.579,24.887,27.457,29.579,30.599,29.981,29.722,29.701,28.713,27.966,29.139,29.227,28.012,27.023,28.696,25.996,28.167,26.368,24.921,23.564,30.282,22.698,22.011,23.462,26.534,28.238,28.265,29.917,26.929,37.091,27.664,36.305,37.255,47.451,42.802,40.352,34.077,27.242,22.561,28.373,23.915,23.322,27.147,26.106,23.678,22.103,24.755,23.82,18.541,18.971,18.819,10.549,0.01661,9.3937,3.6531,6.029,16.468,13.663,18.843,14.322,15.609,14.709,19.698,20.111,19.696,19.641,18.305,19.986,20.761,22.545,17.419,16.406,16.928,17.256,15.206,16.532,16.21,17.282,16.58,16.378,18.985,17.567,16.526,18.238,16.528,16.331,16.099,8.0177,0.31372,0.87614,0.021453,0.021452,0.021403,13.397,17.003,17.898,14.124,10.219,5.3678,18.608,19.243,21.414,16.653,11.377,32.053,18.73,17.611,28.529,42.692,21.303,20.138,42.921,35.816,16.7,15.12,37.127,18.588,49.308,35.89,25.386,4.5818,54.157,51.427,23.609,6.2292,47.295,32.507,0.024098,26.044,0.022205,18.387,0.2853,1.5719,9.1484,0.017918,0.016125,25.731,5.1797,3.3992,0.78382,8.3538,18.366,23.548,23.75,21.481,21.892,7.6731,9.4288,0.70055,0.10311,11.219,7.4152,0.023946,43.571,40.322,43.454,43.966,46.312,34.641,37.157,15.683,0.02384,34.713,38.472,44.697,47.989,45.064,58.695,12.222,0.40518,0.021908,9.6645,0.02014,0.312,13.934,33.127,0.019274,0.016748,0.015727,0.016762,41.883,43.421,35.849,18.386,3.5708,2.2419,19.894,25.99,34.768,22.072,22.492,9.6153,22.766,25.953,21.518,11.882,20.483,13.704,15.467,10.869,4.01,11.457,4.2951,3.2803,11.922,10.158,29.752,21.132,15.634,7.3446,22.037,20.149,26.711,21.171,27.931,18.196,22.903,32.093,26.111,16.541,26.424,22.123,24.33,24.151,25.024,27.537,26.719,40.75,23.221,9.3277,13.359,0.01039,3.4569e-08,14.664,0.050785,11.675,19.221,25.115,8.8816,19.917,13.751,25.819,19.989,13.214,6.2331,17.468,7.9295,7.4071,15.8,3.0646,50.114,47.721,39.07,16.065,23.378,26.479,0.58973,9.5428,0.022028,0.4776,5.598,5.1013,0.01737,0.014444,5.902,1.7387,0.021721,0.021568,0.020941,0.44558,0.7965,0.034119,0.022355,13.601,9.7671,10.568,15.385,14.501,6.78,0.39628,0.021448,0.021468,0.02142,0.023387,0.021378,0.032287,2.4036,0.909,6.6918,0.02133,0.021315,5.9267
2018,7,58.676,45.288,35.437,43.665,41.705,38.881,54.797,60.225,60.198,61.845,59.925,59.757,55.924,53.817,56.68,58.936,68.551,70.155,69.808,64.65,72.656,63.767,71.089,74.996,70.82,76.261,62.905,62.83,54.139,47.738,45.199,44.893,47.375,48.987,62.929,55.286,55.566,54.406,53.972,53.121,53.01,51.659,86.931,73.276,57.717,55.575,66.351,57.286,53.993,52.114,53.574,52.159,48.623,47.926,50.46,36.446,7.9905,49.365,33.414,36.875,53.812,47.978,49.318,60.314,58.969,56.987,62.375,60.155,62.399,61.387,53.25,60.249,69.126,76.378,64.918,64.4,64.259,63.414,70.443,70.863,71.473,72.155,72.379,69.278,68.812,64.544,66.609,64.617,65.905,68.503,71.547,75.878,73.259,81.45,80.995,80.143,76.805,110.99,115,116.02,112.45,105.42,102.64,107.18,109.64,110.58,107.98,104.9,111.7,99.183,99.275,107.98,121.34,107.82,110.71,127.89,122.55,108.88,115.3,128.63,121.74,129.17,124.07,117.37,102.51,135.38,130.46,116.45,103.64,125.94,111.64,75.887,101.26,66.266,96.621,64.541,68.848,86.487,31.888,17.752,210.25,133.32,170.65,170.24,189.76,201.97,204.63,191.21,186.66,185.57,146.21,159.35,93.321,94.217,122.05,132.16,94.12,176.92,180.58,171.4,168.71,167.46,168.93,159.85,152.5,107.65,116.05,119.27,142.95,129.84,148.56,149.64,139.81,118,63.992,146.04,45.138,87.014,123.77,121.65,33.938,19.878,7.633,21.326,205.87,210.97,212.86,200.46,178.71,169.32,183.21,186.75,180.25,66.129,64.961,50.144,63.63,74.213,86.903,109.17,90.285,122.53,130.19,96.591,96.793,101.9,100.23,136.91,123.48,148.49,170.48,189.41,165.42,125.75,108.76,148.59,157.88,119.4,89.629,91.799,87.617,97.417,93.853,90.074,93.972,83.44,79.249,84.599,86.008,92.586,79.914,155.99,117.57,109.58,97.361,60.185,59.965,90.817,71.608,81.604,82.778,76.972,63.079,56.578,48.985,66.599,53.239,48.705,37.244,47.568,32.387,34.535,47.125,25.458,131.05,127.99,115.16,97.19,100.57,101.38,78.977,95.909,73.299,89.45,87.933,90.939,72.904,62.889,100.36,92.502,83.564,74.043,81.266,90.978,90.71,80.126,81.279,75.01,71.319,74.145,76.412,82.243,83.734,81.173,75.661,78.157,69.71,75.753,65.626,77.887,94.25,89.841,103.21,59.589,73.407,103.21
2018,8,67.155,47.611,38.373,32.926,31.133,34.792,40.631,42.686,43.161,44.279,43.125,42.911,40.462,39.081,41.116,45.513,46.706,49.231,50.635,51.499,68.46,55.922,55.846,60.266,55.462,70.415,66.1,64.369,49.866,40.741,35.13,35.727,41.419,40.771,65.241,49.927,50.633,49.33,48.158,47.566,49.211,52.232,102.73,101.81,90.735,85.297,91.157,70.711,76.56,70.767,63.193,59.066,62.39,63.007,74.143,49.944,28.498,47.694,43.78,46.196,51.694,51.052,52.974,51.748,51.46,51.427,51.227,51.792,51.291,51.489,52.656,51.806,50.557,49.79,50.295,50.072,50.228,50.414,51.305,51.548,51.128,51.22,51.047,50.668,50.312,50.971,49.668,50.302,49.607,49.403,50.835,56.342,61.918,68.77,74.195,75.514,74.079,91.758,97.37,98.788,94.477,87.49,90.125,92.304,92.92,93.438,92.824,92.117,93.45,89.737,89.467,92.852,97.087,94.549,96.41,105.25,101.72,94.478,99.766,104.56,99.75,103.05,100.61,99.356,95.482,103.05,103.03,98.817,95.378,100.75,97.086,88.744,94.357,86.088,92.446,83.378,84.12,86.506,72.335,66.84,132.65,132.93,126.42,124.53,123.25,123.15,124.18,119.16,117.64,120.16,120.66,133.03,125.64,118.35,112.77,105.54,94.292,116.93,119.02,110.98,109.29,108.97,107.14,100.92,94.341,77.899,85.352,86.429,94.93,93.635,99.006,103.18,88.824,80.896,80.363,97.397,80.996,81.773,86.108,94.819,72.557,68.628,60.146,68.412,153.34,159.14,157.34,140.03,129.88,126.71,126.79,125.91,119.81,77.464,74.91,59.829,66.757,73.818,81.737,95.14,89.468,103.25,107.81,84.842,92.537,90.602,95.059,112.73,101.65,115.55,133.33,139.77,115.19,103.38,102.34,109.47,110.82,97.929,93.228,88.359,93.662,93.485,87.639,92.393,88.985,99.598,104.43,100.36,99.648,94.345,97.753,103.81,85.499,86.405,74.466,64.833,66.486,81.744,65.938,67.644,67.646,76.252,51.301,62.592,65.328,100.34,85.161,57.345,51.006,71.065,45.814,42.62,45.023,36.55,97.112,98.196,93.016,92.516,93.507,87.979,84.117,83.599,78.604,75.469,67.574,71.195,69.986,68.219,76.551,72.589,70.484,72.51,69.613,75.631,74.072,69.881,71.882,51.232,50.193,51.713,52.171,56.334,60.074,64.165,71.364,70.386,70.174,68.744,69.971,68.913,75.333,72.731,84.033,69.977,74.561,85.183
2018,9,87.501,71.799,70.84,35.45,28.8,47.026,41.13,33.96,34.745,34.768,35.015,35.041,36.183,37.056,37.281,41.858,42.353,39.928,39.861,41.106,85.42,64.413,58.134,66.329,43.923,67.43,48.347,48.323,52.626,56.637,54.722,58.06,56.734,59.056,58.792,57.593,57.267,59.114,58.832,58.166,56.304,53.737,115.74,102.23,88.342,80.698,84.527,62.311,68.653,60.422,54.97,53.222,49.546,49.033,67.119,57.447,44.375,45.711,49.824,51.896,52.142,53.34,57.092,45.231,47.855,48.887,48.594,50.426,48.458,49.341,54.313,52.186,46.98,44.568,45.885,45.944,46.168,46.62,38.158,38.785,38.307,38.202,39.856,40.907,43.6,45.256,43.817,46.714,44.476,41.758,41.097,46.317,53.271,59.018,65.398,67.42,65.823,74.451,77.398,78.215,76.127,74.513,76.352,81.324,79.828,80.285,80.456,80.446,92.632,89.048,85.871,87.797,93.97,84.209,86.821,98.058,92.808,83.66,92.111,97.194,98.417,104.13,104.81,107.25,106.1,109.05,108.29,107.37,106.52,109.05,108.58,105.39,107.89,96.551,95.96,58.94,55.922,56.575,30.523,24.675,160.44,97.65,110.78,116.37,129.37,138.25,142.97,118.71,113.37,120.87,93.477,112.31,71.614,68.187,70.249,72.012,52.908,84.54,83.327,79.4,79.589,81.119,72.91,72.498,62.451,46.933,77.449,83.762,84.054,93.378,93.86,105.42,63.725,49.561,42.927,69.823,36.923,40.739,54.852,86.686,33.219,25.994,23.729,26.371,125.24,124.78,124.97,126.88,115.89,104.41,94.55,83.448,83.024,92.966,90.569,77.467,86.376,98.88,118.95,155.97,115.45,147.22,143.76,135.39,154.44,146.44,151.22,142.62,143.24,130.5,127.68,110.89,87.685,118.65,117.67,75.67,76.347,65.728,66.461,57.569,68.105,61.753,53.971,63.273,56.142,86.546,94.255,82.615,80.377,66.337,83.282,80.398,73.912,61.964,68.333,64.802,58.037,50.287,46.741,44.484,45.189,56.625,39.134,59.713,66.876,99.585,84.561,58.327,57.143,73.239,56.496,51.099,47.1,48.651,96.947,98.667,91.935,92.61,92.965,86.63,87.23,85.026,79.534,76.155,66.421,72.048,73.865,74.659,81.762,75.922,70.441,69.397,67.747,68.083,65.018,62.562,64.689,35.295,34.647,36.613,36.738,42.927,50.326,59.171,64.995,64.696,63.415,61.634,63.244,61.527,65.008,63.474,70.028,63.265,65.502,70.847
2018,10,41.845,25.63,22.823,15.493,13.357,18.435,17.315,15.258,15.527,15.581,15.665,15.684,16.079,16.37,16.48,18.333,17.875,17.304,17.385,18.12,45.407,31.202,25.313,27.251,19.303,26.411,22.894,22.584,23.07,23.52,22.126,23.436,23.704,23.801,26.101,24.441,24.28,24.279,24.245,23.478,22.535,21.159,37.382,36.389,30.716,27.998,32.116,23.92,24.623,22.506,21.275,20.795,19.835,19.728,24.081,23.703,20.909,20.888,21.817,21.97,20.994,21.538,22.078,19.49,19.702,19.948,19.54,20.084,19.503,19.75,21.356,20.576,19.117,18.464,18.784,18.794,18.858,18.981,18.488,18.545,18.384,18.375,18.32,18.227,18.39,18.946,18.386,19.011,18.507,17.959,18.2,19.608,20.755,22.018,23.272,23.63,23.319,25.369,25.968,26.126,25.689,25.227,25.502,26.357,26.191,26.284,26.246,26.172,28.033,27.38,26.853,27.269,28.31,26.804,27.174,28.898,28.155,26.705,27.852,28.737,28.605,29.719,29.589,29.878,29.414,30.399,30.291,29.865,29.487,30.29,30.017,28.976,29.813,27.908,28.381,22.287,21.719,22.248,13.81,10.946,70.619,59.604,32.855,34.413,39.219,42.937,46.03,39.442,38.371,43.568,44.866,61.933,41.535,39.719,36.211,35.377,28.871,47.217,42.747,47.952,49.55,51.835,40.337,43.243,32.353,28.537,28.007,27.028,33.112,28.301,30.537,30.351,33.156,29.825,23.85,32.593,18.04,20.458,25.165,28.231,15.325,11.645,10.789,11.844,41.803,41.997,41.201,39.876,35.283,32.637,34.553,35.727,41.679,57.949,58.227,59.775,56.845,52.092,44.57,35.524,47.319,36.906,37.388,35.102,34.962,36.21,35.182,34.937,35.049,35.015,40.098,37.014,37.515,33.878,34.271,34.92,40.077,32.553,28.88,26.94,28.909,27.094,25.1,27.062,26.041,33.973,38.045,34.682,34.066,30.22,33.554,44.605,29.825,30.717,24.339,22.9,22.884,24.407,22.069,22.269,22.215,24.674,19.294,24.861,25.993,36.143,28.647,24.421,24.267,26.387,24.099,23.323,22.282,22.829,28.817,29.031,28,27.9,28.03,27.069,26.783,26.699,25.434,24.999,23.331,24.358,24.496,24.865,26.343,25.424,24.111,23.823,23.612,23.791,23.253,22.673,23.093,18.836,18.663,19.098,19.076,20.288,21.473,22.5,23.104,23.039,22.78,22.462,22.725,22.457,23.313,22.953,24.425,22.695,23.263,24.575
2018,11,40.555,34.427,38.009,35.453,16.266,28.01,15.481,5.9771,5.9519,5.8369,6.0073,6.0631,7.0935,7.9622,7.2297,9.866,10.474,9.5135,12.341,8.6048,27.11,23.048,14.947,15.338,23.773,14.802,14.699,14.071,17.422,21.344,19.521,27.836,21.742,19.463,19.148,20.987,17.752,15.454,16.721,15.294,13.407,9.65,24.594,34.717,17.552,13.421,24.068,10.57,9.9146,8.5058,8.0452,7.9434,7.3702,7.3305,9.414,11.483,13.954,19.7,15.737,14.996,11.595,12.654,11.091,13.95,9.5433,9.4838,7.3721,7.8857,7.3449,7.5165,10.289,8.4243,7.1617,6.8746,7.0061,7.0131,7.0397,7.0936,24.824,22.795,22.382,22.484,16.12,12.513,7.4576,8.4856,7.2557,7.1082,7.0788,8.0309,11.686,13.266,9.433,8.1815,8.6474,8.7805,8.6649,9.4266,9.6492,9.7078,9.5453,9.3737,9.4761,10.573,9.7842,10.308,9.931,9.9649,22.941,24.685,19.86,18.229,20.742,12.249,11.915,14.237,12.951,10.696,12.12,12.867,10.899,16.5,12.853,15.371,14.902,15.453,16.133,14.904,14.373,15.082,13.457,12.889,13.008,11.139,11.061,8.2989,8.0804,8.4101,5.1314,4.0671,32.019,23.212,13.643,15.311,21.038,25.702,27.45,21.32,20.119,22.879,19.837,24.244,18.041,17.404,16.074,16.036,13.064,35.3,30.081,35.541,36.931,39.265,26.148,30.142,16.622,14.121,36.106,24.87,24.649,20.126,15.397,13.143,18.387,15.141,10.849,15.433,7.5481,8.8522,10.838,11.329,5.9,4.3271,4.0088,4.4011,20.412,20.253,19.909,19.828,15.892,13.848,17.73,21.424,29.143,36.403,35.59,32.411,31.322,29.222,24.378,15.406,27.71,16.635,17.07,16.239,15.197,16.648,15.484,14.965,15.237,15.62,19.313,17.53,23.207,15.81,17.274,21.558,28.005,20.249,15.998,14.498,15.637,16.376,12.541,13.516,13.592,22.253,30.439,24.737,23.815,18.978,23.621,36.504,26.119,20.951,16.308,13.273,14.548,13.564,17.914,22.016,22.967,17.372,28.957,17.734,14.989,26.371,13.375,16.346,14.78,11.779,12.249,14.477,17.805,13.987,19.454,18.364,22.338,28.921,29.13,24.827,24.438,19.482,13.016,10.002,13.795,14.002,14.526,13.567,12.646,13.007,10.225,8.8519,9.8671,8.8402,8.6404,8.4249,8.5809,37.992,38.268,35.625,34.906,27.608,21.341,13.878,8.5851,8.5608,8.4645,8.3464,8.444,8.3445,8.6625,8.5287,9.0757,8.433,8.6441,9.1314
2018,12,30.808,26.663,23.337,22.054,13.725,21.07,19.85,12.231,13.102,11.122,10.657,11.393,11.112,12.206,11.054,23.064,24.353,27.324,36.857,22.752,20.99,22.536,18.701,18.503,59.673,28.645,30.637,30.771,26.282,22.565,19.263,26.611,23.39,17.14,34.593,27.56,22.588,13.109,15.538,16.557,19.965,21.024,37.406,77.894,60.786,59.176,66.475,43.978,62.366,52.358,37.729,25.74,29.949,33.277,57.805,63.201,43.271,17.513,30.094,29.298,24.116,22.287,27.559,11.993,10.917,12.047,12.804,16.092,11.576,13.42,22.585,28.81,21.614,26.9,8.7774,9.8676,9.719,9.5212,63.125,61.382,75.545,80.353,77.079,43.106,26.893,17.208,25.464,12.819,21.89,38.517,64.149,79.461,70.661,38.03,39.023,35.414,35.495,36.781,33.618,32.623,32.861,44.609,38.596,71.038,64.675,72.035,58.832,55.202,79.707,97.566,92.671,82.222,68.89,77.737,60.883,46.592,56.216,56.971,44.419,36.451,11.533,35.279,12.952,18.268,16.801,19.29,24.327,16.043,14.204,18.148,10.032,8.8467,8.3818,5.1933,4.6485,3.0837,3.0025,3.125,1.9067,1.5112,13.939,8.6251,6.0631,6.7092,10.291,12.629,13.186,15.639,14.124,11.158,7.6938,9.1774,6.7038,6.4669,5.9727,6.1491,4.8543,36.329,37.435,35.754,36.975,40.919,28.305,30.866,10.557,5.8101,111.35,82.128,50.617,55.535,10.036,9.6083,9.5992,6.423,4.0312,6.7147,2.8047,3.2893,4.0332,5.3235,2.1923,1.6078,1.4896,1.6353,8.7495,8.5816,8.4542,8.7577,6.7358,5.9028,11.64,16.902,28.165,30.713,28.297,19.435,19.886,20.365,18.867,12.628,23.376,10.959,10.611,13.744,13.152,13.926,13.412,9.6848,11.847,10.703,9.4771,8.2262,22.173,16.537,25.34,27.261,34.299,40.77,53.246,45.057,38.214,67.687,50.528,35.328,47.578,43.258,52.591,51.125,51.827,54.222,63.437,52.02,75.537,55.017,84.436,74.492,70.253,57.043,87.893,82.006,45.555,49.326,34.118,41.877,54.221,64.553,75.732,40.256,49.136,73.872,65.201,49.084,35.05,53.179,50.928,45.854,76.745,105.74,106.31,101.8,96.118,79.925,67.53,41.535,83.66,71.101,68.83,51.093,37.373,46,46.328,36.063,50.637,35.332,37.597,39.537,37.877,149.56,157.19,150.91,137.16,126.85,107.39,77.33,45.224,45.941,37.945,40.072,37.422,40.191,40.964,40.19,36.346,36.216,34.096,32.621
2019,1,293.82,340.44,430.02,492.54,475.44,452.58,346.89,346.65,356.32,336.77,336.97,334.03,323.61,316.38,311.41,273.75,236.67,223.86,250.39,244.86,220.34,243.38,216.62,207.4,264.83,201.28,201.72,200.42,195.36,177.81,190.78,185.75,175.27,180.24,209.52,211.72,205.55,196.5,198.38,205.92,220.9,247.29,193.31,253.03,273.23,284.57,248.34,274.45,301.45,306.55,290.41,274.96,301.04,308.11,297.79,173.59,81.418,40.587,55.277,48.663,25.227,30.768,29.182,19.804,14.869,16.175,12.445,15.994,11.718,13.458,24.69,21.098,14.071,13.632,8.1139,8.8572,8.9114,9.1318,73.124,69.911,74.532,76.734,64.7,43.919,23.149,19.743,21.038,10.866,17.766,30.396,51.879,71.605,62.639,35.379,36.332,33.858,33.44,24.907,20.889,19.95,22.06,34.849,30.19,52.364,44.354,46.864,43.583,42.667,110.42,108.5,97.936,93.676,95.809,55.495,52.6,59.508,57.222,47.086,51.287,53.008,52.583,88.754,78.628,95.714,96.6,108.65,102.57,95.74,97.554,122.91,114.45,110.18,123.95,92.887,90.288,25.098,24.617,35.07,4.2362,0.63074,79.397,76.292,14.568,9.9338,15.128,21.556,35.216,51.701,48.429,45.816,43.442,67.455,55.53,48.873,54.78,41.65,31.08,94.594,94.159,101.32,101.79,109.94,90.339,101.56,57.931,33.007,154.1,133.52,128.41,112.42,66.201,87.513,46.305,35.368,15.118,41.652,8.2736,22.05,36.651,79.245,2.7369,0.82524,0.55349,1.0744,88.214,94.566,59.138,32.375,15.639,10.995,27.013,39.419,69.729,227.42,227.26,226.7,220.07,213.57,189.29,146.49,192.84,138.8,133.03,162.02,148.41,156.31,147.75,100.61,124.48,92.838,106.95,52.651,69.407,113.17,158.22,98.807,102.96,160.46,209.14,204.6,193.51,212.81,214.64,184.05,213,200.35,214.16,212.41,213.91,218.8,235.31,126.21,147.09,174.6,152.39,142.65,142.36,209.07,162.84,162.71,132.82,190.05,69.636,144.25,182.8,242.18,282.54,135.47,137.81,250.33,152.55,110.07,83.417,95.823,103.14,99.638,113.02,110.06,111.06,120.78,105.29,96.078,70.954,53.936,146.83,120.36,111.1,80.181,62.955,68.979,59.524,41.444,59.969,36.278,35.7,38.785,37.678,120.06,123.11,120.7,113.13,106.14,98.125,79.438,44.806,47.343,36.725,38.931,35.687,38.906,35.784,36.901,28.403,33.722,30.855,25.991
2019,2,37.987,38.061,38.114,43.203,43.554,41.215,42.953,59.553,62.229,64.25,63.327,63.171,60.599,59.3,60.088,53.735,37.559,37.633,41.142,42.444,38.733,38.083,37.48,37.428,41.616,36.551,35.362,35.65,41.255,43.365,49.274,46.397,42.324,46.107,39.006,45.714,44.791,46.564,46.153,46.261,45.001,43.763,38.012,41.998,41.793,42.579,40.369,42.6,43.58,42.934,43.439,42.457,40.618,40.421,44.213,46.795,43.342,40.416,37.968,34.077,18.188,23.621,19.038,22.795,13.124,13.512,7.1009,9.5927,6.8203,7.8911,16.631,11.207,6.7591,5.9338,4.3266,4.6546,4.7484,5.0238,47.168,44.541,43.416,43.545,34.117,27.475,12.979,13.697,11.543,5.6262,9.5256,16.629,26.9,30.364,23.357,15.434,15.719,14.959,14.838,11.854,10.053,9.5957,10.646,15.386,13.849,20.12,18.224,18.944,17.949,17.665,33.37,32.872,29.795,28.797,29.9,20.915,20.003,21.538,20.915,18.741,19.364,19.697,17.736,26.947,22.385,26.09,25.83,28.464,28.246,25.642,25.292,28.528,25.26,24.191,24.924,21.778,21.628,11.306,11.192,13.848,3.087,0.27621,20.537,21.443,8.0593,5.9684,8.2321,10.608,14.236,18.493,17.479,16.393,16.127,19.506,20.23,18.324,19.437,15.906,13.376,27.736,26.197,29.286,30.561,33.338,25.456,29.504,18.702,13.41,39.394,35.894,35.881,32.954,22.523,25.859,17.525,14.084,8.2837,15.463,5.3616,10.546,14.587,21.916,1.9733,0.44193,0.20567,0.66908,20.781,21.285,17.728,13.322,8.4762,6.5248,12.31,15.648,21.877,37.022,37.408,39.801,39.461,39.14,38.285,35.892,35.771,32.622,30.84,37.106,36.228,36.675,35.774,25.663,31.034,23.932,23.823,16.946,21.264,28.783,35.652,26.293,28.228,38.203,43.596,45.349,41.005,45.688,46.697,40.973,45.96,39.488,39.374,40.9,41.467,44.778,44.699,35.597,38.32,42.326,36.86,34.718,38.252,48.407,47.861,54.335,56.818,58.479,55.869,55.71,52.674,41.706,46.798,53.4,50.895,47.64,46.672,48.161,50.86,44.586,31.684,30.689,33.583,34.067,34.262,34.741,32.365,29.734,23.807,19.679,34.82,31.718,30.672,25.965,21.886,23.733,21.152,16.935,21.31,15.632,15.518,16.374,16.054,56.299,56.305,53.658,53.696,44.787,37.242,28.072,17.935,18.496,15.803,16.422,15.51,16.418,15.6,15.894,13.215,14.931,14.027,12.319
2019,3,16.121,16.115,16.019,18.584,18.813,17.701,18.73,26.289,26.808,28.112,27.301,27.274,25.732,25.034,25.618,23.625,18.229,18.241,20.399,19.566,16.908,16.515,16.38,16.364,26.492,15.814,15.128,15.299,17.98,18.757,20.713,19.794,18.39,19.612,16.925,19.612,19.274,19.746,19.653,19.714,19.349,18.927,16.467,18.255,17.913,18.29,17.198,18.39,18.722,18.465,18.756,18.403,17.537,17.4,19.018,23.854,28.267,25.708,21.449,17.788,8.894,11.541,9.0926,13.563,6.9804,6.9631,2.9587,4.2737,2.8694,3.3895,8.0234,4.6702,2.5115,2.2049,1.64,1.7586,1.8117,1.9679,26.6,25,24.203,24.136,18.161,15.162,5.7142,6.8435,4.9317,2.1361,3.9034,7.6885,13.682,14.78,9.5088,5.7349,5.8407,5.5585,5.5134,4.4048,3.7355,3.5655,3.9558,5.7169,5.1459,7.476,6.7716,7.0547,6.6693,6.564,14.361,13.978,12.282,11.817,12.673,7.7714,7.4326,8.3757,7.8616,6.9639,7.2259,7.5195,6.6591,12.158,9.4168,11.69,11.598,16.11,14.008,11.578,11.436,16.581,11.626,10.63,11.109,8.8169,8.8078,4.2046,4.1706,5.335,1.147,0.10263,7.6556,8.8699,2.9946,2.2177,3.0589,3.9418,5.2899,7.2782,6.7243,6.2402,6.417,7.6541,8.9074,7.8688,8.3999,6.4356,5.2974,11.608,10.437,12.493,13.245,14.61,10.333,12.747,7.2879,5.065,17.096,16.21,15.68,15.408,10.312,14.099,7.2445,5.4024,3.078,5.9907,1.9923,3.9517,5.8131,9.3694,0.73324,0.16421,0.07642,0.24861,7.7394,7.9338,6.5874,4.9501,3.1496,2.4244,4.5741,5.8144,8.3426,15.87,16.128,17.389,17.248,17.112,16.799,15.921,15.53,14.485,13.625,16.391,16.055,16.22,15.859,11.004,13.755,9.9182,9.5746,6.2969,8.106,12.482,15.622,10.734,11.795,16.683,18.848,19.51,17.844,19.643,19.995,17.856,19.733,17.112,16.903,17.679,17.932,19.3,19.244,15.512,16.611,18.368,15.825,14.8,16.671,20.575,20.407,23.554,25.478,24.46,32.568,27.99,24.73,17.897,20.047,28.165,28.134,20.514,26.172,31.16,34.452,30.353,14.216,13.371,14.464,14.596,14.688,14.855,13.742,12.415,9.1824,7.3279,14.737,13.298,12.815,10.683,8.6261,9.5987,8.0817,6.2928,8.1135,5.8085,5.7663,6.0841,5.9654,30.223,30.197,28.014,28.637,22.2,16.957,11.922,6.6641,6.8727,5.8721,6.102,5.7632,6.1005,5.7966,5.9058,4.9103,5.548,5.2122,4.5775
2019,4,61.508,20.754,32.004,37.38,19.842,27.487,29.71,48.395,48.449,52.633,48.567,47.73,38.532,33.325,36.492,24.093,29.522,23.649,28.49,20.073,48.371,27.568,25.992,23.019,44.795,10.155,5.8455,6.0406,6.7533,6.9698,7.7698,7.3551,6.8332,7.2873,7.2098,7.8592,7.2246,7.3372,7.3028,7.3252,7.1896,7.0329,6.1188,8.7959,6.6561,6.7963,6.8223,6.8332,6.9568,6.8613,6.9694,6.8381,6.5162,6.4655,7.0666,10.47,13.051,12.019,9.8286,7.7878,3.3156,4.4158,3.3786,6.191,2.7019,2.6203,1.0994,1.588,1.0662,1.2594,2.9813,1.7353,0.93322,0.81927,0.6094,0.65346,0.6732,0.73121,12.145,11.417,11.017,10.965,8.0467,6.7786,2.1259,2.6471,1.8325,0.79374,1.4504,3.0096,5.8364,6.1731,3.5893,2.131,2.1703,2.0654,2.0487,1.6367,1.388,1.3249,1.4699,2.1243,1.9121,2.7779,2.5162,2.6308,2.4782,2.439,5.3361,5.194,4.5639,4.391,4.7354,2.8877,2.7618,3.1122,2.9212,2.5876,2.685,2.7941,2.4744,4.9728,3.7038,4.7192,4.7151,7.5862,6.1498,4.7368,4.7219,7.9318,4.9936,4.4545,4.7368,3.4079,3.3812,1.5623,1.5497,1.9823,0.42621,0.038136,5.8607,3.2958,4.9805,0.96063,1.1366,1.4647,3.5436,11.725,9.198,3.727,2.3844,2.8441,3.3098,2.9239,3.1212,2.3913,1.9684,4.3134,5.1208,4.6419,4.9216,5.4288,3.8395,4.7363,2.708,1.8821,6.4496,6.4526,5.8265,6.3297,4.0935,6.4825,2.6919,2.0074,1.1437,2.226,0.74027,1.4684,2.16,3.5827,0.27246,0.061017,0.028396,0.092379,9.2208,10.925,2.8987,1.8394,1.1703,0.9653,1.9035,2.1605,3.0999,22.798,23.505,27.755,42.323,49.684,34.415,9.3075,15.773,11.313,10.716,12.554,8.7177,10.825,7.5635,4.0889,5.8542,3.6854,10.903,2.3398,3.012,4.638,5.8048,3.9887,4.3826,6.1989,7.0034,7.2495,6.6303,7.2988,7.4295,6.635,7.3324,6.3583,6.2807,6.5692,6.6631,7.1715,7.1505,5.7639,6.1724,6.8251,5.8801,5.4993,6.1946,7.6454,7.6003,9.4334,10.823,9.7439,14.731,12.444,10.526,6.6502,7.4491,12.651,12.721,7.7126,11.861,14.197,15.465,13.909,5.5478,5.0115,5.3744,5.4234,5.4576,5.5197,5.1063,4.6133,3.412,2.7229,5.4758,4.9412,4.7619,3.9696,3.2053,3.5667,3.003,2.3383,3.0148,2.1583,2.1426,2.2607,2.2166,13.559,13.54,12.5,12.85,9.5778,6.6323,4.4298,2.4762,2.5537,2.1819,2.2674,2.1415,2.2668,2.1539,2.1945,1.8246,2.0615,1.9367,1.7009
2019,5,101.89,66.129,59.144,63.36,50.905,58.549,78.621,89.879,87.677,92.455,87.687,87.143,76.889,70.834,75.357,61.487,95.251,84.573,83.155,64.067,98.662,91.374,84.355,76.57,86.357,39.717,17.835,18.401,14.163,5.2247,12.665,8.915,4.3015,5.6663,22.503,17.35,13.842,9.7542,8.682,7.4027,5.5423,2.9013,3.6605,21.79,2.4733,2.5253,16.786,3.7094,2.585,2.5495,2.5897,2.5409,2.4213,2.4024,2.6258,4.0416,5.1838,7.4852,3.6521,2.8938,1.232,1.6408,1.2554,2.4286,1.0039,0.97366,0.40851,0.59006,0.39618,0.46798,1.1078,0.64481,0.34676,0.30442,0.22644,0.24281,0.25014,0.2717,15.517,13.331,13.657,13.777,8.3465,4.6143,0.78995,0.98361,0.68091,0.29493,0.53894,1.1183,5.1973,20.527,31.278,14.81,16.073,21.388,23.953,16.714,7.1642,5.1636,9.1933,26.185,8.0569,32.631,33.337,39.688,25.33,15.989,3.0929,2.2364,3.3767,7.7443,15.141,32.864,17.48,11.429,19.926,17.797,1.474,5.0059,4.2032,23.135,14.008,12.758,13.744,36.193,29.924,14.026,15.646,43.915,32.369,23.539,36,16.991,16.638,0.58053,0.57583,0.73659,0.15837,0.014171,4.6027,1.2247,6.7203,0.44346,0.42234,0.54424,2.1289,12.272,11.568,3.1822,0.88599,1.0568,1.2298,1.0864,1.1598,0.88855,0.73141,12.568,23.952,12.288,9.6692,9.4659,18.285,14.914,10.495,0.70338,23.404,19.471,18.372,18.584,7.6787,25.611,1.3541,0.74682,0.42498,1.1238,0.27507,0.54561,1.8401,17.883,0.10124,0.022672,0.010551,0.034326,39.709,41.738,16.019,1.9175,0.70948,1.494,6.7021,1.5325,4.162,98.641,96.82,89.674,94.516,92.086,72.52,26.854,68.421,33.08,33.274,39.702,24.588,33.75,20.985,8.5285,16.88,4.2924,40.03,4.9709,1.1192,2.0222,8.0747,1.4821,1.6285,2.3034,4.3553,2.6937,2.4637,9.664,2.8276,2.4654,2.7245,2.3626,2.3338,2.441,2.4759,2.6648,2.657,6.3075,5.9305,2.536,6.4569,2.0434,3.0746,3.4814,4.5375,8.3894,11.92,13.167,21.122,8.9727,5.2216,2.4711,2.7679,7.8009,6.3847,2.8658,4.572,6.6838,14.172,5.5811,15.393,12.2,9.0997,2.0152,2.0868,4.7405,1.8974,4.5042,6.0802,27.686,2.1316,3.6126,1.7734,5.4182,20.191,18.194,24.403,21.56,25.986,33.773,45.406,49.572,39.557,27.653,28.278,26.806,25.064,24.409,20.343,19.463,22.797,28.75,34.472,49.107,33.455,52,49.37,52.981,27.467,29.892,20.144,20.578
2019,6,41.435,30.098,23.713,24.656,23.035,25.333,32.014,32.538,31.076,32.479,32.893,33.603,35.704,37.29,36.922,42.219,39.694,41.442,41.658,41.261,51.39,42.744,45.701,46.805,49.021,49.906,43.592,44.227,50.505,49.052,55.265,60.209,47.392,52.665,62.379,60.637,57.422,55.752,55.493,67.451,83.461,107.37,121.49,165.52,143.9,150.1,138.42,131.23,164.05,158.91,139.24,130.63,156.27,164.37,152.66,112.89,79.282,92.365,67.141,53.558,34.235,33.115,11.714,72.399,39.529,33.721,16.332,17.166,18.327,15.299,17.65,16.165,19.614,22.736,13.913,14.632,14.379,13.878,146.14,139.96,144.75,146.91,130.5,102.13,52.988,50.082,47.385,15.898,37.931,74.33,112.94,138.12,123.64,76.995,78.728,78.924,75.594,62.73,51.544,48.395,56.464,89.244,74.935,129.76,111.23,115.05,112.39,108.2,207.28,201.75,185.99,188.7,205,140.35,137.49,165.2,153.67,122.66,123.54,147.58,130.28,198.43,171.42,190.76,189.53,202.71,205.63,189.27,187.27,197.42,184.79,176.57,178.19,166,166.31,102.32,103.65,124.58,54.813,32.185,40.58,37.107,83.054,68.415,54.297,55.719,65.141,97.661,99.577,82.665,52.625,37.685,40.131,43.709,76.341,75.941,72.459,161.21,143.13,170.86,179.6,191.64,147.55,179.85,127.82,116.21,228.3,219.19,213.17,215.38,181.47,195.98,145.35,120.86,66.483,104.87,47.747,94.686,136.15,171.58,44.355,32.374,17.035,37.468,57.614,60.461,59.65,58.97,64.374,71.092,83.85,68.091,119.37,43.608,45.095,52.897,54.447,54.529,53.393,45.602,46.64,50.186,51.242,47.535,48.361,46.818,54.475,42.803,53.109,45.393,57.705,54.656,60.583,70.864,119.59,96.731,111.59,154.06,220.17,189.64,190.75,250.15,220.57,185.04,212.69,149.07,142.91,154.82,159.03,193.7,164.14,192.91,210.57,191,207.77,180.03,190.71,218.6,199.36,201.05,185.08,184.57,149.55,135.5,134.85,145.12,143.57,124.92,114.58,137.19,102.11,97.698,107.81,81.782,215.43,212.58,218.18,195.04,207.31,215.46,173.46,197.33,155.14,154.06,187.71,190.5,176.8,180.19,191.34,185.66,155.69,107.43,147.14,93.892,83.583,84.548,86.905,202.86,206.35,204.63,193.98,188.79,181.38,163.04,98.374,107.64,80.089,81.902,77.746,81.829,79.974,81.035,69.978,73.706,68.06,66.609
2019,7,92.895,68.823,57.338,48.781,49.77,56.36,53.828,41.032,38.19,37.842,38.521,39.101,40.87,41.725,40.765,42.517,56.307,53.049,51.28,47.04,100.05,80.354,71.701,74.401,55.242,59.38,43.767,43.316,39.866,35.576,36.935,37.388,35.354,33.042,44.072,37.839,36.487,32.485,33.342,33.077,32.961,30.305,58.646,47.779,32.368,30.551,43.625,32.092,29.451,28.149,28.541,28.555,27.205,27.195,27.675,26.175,27.08,31.737,31.692,33.292,35.728,34.576,30.765,35.566,32.786,32.405,27.119,28.819,27.955,27.042,31.622,29.949,27.437,26.876,23.604,24.149,24.169,24.246,44.852,44.734,46.265,46.88,46.558,41.521,36.195,34.943,35.32,25.658,33.257,39.527,45.649,56.835,65.483,65.412,71.327,74.09,74.814,76.064,74.511,73.877,74.659,74.806,71.813,70.574,73.377,73.726,71.905,70.376,46.283,48.161,52.149,53.594,51.903,69.336,66.006,57.806,62.756,68.446,58.336,56.965,56.771,53.367,54.23,51.122,51.546,52.588,52.37,51.54,52.264,54.95,56.139,56.3,58.411,57.175,57.044,54.861,55.628,59.575,57.041,51.774,88.695,86.578,91.224,87.581,83.52,82.969,86.076,90.429,90.484,88.665,83.805,85.938,83.343,82.025,85.038,82.872,78.562,74.335,78.743,74.232,72.982,71.741,80.281,74.688,85.748,80.955,54.767,49.882,57.378,48.367,53.484,51.224,70.509,78.661,73.471,84.043,65.859,72.364,68.697,58.755,58.992,53.218,46.567,53.6,98.856,97.127,92.317,87.729,86.999,86.678,83.018,73.932,73.067,106.23,106.75,109.32,109.34,108.49,106.33,99.862,104.28,100.11,99.395,97.311,97.314,100.18,95.625,90.094,93.773,85.163,97.081,84.774,67.764,77.8,71.133,60.192,61.968,51.044,45.376,43.763,43.856,47.66,43.23,43.612,43.064,44.744,42.458,42.345,42.265,43.154,38.824,64.791,53.608,50.751,48.348,46.34,48.652,44.389,47.658,45.585,41.793,36.361,39.024,30.209,28.685,36.858,28.852,28.814,27.512,27.447,25.549,26.102,28.913,25.58,48.023,48.114,47.889,46.439,46.828,47.665,47.324,52.264,59.925,67.282,45.474,49.524,49.466,56.05,61.287,60.891,66.074,71.577,67.028,74.96,76.879,76.766,75.816,53.644,54.519,55.042,53.102,56.341,58.753,62.37,71.944,72.074,75.685,76.83,75.795,77.076,77.607,77.567,76.757,75.77,74.832,75.945
2019,8,58.21,44.11,27.562,23.506,25.286,29.667,39.116,25.389,21.806,22.417,23.422,24.572,28.619,31.559,30.267,41.686,57.95,59.542,55.4,50.371,81.057,66.808,71.176,75.151,63.387,73.772,65.058,65.129,67.908,74.172,69.034,78.806,74.99,75.434,70.245,73.71,72.676,71.993,72.679,70.598,66.488,57.695,81.875,68.755,47.164,41.206,62.83,49.401,38.427,37.348,43.891,47.26,38.794,37.921,31.771,22.658,18.418,18.45,18.291,17.98,17.124,17.125,14.73,19.434,18.098,17.654,16.259,16.178,16.719,16.021,15.795,15.591,16.222,16.316,15.938,16.006,15.982,15.921,23.92,23.953,24.476,24.731,24.62,22.706,20.616,19.662,20.137,16.148,19.245,21.969,24.539,31.028,37.124,39.166,42.965,44.883,45.767,45.636,44.826,44.503,44.961,45.964,45.062,45.789,46.21,46.371,45.801,45.289,39.631,38.459,40.274,41.736,41.983,45.468,44.752,43.445,44.555,45.152,42.981,43.251,44.101,43.258,43.975,42.884,43.101,44.291,43.549,43.185,43.532,45.098,45.31,45.248,46.189,46.517,46.965,49.261,50.157,56.203,55.286,52.565,138.08,141.17,166.54,163.33,156.34,151.99,152.3,152.8,151.89,149.36,142.56,140.48,144.65,138.57,136.81,130.87,114.8,99.905,106.59,97.084,95.687,93.945,106.68,95.187,118.62,106.18,52.965,44.84,63.141,42.671,57.336,47.811,89.689,102.04,99.727,124.76,85.578,86.7,80.209,55.659,68.824,56.874,55.077,54.32,88.22,88.231,100.71,127.06,147.28,153.27,134.31,109.25,101.22,71.822,74.061,84.89,85.872,87.132,92.113,101.77,82.892,99.849,98.709,97.267,102.07,99.415,101.16,100.27,101.08,98.318,92.677,103.58,97.339,94.798,88.046,84.601,86.427,69.198,59.971,56.789,59.966,58.123,52.251,57.429,52.822,66.735,67.526,62.879,61.572,56.754,52.31,81.91,57.568,62.585,43.8,38.496,37.467,49.782,36.16,35.672,32.517,30.714,22.248,22.185,22.517,54.102,30.013,20.83,20.568,25.376,21.087,19.167,18.895,18.558,41.71,41.437,40.622,38.376,38.719,39.425,36.825,36.8,39.661,38.607,39.109,37.104,35.884,32.848,33.352,33.307,36.786,42.095,37.675,44.744,46.808,47.125,46.071,27.144,27.613,28.106,27.105,29.167,31.336,34.214,42.608,42.413,46.469,47.439,46.634,47.622,47.41,47.613,46.483,46.747,46.201,46.035
2019,9,23.864,18.908,12.67,10.762,11.694,13.611,17.794,12.18,10.197,10.682,11.423,12.232,15.595,18.254,17.011,27.529,27.263,30.448,29.405,30.392,33.264,28.244,33.121,35.913,35.923,47.417,51.428,51.373,56.486,63.37,56.863,69.372,64.905,55.806,52.386,53.678,51.438,43.634,47.878,48.841,51.042,48.936,60.972,57.531,47.131,44.056,53.539,45.222,42.494,42.597,43.195,45.304,44.118,45.101,38.269,23.693,15.029,13.697,12.07,10.6,7.9145,8.7032,6.5671,13.342,10.975,10.381,9.6814,8.9813,10.113,9.4236,7.6786,7.3632,8.6317,8.3843,10.576,10.339,10.355,10.352,24.35,23.961,24.691,25.343,23.125,18.513,13.96,12.946,13.15,9.804,12.108,15.697,21.358,33.433,39.761,37.918,43.812,45.675,45.75,47.349,47.76,47.8,47.606,49.605,50.029,55.269,53.285,53.6,53.848,53.902,57.402,59.686,58.031,57.142,55.961,57.466,56.805,57.067,56.473,55.162,55.147,54.971,46.534,52.734,46.92,48.761,48.1,47.8,50.063,47.905,46.951,46.059,44.206,43.041,42.597,39.133,38.663,26.668,26.041,30.905,21.696,20.047,86.523,102.46,62.245,63.593,67.753,70.576,73.091,71.177,70.936,73.561,84.485,96.343,76.629,72.487,71.537,66.512,59.777,66.511,64.299,69.789,71.389,72.504,69.723,72.317,73.814,74.223,57.754,51.612,59.259,51.306,56.49,49.193,70.261,71.945,56.375,69.504,35.523,45.077,54.481,45.697,29.575,21.079,20.35,20.627,51.719,50.098,52.93,59.905,60.764,59.377,58.64,54.399,60.475,29.109,29.661,32.083,33.463,35.692,41.161,53.664,37.084,52.173,51.651,48.687,54.751,50.672,55.706,55.1,55.108,54.579,48.856,52.245,57.133,58.294,62.008,60.231,63,66.833,67.014,69.116,65.297,65.666,65.927,63.648,65.333,63.358,61.836,62.359,62.229,64.684,54.91,65.908,58.98,64.658,49.909,45.897,51.272,65.465,52.831,49.131,41.704,38.717,23.106,23.538,24.458,50.334,34.875,21.315,20.734,29.305,21.29,18.239,16.882,16.213,52.684,53.614,56.429,62.946,63.036,57.987,59.557,55.742,54.395,49.158,43.019,45.522,46.759,46.398,48.058,46.861,46.832,46.672,46.252,46.536,45.92,45.471,45.792,36.427,38.133,39.182,35.279,38.544,42.113,44.315,45.361,45.835,45.538,45.284,45.558,45.268,45.907,45.625,46.717,45.661,45.843,46.764
2019,10,144.6,92.023,69.419,59.358,54.29,65.604,67.051,57.837,53.905,55.457,57.194,58.527,63.595,66.394,64.649,73.011,70.956,70.231,70.701,74.076,167.54,115.78,110.84,128.16,80.103,125.21,89.12,87.055,83.027,80.003,77.007,79.287,80.705,74.408,86.339,78.416,76.997,70.318,73.184,73.933,77.194,77.933,160.12,106.89,75.824,72.296,92.496,77.239,72.38,74.78,75.729,77.376,80.094,82.264,67.969,61.504,51.006,44.352,40.086,35.135,28.231,29.791,23.684,48.648,42.018,39.855,44.324,39.417,45.189,42.653,29.242,32.526,43.843,46.661,50.829,50.042,49.814,49.181,107.47,105.9,113.61,117.14,112.11,86.512,68.436,56.605,65.094,47.876,59.967,79.558,104.42,134.83,139.5,115.72,124.83,127.63,129.94,100.51,89.453,86.702,95.077,116.97,109.61,124.87,117.28,117.5,118.45,118.62,142.7,153.66,148.18,139.76,129.17,125.79,119.53,105.81,110.45,118.47,106.65,100.86,84.102,102.59,87.943,94.193,92.849,88.88,95.184,92.227,90.35,86.506,84.623,82.818,81.723,68.726,65.359,21.544,18.895,34.522,8.5229,7.4491,222.73,227.39,175.82,181.28,196.24,206.63,207.97,205.74,205.65,211.66,223.35,224.02,210.76,210.78,212.61,208.99,179.28,171.56,171.79,182.63,184.66,183.85,195.63,196.6,223.51,228.19,173.54,148.8,155.8,127.31,123.22,91.932,191.13,214.51,158.79,206.66,68.197,104.98,133.03,86.982,33.347,7.9376,7.6458,7.7529,282.01,285.94,271.89,233.32,196.7,173.77,164.94,157.55,162.94,182.58,178.73,160.2,173.99,194.79,228.91,289.52,226.13,283.49,280.8,254.09,282.16,273.65,277.8,276.31,270.62,255.03,270.63,230.94,172.52,227.74,206.08,159.24,159.79,146,132.22,135.41,134.38,141.78,127.61,143.21,125.98,128.44,108.95,114.39,114.4,120.27,96.89,174.89,173.03,154.24,166.77,162.93,149.73,130.56,142.99,132.39,106.21,74.392,84.791,56.053,54.442,83.622,59.191,53.801,55.441,58.346,59.89,56.69,53.648,55.15,122.99,121.44,142.71,153,153.09,158.5,155.86,154.7,147.09,144.1,172.44,164.55,160.88,152.61,148.12,150.34,148.06,137.27,147.21,132.88,135.14,142.34,138.03,165.11,170.99,171.19,158.39,161.56,162.53,155.84,136.41,141.02,137.55,143.45,136.13,143.7,132.98,137.78,115.07,133.11,126.98,112.04
2019,11,59.986,84.938,87.096,81.741,85.789,92.184,87.641,63.589,57.365,56.529,56.9,57.677,58.993,59.527,57.777,58.205,90.866,83.286,78.257,68.234,57.732,72.12,78.381,76.122,78.569,68.887,61,59.532,52.566,48.267,47.504,47.681,48.654,42.27,49.785,45.307,44.087,38.132,40.496,39.533,39.879,36.885,33.848,28.443,24.955,25.105,30.504,32.193,26.94,28.918,32.118,33.598,32.329,32.644,26.038,20.75,17.727,16.433,15.626,14.577,13.138,13.265,11.731,17.168,15.72,15.271,16.02,15.147,16.167,15.699,13.065,14.084,16.164,16.903,17.09,16.96,16.926,16.826,26.694,26.387,27.607,28.128,27.489,23.41,20.426,18.474,19.963,16.675,19.08,22.436,26.346,29.702,29.909,27.105,28.315,28.618,28.722,26.507,25.425,25.124,26.002,28.037,27.412,28.912,28.222,28.258,28.332,28.336,31.134,31.725,31.199,30.634,30.123,29.052,28.627,27.824,28.067,28.434,27.667,27.31,27.137,29.117,29.355,30.503,30.753,29.553,29.775,30.734,31.228,31.276,33.767,34.641,36.096,30.527,28.634,10.524,9.2903,15.155,3.1669,2.7679,44.501,40.874,36.981,37.38,38.459,39.229,40.03,38.782,38.654,39.611,39.041,40.731,37.49,36.939,36.995,36.496,33.452,32.937,32.89,33.697,33.937,33.978,34.641,34.914,37.083,36.722,33.797,32.507,33.092,30.828,31.597,28.947,35.061,35.83,31.56,36.488,21.951,26.742,29.999,28.44,14.746,2.9494,2.841,2.8808,49.249,49.619,47.387,42.7,38.707,35.754,33.167,31.265,31.955,47.537,47.999,50.399,51.459,52.805,55.765,60.246,52.509,58.564,57.107,63.375,59.372,60.301,56.702,50.861,52.736,45.721,50.751,40.739,32.662,41.035,38.639,31.523,31.77,31.142,29.984,30.518,29.946,30.426,29.755,30.343,29.585,29.607,28.005,28.438,28.431,29.127,26.777,33.367,33.717,32.424,33.659,33.667,32.922,30.518,32.38,30.673,27.301,23.799,23.787,19.666,19.659,25.024,22.082,18.984,19.14,21.503,19.94,18.927,18.273,18.467,30.146,30.144,31.302,31.518,31.53,32.121,31.943,32.217,31.008,31.384,34.153,33.796,33.443,33.589,33.441,33.466,32.113,29.911,31.687,29.224,29.074,29.448,29.306,35.362,36.273,36.306,34.295,34.464,34.394,33.037,29.536,30.034,29.176,29.457,29.068,29.459,28.877,29.143,27.687,28.86,28.471,27.455
2019,12,28.233,32.096,27.001,25.061,26.457,28.833,33.422,29.072,26.107,27.351,27.403,28.103,29.074,29.756,29.333,29.978,40.412,37.546,35.015,31.09,38.133,38.141,42.166,43.111,39.331,34.497,26.372,26.143,28.768,32.047,34.709,34.442,31.607,32.896,25.556,29.802,29.17,29.871,30.517,32.003,33.178,34.119,14.632,20.84,12.782,15.345,19.819,24.584,21.681,26.875,31.095,32.879,33.962,34.7,21.601,8.118,6.6545,6.1583,5.961,5.6368,5.322,5.1931,4.7268,6.4596,5.9103,5.7555,6.0405,5.7753,6.0658,5.9208,5.1257,5.6684,6.314,6.7588,6.3697,6.3385,6.3241,6.2848,10.888,10.714,11.396,11.665,11.412,9.2944,7.941,7.0412,7.7955,6.3139,7.4179,8.9739,10.851,12.112,11.912,10.287,10.781,10.872,10.878,9.9696,9.5363,9.4169,9.7707,10.576,10.299,10.893,10.607,10.619,10.647,10.648,12.3,12.478,12.191,11.943,11.845,10.923,10.8,10.652,10.673,10.708,10.53,10.475,11.265,11.941,12.632,13.164,13.35,12.717,12.661,13.354,13.683,13.784,15.052,15.457,16.061,13.754,12.871,3.9105,3.4521,5.6312,1.1768,1.0285,20.315,17.195,15.494,15.667,16.129,16.47,16.892,16.487,16.242,16.615,16.041,17.173,15.226,14.915,14.944,14.742,13.026,12.697,13.81,13.189,13.094,13.12,14.45,13.912,14.896,14.554,16.349,13.722,13.541,12.563,13.044,12.205,13.911,14.088,11.991,14.704,8.1564,9.9368,11.458,12.061,5.4792,1.0959,1.0556,1.0704,21.315,21.931,20.719,18.298,16.376,14.8,13.079,11.81,12.076,26.833,28.186,36.295,37.069,38.073,42.699,51.992,33.662,45.806,42.192,51.699,51.219,50.668,47.019,34.405,39.791,26.983,27.075,17.666,12.629,22.068,19.248,11.857,11.968,11.765,11.336,11.563,11.137,12.223,11.255,11.275,11.162,11.052,10.406,10.575,10.58,10.948,10.406,12.954,13.562,12.759,13.887,14.054,13.644,11.896,13.362,12.419,10.752,16.364,9.4326,11.072,7.7415,10.545,13.02,7.2417,7.2706,11.043,7.6201,7.0947,7.6824,6.9128,12.128,12.15,12.451,12.242,12.244,12.726,12.626,12.952,12.156,12.672,14.313,14.132,13.927,14.158,14.094,14.1,13.203,11.699,12.918,11.214,11.013,11.148,11.145,15.262,15.685,15.686,14.74,14.744,14.622,13.787,11.442,11.728,11.049,11.128,10.992,11.122,10.899,10.997,10.433,10.894,10.743,10.345
2020,1,12.467,14.099,10.978,10.303,10.824,12.159,14.823,13.097,11.693,12.39,12.397,12.732,13.16,13.465,13.304,13.558,17.676,16.607,15.593,13.896,16.807,16.839,18.266,18.572,17.276,15.358,11.298,11.241,13.039,14.559,15.71,16.575,14.38,15.585,11.417,14.162,13.549,14.379,14.325,15.262,15.562,16.155,5.9232,12.607,6.0431,7.5906,9.662,11.71,10.62,12.649,14.358,15.306,15.614,15.882,10.606,3.0165,2.4727,2.2883,2.215,2.0945,1.9775,1.9296,1.7564,2.4002,2.1961,2.1386,2.2445,2.146,2.2539,2.2,1.9046,2.1063,2.3461,2.5114,2.3668,2.3553,2.3499,2.3353,4.0458,3.981,4.2343,4.3344,4.2405,3.4536,2.9507,2.6163,2.8966,2.3461,2.7563,3.3345,4.0321,4.5007,4.4262,3.8224,4.0059,4.0396,4.042,3.7045,3.5435,3.4991,3.6306,3.93,3.8268,4.0475,3.9412,3.9458,3.9563,3.9565,4.5703,4.6364,4.5298,4.4377,4.4015,4.0588,4.0129,3.958,3.966,3.9787,3.9126,3.8923,4.1858,4.4436,4.6939,4.8914,4.9606,5.0079,4.8653,4.9621,5.0841,5.6411,5.593,5.7434,5.9681,5.1106,4.7824,1.4531,1.2827,2.0924,0.43725,0.38216,8.2331,6.535,5.7573,5.8213,5.993,6.1198,6.2765,6.303,6.113,6.1739,5.9605,6.495,5.6576,5.542,5.6074,5.4779,4.8403,4.915,6.5288,5.4831,5.0994,5.187,6.6725,5.8332,5.5592,5.4079,9.4738,5.7361,5.6114,4.7489,4.8467,4.5351,5.1691,5.235,4.4556,5.4636,3.0307,3.6923,4.2577,4.4815,2.0359,0.40723,0.39225,0.39775,8.1307,8.6191,7.9584,6.799,6.0849,5.4992,4.86,4.3884,4.4873,12.179,12.848,16.123,16.398,16.751,18.241,20.794,15.155,19.202,18.138,20.803,20.584,20.477,19.47,15.449,17.32,12.332,12.081,6.7069,4.6925,9.9835,8.4815,4.4058,4.4468,4.3717,4.3298,4.2967,4.1383,6.0443,4.1865,4.1894,4.1474,4.1068,3.8667,3.9295,3.9312,4.0679,4.0204,4.8184,5.0393,4.7408,5.16,5.2222,5.0697,4.4423,4.9652,4.6145,4.0109,8.3956,3.5049,5.6179,2.922,4.5315,6.4865,2.6908,2.7016,5.1974,2.8315,2.6362,3.4179,2.5686,4.5183,4.5147,4.6264,4.549,4.5497,4.7285,4.6914,4.8127,4.5167,4.7088,5.3183,5.251,5.175,5.2609,5.2371,5.2394,4.9059,4.347,4.7999,4.167,4.0921,4.1422,4.1412,5.6709,5.828,5.8285,5.4771,5.4787,5.4333,5.123,4.2518,4.3577,4.1054,4.1348,4.0842,4.1325,4.0497,4.0864,3.8766,4.0481,3.9918,3.8438
2020,2,4.6323,5.2388,4.0792,5.0189,4.022,4.5179,5.5078,4.8667,4.3449,4.6039,4.6065,4.7309,4.8899,5.0033,4.9434,5.0377,6.5678,6.1706,5.8693,5.1633,6.245,6.2569,6.787,6.9011,9.9969,5.7065,4.1982,4.1807,4.8512,5.4097,5.9365,6.9293,5.3432,6.1898,4.5181,6.177,5.2692,5.6925,5.5113,6.0749,6.1289,6.5224,2.2009,9.1266,2.2455,2.8219,5.3873,4.351,3.9798,4.7,5.4649,6.0103,6.1365,6.259,3.9411,1.1208,0.91878,0.85027,0.82303,0.77827,0.73481,0.71701,0.65262,0.89187,0.81603,0.79466,0.834,0.79739,0.83751,0.81748,0.7077,0.78263,0.87177,0.93319,0.87946,0.87516,0.87316,0.86774,1.5033,1.4792,1.5734,1.6106,1.5757,1.2833,1.0964,0.97217,1.0763,0.87175,1.0242,1.239,1.4982,1.6723,1.6447,1.4203,1.4885,1.501,1.5019,1.3765,1.3167,1.3002,1.349,1.4603,1.422,1.5039,1.4645,1.4662,1.4701,1.4701,1.6982,1.7228,1.6832,1.649,1.6355,1.5082,1.4911,1.4707,1.4737,1.4784,1.4538,1.4463,1.5553,1.6551,1.7442,1.8175,1.8433,2.0275,1.904,1.8438,1.8891,2.3947,2.0782,2.1341,2.2176,1.899,1.777,0.53992,0.47663,0.7775,0.16247,0.142,3.0592,2.4433,2.1393,2.1631,2.2269,2.274,2.3818,4.2894,3.3036,2.3019,2.2148,2.4134,2.1022,2.0593,2.1165,2.0355,1.7985,1.8933,2.8345,2.2768,2.0119,2.0911,2.8991,2.4515,2.0657,2.0095,4.5685,2.3666,2.3586,1.8133,1.8009,1.6874,1.9207,1.9452,1.6556,2.0302,1.1261,1.372,1.582,1.6652,0.75651,0.15132,0.14575,0.14779,3.0212,3.2027,2.9572,2.5264,2.261,2.0434,1.8059,1.6306,1.6674,4.5254,4.7739,5.9909,6.093,6.2242,6.7778,7.7265,5.6311,7.135,6.7396,7.7298,7.6485,7.6087,7.2345,5.7404,6.4358,4.5821,4.4892,2.4921,1.7436,3.7096,3.1515,1.6371,1.6523,1.6244,1.6312,1.5965,1.5377,2.9709,1.5556,1.5567,1.5411,1.526,1.4368,1.4601,1.4608,1.5115,1.4939,1.7935,1.8725,1.7616,1.9173,1.9405,1.8838,1.6507,1.8449,1.7146,1.4904,5.1806,1.3023,3.9083,1.0857,1.6988,2.4102,0.99986,1.0038,1.9312,1.0521,0.97956,1.3905,0.95444,1.686,1.6776,1.7191,1.6903,1.6906,1.757,1.7432,1.7883,1.6783,1.7497,1.9762,1.9511,1.9229,1.9548,1.946,1.9468,1.8229,1.6152,1.7835,1.5484,1.5205,1.5391,1.5388,2.1072,2.1655,2.1658,2.0352,2.0357,2.0189,1.9036,1.5799,1.6192,1.5255,1.5364,1.5176,1.5355,1.5048,1.5184,1.4404,1.5042,1.4833,1.4283
2020,3,1.7213,1.9466,1.5157,2.364,1.4945,1.6787,2.0466,1.8083,1.6145,1.7107,1.7117,1.7579,1.817,1.8591,1.8368,1.8719,2.4404,2.2929,2.3537,1.9185,2.3205,2.3249,2.5219,2.5643,9.4499,2.1204,1.56,1.5559,1.8085,2.0101,2.2059,3.4738,1.9854,2.3,1.8637,2.8159,2.0541,2.1152,2.0479,2.2573,2.2774,2.4236,0.81781,4.9173,0.83436,1.0494,2.8854,1.6167,1.4992,1.7464,2.0306,2.2333,2.2802,2.3257,1.4644,0.41648,0.3414,0.31594,0.30582,0.28919,0.27304,0.26642,0.2425,0.3314,0.30322,0.29528,0.3099,0.29629,0.3112,0.30376,0.26296,0.29081,0.32393,0.34675,0.32679,0.32519,0.32445,0.32243,0.55859,0.54965,0.58463,0.59844,0.58549,0.47683,0.4074,0.36124,0.39994,0.32392,0.38056,0.46039,0.55671,0.62141,0.61113,0.52776,0.55309,0.55775,0.55808,0.51147,0.48925,0.48312,0.50127,0.54261,0.52837,0.55883,0.54416,0.54479,0.54624,0.54627,0.63102,0.64014,0.62543,0.61271,0.60771,0.56039,0.55406,0.54648,0.54758,0.54933,0.54022,0.5374,0.57793,0.61498,0.64809,0.67536,0.68491,0.75337,0.70747,0.68511,0.70196,0.8898,0.77222,0.79299,0.82401,0.70561,0.66031,0.20062,0.1771,0.2889,0.060371,0.052765,1.1367,0.90788,0.7949,0.80375,0.82745,0.84495,0.91508,2.5603,1.7893,0.86013,0.82297,0.89675,0.78114,0.76518,0.78644,0.75633,0.66829,0.75354,1.355,1.0656,0.87335,1.1794,1.1235,0.96569,0.76755,0.74667,2.0052,0.87937,0.87641,0.67378,0.66919,0.62839,0.7137,0.72279,0.61518,0.75436,0.41845,0.50979,0.58785,0.61876,0.2811,0.056226,0.054158,0.054917,1.1226,1.19,1.0988,0.93874,0.84014,0.75927,0.67102,0.6059,0.61956,1.6815,1.7739,2.2261,2.264,2.3128,2.5185,2.871,2.0924,2.6512,2.5043,2.8722,2.842,2.8272,2.6882,2.133,2.3914,1.7026,1.6681,0.92601,0.64789,1.3784,1.171,0.60831,0.61397,0.60359,0.60613,0.59324,0.57137,1.2083,0.57803,0.57843,0.57263,0.56703,0.53388,0.54254,0.54278,0.56164,0.55509,0.6701,0.69577,0.65456,0.71244,0.72103,0.69996,0.61335,0.68554,0.63712,0.55378,2.9227,0.48392,2.3672,0.40344,0.64038,0.89558,0.37152,0.373,0.71761,0.39094,0.36398,0.55894,0.35465,0.62649,0.62335,0.63876,0.62808,0.62818,0.65287,0.64773,0.66448,0.62362,0.65014,0.73429,0.725,0.71451,0.72637,0.72308,0.7234,0.67736,0.60018,0.66271,0.57534,0.565,0.57191,0.57177,0.78298,0.80467,0.80474,0.75622,0.75644,0.75017,0.70733,0.58704,0.60167,0.56683,0.57089,0.56391,0.57057,0.55914,0.5642,0.53524,0.55892,0.55115,0.53071
2020,4,0.63958,0.72332,0.56322,0.87842,0.55532,0.62378,0.76045,0.67194,0.59989,0.63565,0.63601,0.65318,0.67515,0.69081,0.68253,0.69556,0.90681,0.85197,0.9511,0.71289,0.86225,0.86389,0.93708,0.95283,6.6238,0.7879,0.57964,0.57813,0.67325,0.74692,0.81965,1.737,0.73773,0.85462,0.70585,2.1845,1.3121,2.2164,1.8427,2.5943,2.0163,0.90054,0.30388,14.689,2.0606,2.6044,6.3945,2.8559,5.4132,3.2356,3.2058,1.1499,0.84726,0.88602,0.54414,0.15475,0.12686,0.1174,0.11363,0.10745,0.10145,0.098996,0.090107,0.12322,0.11267,0.10972,0.11515,0.11009,0.11563,0.11287,0.097711,0.10806,0.12037,0.12884,0.12143,0.12083,0.12056,0.11981,0.21361,0.73611,0.22253,0.59946,0.21755,0.17718,0.15138,0.13423,0.14861,0.12036,0.14141,0.17107,0.20686,0.2309,0.22708,0.1961,0.20552,0.20725,0.20737,0.19005,0.18179,0.17952,0.18626,0.20162,0.19633,0.20765,0.2022,0.20243,0.20297,0.20298,0.23447,0.23786,0.23239,0.22767,0.22581,0.20823,0.20587,0.20306,0.20347,0.20412,0.20073,0.19969,0.21475,0.34602,0.24081,0.25095,0.2545,3.3077,1.7007,0.25457,0.26083,7.9191,5.2359,0.29466,8.7057,0.26219,1.1585,0.074546,0.065807,0.10735,0.022433,0.019606,2.5675,0.33735,2.5571,0.29865,0.30746,0.31397,1.0699,9.8395,8.0126,1.6864,0.30579,0.33321,0.29025,0.28432,0.29222,0.28103,0.24832,5.6408,11.924,4.991,3.2443,3.626,6.6404,2.9581,0.89596,0.27744,4.9905,0.83646,2.4005,0.25036,0.24865,0.35034,0.26519,0.26857,0.22859,0.2803,0.15549,0.18943,0.21843,0.37684,0.10445,0.020892,0.020124,0.020406,0.41713,0.44219,0.40829,0.34881,0.31218,0.28213,1.3558,0.22514,0.65031,0.62482,0.65913,0.82716,0.84125,0.85937,0.9358,1.0668,0.77749,0.98512,0.93053,1.0672,1.056,1.0505,0.99887,0.79257,0.88858,0.63265,0.61982,0.34409,0.24074,0.51219,0.43513,0.22603,0.22814,0.22428,0.22522,0.22043,0.21231,0.44897,0.21478,0.21493,0.21278,0.21069,0.19838,0.2016,0.20169,0.20869,0.20626,1.8219,0.27229,0.24322,0.26473,0.26792,0.26009,0.22791,0.25473,0.23674,0.85346,12.693,0.17981,8.1069,0.14991,1.2462,0.33278,0.13805,0.1386,0.26665,0.14526,0.13525,7.9552,0.13178,0.23279,0.23162,0.23735,0.23338,0.23342,0.24259,0.24068,0.24691,0.23172,0.24158,0.27285,0.26939,0.2655,0.2699,0.26868,0.2688,0.25169,0.22301,0.24625,0.21378,0.20994,0.21251,0.21246,0.29094,0.299,0.29902,0.28099,0.28107,0.27875,0.26283,0.21813,0.22357,0.21062,0.21213,0.20954,0.21201,0.20776,0.20964,0.19888,0.20768,0.20479,0.1972
2020,5,21.088,17.215,57.035,67.292,40.34,53.718,41.562,31.881,33.951,26.845,26.13,27.141,21.43,16.966,21.552,26.676,26.395,23.267,34.57,19.932,1.5641,3.1291,6.9288,5.5782,53.25,12.993,6.8793,14.174,9.8823,2.6706,0.30456,11.36,0.7331,5.4985,16.053,21.958,18.648,13.956,14.988,12.655,8.0258,0.33462,0.11291,10.926,1.6514,2.0389,10.743,3.2958,3.87,2.4104,2.3507,0.6154,0.31482,0.34251,0.20219,0.057503,0.047137,0.043622,0.042224,0.039928,0.037698,0.036785,0.033482,0.045834,0.041865,0.040768,0.042787,0.040909,0.042967,0.04194,0.036307,0.040152,0.044725,0.047876,0.045119,0.044899,0.044796,0.044518,0.083056,0.57887,0.085917,0.44296,0.080838,0.065836,0.056249,0.049875,0.055219,0.044724,0.052544,0.063566,0.076865,0.085797,0.084378,0.072867,0.076365,0.077008,0.077053,0.070619,0.06755,0.066704,0.06921,0.074917,0.072952,0.077157,0.075132,0.075219,0.075419,0.075424,0.087125,0.088383,0.086352,0.084597,0.083906,0.077373,0.076498,0.075452,0.075604,0.075846,0.074587,0.074199,0.079795,0.19924,0.089481,0.093246,0.094565,2.587,1.3825,0.094593,0.096919,5.7099,4.5271,0.10949,8.3205,0.097423,1.1199,0.0277,0.024452,0.039888,0.0083354,0.0072852,17.627,0.12535,3.9262,0.11097,0.11425,0.12433,4.7625,14.831,13.172,6.2117,0.11363,0.12381,0.10785,0.10565,0.10858,0.10443,0.092271,12.38,16.372,12.758,11.099,12.294,13.628,9.7688,4.7823,0.10309,3.5177,0.60415,2.0618,0.093029,0.092394,0.20045,0.098539,0.099795,0.084937,0.80573,0.057775,0.070386,0.081164,0.22808,0.038811,0.007763,0.0074776,0.0075823,2.9752,6.3253,0.34243,0.12961,0.116,0.10483,1.9886,0.083656,2.0088,0.23217,0.24492,0.30735,0.31259,0.33517,0.59323,1.3476,0.2889,2.5269,2.3686,0.39656,0.39239,0.40914,0.37116,0.2945,0.48175,0.23508,3.6301,0.12785,0.089453,0.19032,0.16168,0.083988,0.084771,0.083338,0.083688,0.081908,0.078888,0.16683,0.079808,0.079864,0.079062,0.078289,0.073712,0.074908,0.074942,0.077546,0.07664,5.4615,0.10955,0.090375,0.098366,0.099552,0.096643,0.084684,0.094652,0.087966,0.68431,7.3559,0.066815,5.2991,0.055702,1.0131,0.12365,0.051296,0.0515,0.099079,0.053976,0.050255,5.3107,0.048966,0.086499,0.086065,0.088194,0.086718,0.086732,0.090141,0.089432,0.091745,0.086103,0.089764,0.10138,0.1001,0.098652,0.10029,0.099835,0.099879,0.093523,0.082866,0.0915,0.079437,0.078009,0.078963,0.078944,0.10811,0.1111,0.11111,0.10441,0.10444,0.10358,0.09766,0.081052,0.083072,0.078262,0.078823,0.077858,0.078778,0.0772,0.077899,0.0739,0.077169,0.076096,0.073275
2020,6,135.86,111.64,112.26,83.494,75.616,99.964,87.423,42.166,37.215,32.1,31.784,32.738,30.518,28.238,31.18,46.91,94.189,91.347,92.285,73.868,128.32,109.75,105.3,105.18,111.89,100.67,91.289,96.349,56.829,29.188,4.2645,31.7,24.722,34.889,82.539,66.164,66.257,60.517,58.255,50.89,43.662,18.273,20.003,40.177,14.6,12.07,55.824,38.028,14.882,10.837,21.34,15.292,2.2981,2.5083,0.77187,1.0494,0.017515,0.01853,0.015689,0.014836,0.014008,0.013668,0.012441,1.1383,0.015556,0.015149,0.015899,0.015201,0.015965,0.015584,0.013491,0.014919,0.016619,0.017789,0.016765,0.016683,0.016645,0.016542,20.67,24.532,22.667,29.325,17.471,7.3992,0.020901,0.018533,0.020518,0.016618,0.019524,0.02362,7.092,40.102,50.564,45.151,70.428,81.536,84.254,103.09,96.525,94.017,94.832,105.71,80.788,117.39,119.14,127.35,107.36,92.317,82.277,71.233,73.946,90.534,108.68,117.28,99.598,105.65,113.44,97.91,70.809,91.498,108.38,150.06,162.24,137.53,108.95,183.07,174.33,142.21,125.34,206.42,219.29,168.06,236.78,172.85,215.34,142.7,143.22,149.38,113.19,98.657,114.6,32.249,59.064,47.372,45.503,54.601,76.242,82.96,82.432,78.93,25.487,45.925,5.7244,9.0041,33.539,43.884,39.575,139.71,118.88,147.93,156.8,169.35,120.48,148.42,94.463,62.868,138.53,121.16,156.41,118.22,113.06,151.33,91.638,72.005,39.951,83.293,54.403,84.631,96.299,172.92,66.369,89.895,68.581,98.447,69.771,72.653,52.471,45.709,43.891,44.159,58.245,40.636,99.36,51.643,64.725,83.946,120.68,130.86,119.66,99.15,64.034,101.9,98.149,93.212,69.422,95.106,65.166,44.363,79.421,40.077,83.091,39.854,30.109,14.849,23.205,3.7404,47.658,4.8457,0.073982,0.030435,0.029313,0.29567,0.84054,0.029675,0.20437,0.02909,0.02739,0.027834,0.027847,0.42473,5.4207,162.61,126.67,75.381,86.376,54.214,41.802,19.766,31.861,18.492,23.766,32.481,5.2325,19.024,0.20836,12.235,0.13611,3.2253,0.019136,0.93065,0.75414,2.2398,21.127,0.018195,113.58,110.2,100.56,61.456,72.333,87.054,38.801,67.717,63.8,94.351,72.106,69.215,52.588,58.001,85.918,79.744,85.711,81.621,85.669,99.412,108.84,106.38,99.1,42.258,28.104,40.994,48.771,65.466,66.592,70.099,78.644,86.714,88.108,104.1,82.61,107.18,114.98,114.33,104.83,73.27,79.299,97.558
2020,7,30.88,25.805,27.452,25.329,23.693,26.605,25.664,20.851,19.894,18.702,18.342,18.62,17.213,16.047,17.297,20.653,25.262,24.856,25.953,23.487,28.867,25.775,25.405,25.438,28.383,25.132,22.847,24.22,19.382,13.012,3.3002,14.243,11.614,14.202,22.671,20.934,20.629,19.153,19.036,17.669,16.011,9.2958,9.9837,15.385,8.0887,7.114,18.322,14.252,8.1964,6.5859,10.26,8.3271,1.9123,2.0657,0.67971,0.94959,0.0065081,0.0082997,0.0058298,0.0055128,0.005205,0.0050788,0.0046228,1.0826,0.0057803,0.0056289,0.0059076,0.0056482,0.0059324,0.0057906,0.0050129,0.0055437,0.0061751,0.0066101,0.0062296,0.0061991,0.006185,0.0061465,11.156,12.5,11.942,13.826,10.665,6.1374,0.0077663,0.0068863,0.007624,0.006175,0.0072547,0.0087765,6.0241,16.723,19.013,18.918,22.916,24.37,24.64,27.149,26.905,26.748,26.55,26.096,23.763,25.199,26.054,26.518,24.988,23.66,20.633,19.136,19.777,21.7,23.654,24.715,23.618,24.322,24.982,23.87,21.278,23.661,28.725,28.626,32.27,29.987,28.345,33.111,31.44,30.779,30.319,36.067,38.171,36.119,41.29,37.471,39.25,36.286,36.303,35.198,35.149,34.922,44.946,36.253,19.832,18.296,20.243,23.711,28.886,27.106,26.303,28.746,23.409,36.665,20.231,19.545,25.031,23.215,22.553,27.516,27.16,27.952,27.964,28.487,26.904,27.645,23.953,20.163,25.164,24.877,27.148,25.284,26.697,31.004,23.069,21.306,19.968,24.009,26.673,27.146,25.829,34.037,27.385,33.675,31.019,34.359,33.199,33.369,27.365,22.928,18.851,17.088,19.692,16.773,23.614,22.226,24.066,25.216,28.582,29.391,28.517,26.748,23.997,28.289,28.351,25.413,22.889,26.041,22.141,20.034,24.089,18.617,29.79,20.253,13.649,9.0645,11.223,2.9554,16.294,3.6496,0.053502,0.011309,0.010892,0.24855,0.76404,0.011027,0.18048,0.010809,0.010177,0.010342,0.010347,0.38855,3.9886,27.153,24.012,19.37,21.537,18.266,15.81,9.7366,13.137,9.4052,11.086,13.477,3.9412,9.8507,0.18938,7.1927,0.10497,2.6134,0.0071106,0.83936,0.69252,1.906,10.832,0.0067607,24.708,24.462,22.433,17.627,18.879,20.674,14.471,19.598,19.823,25.037,20.63,20.739,18.436,20.439,24.543,23.614,24.349,24.319,24.202,26.076,26.744,26.372,25.88,15.67,12.595,15.546,16.991,19.803,20.436,21.657,23.661,24.471,24.86,26.152,24.333,26.393,27.245,27.078,26.918,23.36,24.202,26.379
2020,8,33.356,22.637,15.841,12.4,13.311,16.589,20.14,17.465,15.811,16.388,15.628,15.927,14.207,13.102,14.016,14.631,23.809,21.906,21.234,17.514,37.666,31.897,27.314,26.223,21.317,17.106,13,13.445,10.102,6.316,1.8619,6.6058,5.6562,5.9917,12.124,9.1404,8.9115,7.6148,7.8051,7.2736,6.8738,4.0736,8.7187,10.451,5.4745,4.3838,11.234,7.0841,4.4024,3.4012,4.7681,3.8128,0.86313,1.011,0.28355,0.35285,0.0024183,0.003084,0.0021662,0.0020484,0.001934,0.0018872,0.0017177,1.4876,0.0021478,0.0020916,0.0021951,0.0020987,0.0022043,0.0021516,0.0018627,0.0020599,0.0022945,0.0024562,0.0023148,0.0023034,0.0022982,0.0022839,12.136,12.798,13.372,14.842,12.551,7.368,0.013954,0.010638,0.0028329,0.0022945,0.0026957,0.0032612,9.0491,20.108,24.486,23.012,27.388,29.031,30.193,26.741,24.861,24.33,25.499,28.445,26.401,28.99,28.312,28.538,27.86,27.181,37.164,31.665,31.62,34.029,37.704,28.254,28.321,31.57,30.642,27.928,28.591,31.516,34.844,38.356,38.615,38.61,37.576,42.915,40.761,38.936,38.234,41.784,39.7,37.372,38.551,36.242,37.33,31.633,31.315,30.692,25.143,24.276,32.935,28.714,16.461,16.344,18.511,20.822,23.595,21.637,21.095,23.661,22.314,28.977,21.497,20.943,22.522,21.021,20.466,15.341,15.102,16.076,16.349,16.662,16.33,18.602,17.486,16.863,37.818,45.765,34.572,46.35,38.353,45.139,21.54,17.39,18.275,19.685,21.701,22.037,25.421,36.968,22.267,23.933,22.843,24.3,32.251,33.364,30.11,23.682,17.774,13.927,12.743,9.4341,12.82,36.491,38.499,44.642,42.976,38.399,30.81,19.724,29.912,23.072,23.717,21.686,17.518,21.119,17.259,14.738,16.922,13.355,28.023,18.559,7.6307,6.2546,8.1056,1.4583,8.9537,1.8823,0.01988,0.0042022,0.0040472,0.092415,0.29671,0.0040973,0.067064,0.0040165,0.05665,0.003843,0.0038447,0.27017,3.1237,19.752,31.504,15.729,39.666,37.144,20.374,5.9683,12.649,9.025,8.2175,7.1724,4.5831,5.0993,0.070368,5.5743,0.039005,1.2415,0.0026421,0.31573,0.25733,0.71056,5.0795,0.0025121,43.658,41.412,39.772,30.16,31.375,36.643,26.407,27.882,26.256,24.977,48.157,37.847,32.761,23.05,21.291,22.051,24.446,27.246,25.486,29.618,32.263,33.592,31.744,21.67,20.602,22.423,21.642,23.733,24.54,24.581,28.376,28.847,31.832,34.073,31.545,34.363,32.71,33.606,29.276,30.792,30.093,28.419
2020,9,29.657,20.671,14.509,14.873,15.95,16.556,19.307,14.309,12.754,12.707,12.303,12.458,11.666,11.141,11.504,11.65,23.023,20.627,18.996,14.836,40.554,32.069,29.462,29.938,19.384,18.58,10.213,10.145,7.9677,5.8002,3.3704,5.7765,5.3786,5.6003,11.338,7.3943,7.18,6.5522,6.6929,6.4083,6.2687,4.4296,21.926,18.077,10.224,7.4329,14.773,7.3724,5.7445,4.2923,4.7839,4.1076,1.4932,1.8009,1.3138,3.0734,0.00089857,6.3012,0.00080492,0.00076115,0.00071864,0.00070123,0.00063827,7.9977,0.13811,0.00077717,0.00081565,0.00077985,0.00081908,0.0007995,0.00069213,0.00076542,0.0008526,0.00091266,0.00086012,0.00085591,0.00085395,0.00084865,20.417,19.949,20.218,20.965,18.003,13.36,1.9837,2.1954,0.0010526,0.00085258,0.0010016,1.262,14.862,21.069,21.583,17.605,19.514,20.012,20.273,17.074,15.633,15.26,16.31,19.69,18.484,22.501,20.76,20.96,20.935,20.781,35.421,32.228,29.744,30.468,34.183,23.01,23.713,28.768,26.402,22.246,25.335,28.168,28.374,34.685,32.766,34.835,34.181,37.636,36.633,34.746,34.032,35.623,32.983,31.306,31.197,31.54,32.807,35.779,36.669,42.269,39.509,37.917,72.58,73.169,123.22,113.2,91.792,78.507,80.112,94.482,97.899,89.298,78.075,69.884,77.402,78.122,83.697,86.009,79.827,78.176,78.69,79.334,80.98,81.932,84.205,81.892,96.757,89.534,46.789,40.695,58.641,39.809,52.852,43.861,79.612,86.333,76.5,94.366,61.218,67.687,68.434,44.53,52.363,41.04,40.663,39.289,43.958,44.431,53.101,70.595,96.533,109.94,92.098,66.272,70.414,36.971,38.812,46.612,45.907,43.857,41.425,36.13,37.816,38.811,39.503,36.651,34.91,36.891,34.331,37.073,36.252,37.401,43.238,56.676,54.771,29.44,22.483,33.332,54.565,26.991,5.3727,3.7658,0.0015039,3.5093,9.465,0.0015225,8.3489,0.0014924,7.794,1.6303,2.6588,11.349,13.85,71.31,51.631,47.656,38.182,33.77,29.672,24.21,26.736,24.078,24.193,20.042,19.269,13.064,3.8186,13.37,1.4733,8.0633,1.5647,2.0399,3.3152,6.4673,13.653,2.3662,38.859,37.821,36.457,32.583,33.119,34.255,30.221,29.837,25.699,23.711,34.954,32.456,30.893,26.494,24.888,25.213,23.953,21.525,23.756,21.044,21.262,22.034,21.521,28.045,27.831,28.483,27.446,27.148,27.052,25.327,21.322,22.143,21.205,22.081,20.91,22.14,21.037,21.568,18.825,20.334,19.771,18.364
2020,10,18.871,11.805,9.4539,10.848,10.667,10.065,10.417,9.5783,9.4192,9.1101,8.6722,8.4829,7.4956,6.9045,7.2293,6.3362,11.225,10.217,9.5051,7.6399,23.167,16.993,14.722,15.197,9.6811,9.7144,5.3859,5.3007,4.352,3.4501,2.3661,3.4253,3.2465,3.4449,6.1939,4.2287,4.1216,3.9312,3.9764,3.8423,3.7575,2.8459,11.536,9.3908,6.0569,4.6355,7.9658,4.3441,3.6076,2.7738,2.9503,2.6248,1.1401,1.3485,1.1251,2.4718,0.00033389,4.9472,0.00029909,0.00028282,0.00026703,0.00026056,0.00023717,8.2865,1.1538,0.00638,0.41437,0.35406,0.74959,0.27188,0.00025718,0.00028441,0.0067054,0.6765,0.0003196,0.00031803,0.00031731,0.00031534,14.604,14.722,15.366,15.845,15.476,12.983,6.1881,5.4384,0.47571,0.0003168,0.0040658,4.8717,14.649,15.892,15.321,12.907,12.741,12.819,13.358,9.5311,8.1676,7.8424,8.8283,12.333,11.41,15.053,13.425,13.559,13.709,13.706,20.088,19.839,18.619,18.38,18.73,15.717,15.331,15.944,15.468,14.463,14.694,15.227,13.488,16.719,14.995,15.844,15.514,16.613,16.619,15.69,15.328,15.782,14.866,14.275,14.248,14.347,14.782,15.738,16.053,17.642,17.117,16.86,36.598,31.608,27.533,27.326,27.06,26.782,28.484,27.677,27.687,28.912,27.5,31.141,27.766,27.121,26.976,26.636,25.404,21.342,21.542,21.697,21.89,21.948,22.832,22.79,25.614,25.397,21.325,19.838,21.468,19.195,20.408,18.345,23.743,24.745,24.219,26.471,22.197,23.037,23.044,18.173,20.217,17.754,17.618,17.195,21.984,21.996,23.495,25.498,26.332,25.77,23.267,19.42,20.124,24.453,25.089,27.714,27.31,26.297,24.913,21.925,23.717,22.411,22.268,21.327,20.998,22.182,20.289,19.157,19.651,17.987,21.934,21.34,17.721,14.287,11.939,13.126,17.533,11.75,3.9653,2.9804,0.0005588,2.8012,6.0327,0.00056571,5.5229,0.00055455,5.25,1.4399,2.2209,6.8408,7.7926,21.35,20.863,17.406,18.756,17.075,14.52,11.292,13.299,12.367,12.064,10.048,11.451,7.4453,3.008,7.5297,1.3073,5.312,1.3874,1.7135,2.651,4.5304,7.7729,2.0071,19.134,18.828,20.104,20.903,21.149,20.65,18.838,17.35,16.286,13.467,18.436,16.939,16.278,13.65,12.617,13.086,13.473,13.138,13.796,13.328,14.325,15.505,14.507,18.251,18.487,18.478,18.055,17.441,16.436,15.059,13.699,14.193,14.591,15.809,14.407,15.912,14.22,15.001,11.508,13.953,13.071,11.03
2020,11,8.947,5.2032,4.6437,7.575,5.1486,4.5189,4.2822,4.6551,4.861,4.633,4.3612,4.1961,3.5414,3.1402,3.3556,2.5368,4.1914,3.7963,3.5359,2.8624,10.737,7.5112,6.1074,6.4387,3.9348,3.7559,2.0013,1.9696,1.6171,1.282,0.87917,1.2727,1.2063,1.2801,2.3015,1.5713,1.5315,1.4607,1.4775,1.4277,1.3962,1.0575,4.7369,3.8058,2.2506,1.7224,2.9599,1.6142,1.3405,1.0307,1.0963,0.9753,0.42365,0.50108,0.41805,0.91848,0.00012406,2.1054,0.00011113,0.00010509,9.9223e-05,9.6819e-05,8.8125e-05,4.4536,0.98454,0.006081,0.3948,0.3387,0.69868,0.26152,9.5561e-05,0.00010568,0.006383,0.63352,0.00011876,0.00011817,0.0001179,0.00011717,7.1644,7.28,7.6419,7.8617,7.8725,6.8295,4.0677,3.5438,0.45135,0.00011771,0.0037613,3.3825,7.6378,7.8914,7.5266,6.4963,6.1694,6.1673,6.506,4.2828,3.4741,3.2815,3.8637,5.876,5.3956,7.2891,6.453,6.5167,6.6115,6.6233,9.2582,9.344,8.7985,8.59,8.4814,7.64,7.3207,7.1383,7.0947,6.932,6.681,6.6848,5.176,6.9278,5.7051,6.1357,5.9522,6.3395,6.5316,6.0029,5.793,5.8965,5.5239,5.3042,5.2943,5.3309,5.4927,5.965,6.1304,6.8559,6.878,6.8639,16.259,14.282,11.486,11.554,11.768,11.841,12.718,12.009,11.957,12.79,12.232,14.101,12.417,12.045,11.792,11.563,10.948,8.1479,8.326,8.3481,8.4097,8.388,9.0783,8.9885,10.716,10.866,9.2697,8.6132,8.5733,8.2191,8.0445,7.0207,9.7041,10.398,10.319,11.287,9.3965,9.6901,9.5275,6.911,8.3902,7.291,7.2448,6.9943,9.9226,9.8907,10.452,11.197,11.2,10.628,9.3225,7.4962,7.6645,11.525,11.77,12.798,12.628,12.213,11.642,10.693,11.165,10.524,10.394,10.047,10.232,10.606,9.6887,8.812,9.1279,8.0466,9.9842,9.1018,6.8304,6.1415,5.0138,4.8877,6.5749,4.3661,1.4734,1.1075,0.00020764,1.0409,2.2416,0.0002102,2.0522,0.00020606,1.9508,0.53504,0.82524,2.5419,2.8956,8.2102,8.6929,6.6072,8.1188,7.3557,5.9801,4.1964,5.4736,5.118,4.8582,3.7334,5.1125,2.7665,1.1177,2.7979,0.48576,1.9738,0.51551,0.63669,0.98507,1.6834,2.9301,0.74578,8.2899,8.1849,9.1798,9.9236,10.025,9.6678,8.9122,8.0085,7.7164,5.9969,8.1689,7.4018,7.1214,5.6978,5.0886,5.4373,5.961,6.1199,6.2404,6.3601,7.017,7.655,7.0905,8.7322,8.8861,8.8321,8.6585,8.3093,7.6833,6.9388,6.5539,6.7747,7.1834,7.8317,7.1039,7.8879,6.9872,7.4095,5.4675,6.887,6.3928,5.1908
2020,12,5.0185,1.9334,2.6517,14.761,3.9651,3.137,3.3545,2.9062,3.846,2.35,2.4839,2.609,2.5274,2.2917,2.7839,8.1173,2.496,3.6718,7.4486,5.0353,4.7393,2.8043,2.6685,2.5495,19.166,4.5383,6.9128,11.881,14.553,9.5041,1.6702,20.468,7.3073,7.298,12.006,18.58,14.953,6.3299,9.2231,6.6055,3.5245,0.39292,1.7601,1.9551,0.83627,0.64002,1.8704,0.59979,0.4981,0.38298,0.40735,0.3624,0.15742,0.18619,0.15534,0.34129,4.61e-05,0.78234,4.1295e-05,3.9049e-05,3.6869e-05,3.5976e-05,3.2745e-05,1.6548,0.36583,0.0022596,0.1467,0.12585,0.25961,0.097173,3.5508e-05,3.9268e-05,0.0023718,0.2354,4.4127e-05,4.3911e-05,4.3811e-05,4.3538e-05,2.6621,2.7051,2.8395,2.9212,2.9252,2.5377,1.5115,1.3168,0.16771,4.374e-05,0.0013976,1.2568,2.838,2.9323,2.7967,2.4139,2.2924,2.2916,2.4175,1.5914,1.2909,1.2193,1.4357,2.1834,2.0049,2.7085,2.3978,2.4214,2.4567,2.4611,3.4401,3.472,3.2693,3.1918,3.1515,2.8389,2.7202,2.6524,2.6362,2.5758,2.4825,2.4839,1.9233,2.5742,2.1199,2.2799,2.2117,2.3556,2.427,2.2305,2.1525,2.191,2.0525,1.9709,1.9672,1.9808,2.041,2.2165,2.2779,2.5475,2.5557,2.5505,6.0415,5.3068,4.2681,4.2931,4.3728,4.3998,4.7256,4.57,4.4488,4.7526,4.5452,5.2397,4.6186,4.4776,4.3815,4.2966,4.068,3.0276,3.0937,3.102,3.1249,3.1168,3.3733,3.3399,3.9817,4.0881,3.4444,3.2005,3.1856,3.054,2.9892,2.6087,3.6058,3.8636,3.8343,4.1942,3.4915,3.6006,3.5402,2.568,3.1176,2.7092,2.692,2.5989,3.687,3.6752,3.8839,4.1606,4.1617,3.9491,3.464,2.7854,2.848,4.2825,4.3735,4.7556,4.7353,4.9818,4.3258,4.1587,4.1485,3.9224,3.8621,3.7527,3.9682,4.0225,3.6615,3.2743,3.3917,2.9899,3.7099,3.382,2.538,2.282,1.863,1.8162,2.4431,1.6223,0.54748,0.41151,7.7153e-05,0.38676,0.83293,7.8107e-05,0.76255,7.6566e-05,0.72486,0.19881,0.30664,0.94451,1.0759,3.0507,3.2301,2.4551,3.0168,2.7332,2.2221,1.5593,2.0338,1.9017,1.8052,1.3873,1.8997,1.028,0.41532,1.0396,0.1805,0.73342,0.19155,0.23658,0.36603,0.6255,1.0888,0.27711,3.0803,3.0413,3.411,3.6874,3.725,3.5923,3.3116,2.9758,2.8672,2.2283,3.0354,2.7503,2.6462,2.1172,1.8908,2.0204,2.215,2.274,2.3188,2.3633,2.6074,2.8444,2.6347,3.2447,3.3019,3.2818,3.2173,3.0875,2.8549,2.5783,2.4353,2.5173,2.6692,2.9101,2.6396,2.931,2.5963,2.7532,2.0316,2.5591,2.3754,1.9288
2021,1,28.496,0.71883,2.6832,15.665,2.833,2.656,4.0575,5.9823,9.0578,5.7167,5.4411,5.6158,3.8048,2.65,4.1843,10.132,2.523,3.9669,9.737,5.6072,18.608,4.1206,3.0502,3.249,21.586,6.5711,4.8364,8.3917,9.041,6.0204,1.3287,10.436,4.9488,4.9398,9.6838,10.747,8.8197,4.4042,5.8834,4.5594,2.6609,0.146,3.6186,19.777,3.0911,2.9978,12.33,1.6214,2.9693,0.7971,0.24248,0.13466,0.058493,0.069184,0.058275,0.12681,1.713e-05,0.34573,1.5344e-05,0.18246,2.8924,2.6725,5.4258,9.3602,4.7851,2.7917,3.1077,4.6423,3.7913,3.4335,4.4056,0.74148,0.36758,0.21445,0.39865,0.0038393,0.12205,0.41474,4.0538,4.5981,3.2143,4.15,2.8195,4.5791,1.8284,4.6046,0.062317,0.26621,0.00051932,0.46701,1.5742,1.0896,1.0392,0.89694,0.85181,0.85151,0.89827,0.59132,0.47967,0.45308,0.53346,0.8113,0.74496,1.7939,0.9274,1.3552,0.91284,0.91447,14.73,16.044,14.789,16.186,14.595,2.5194,1.0815,1.4915,1.7457,0.95709,0.92244,0.92296,0.71464,2.3274,0.78771,0.84714,0.82181,1.0819,1.3132,0.82881,0.79984,0.88842,0.76268,0.73235,0.73098,0.73603,0.75837,0.82358,0.84642,0.94659,0.94964,0.9477,26.69,15.999,6.6856,4.1701,6.6924,12.634,20.27,32.966,30.148,25.519,14.764,14.492,12.456,11.228,23.092,17.883,7.9686,16.042,23.903,19.724,17.213,16.308,29.583,25.597,30.726,14.578,69.019,45.28,28.121,20.808,1.3108,0.97949,6.5736,11.991,2.1045,21.205,1.2974,2.2241,3.9018,0.9542,1.1584,1.0067,1.0003,0.96569,78.997,92.487,61.231,25.638,8.3678,3.8503,6.8459,3.6535,7.4734,8.1661,8.6636,2.1565,10.589,20.345,17.574,8.3879,13.999,16.895,20.317,4.4014,2.2089,6.712,2.8595,3.9121,7.7833,5.1444,51.602,21.345,0.94307,0.88734,6.6207,0.67484,1.3655,1.2298,7.3715,2.087,0.53223,9.5914,9.1808,2.9023e-05,7.6694,0.12575,0.85244,0.68783,1.3748,6.265,6.0661,20.415,41.671,16.231,56.443,35.336,10.306,13.15,3.6037,3.1874,6.5497,18.765,0.70588,5.3709,0.15432,4.9394,0.61347,0.27252,0.071176,0.087908,0.13601,0.23242,0.40456,0.10297,13.849,9.1916,23.909,10.936,15.368,32.114,4.7779,10.602,1.0654,0.96571,58.211,32.896,16.918,3.0184,4.021,2.7182,0.82374,0.84497,0.86161,0.87813,0.96883,1.0569,0.97899,1.2078,1.2269,1.2194,1.6775,2.0244,1.1581,0.95804,0.90489,0.93538,0.9918,1.0813,0.98083,1.0891,0.96471,1.023,0.75489,0.95089,0.88265,0.71668
2021,2,21.644,0.26737,2.6881,9.0336,1.2734,1.4034,2.4631,3.9403,5.5653,3.8962,3.6786,3.7532,2.4865,1.6228,2.6791,5.6188,1.5222,2.2581,5.476,3.1096,12.844,2.9029,2.0505,2.2758,11.719,3.9433,1.8847,3.831,3.8904,2.237,0.4937,4.144,1.8388,1.8355,4.8109,4.6944,3.6217,1.6365,2.1861,1.6942,0.98904,0.054251,3.4289,19.071,2.4241,2.3824,8.834,1.3354,2.3801,0.66711,0.14506,0.050036,0.021735,0.025707,0.021992,0.047121,6.3649e-06,0.1618,5.7016e-06,0.17671,2.388,2.2313,3.9974,5.9411,3.5884,2.3164,2.5209,3.5226,2.9702,2.7498,3.3882,0.69164,0.35098,0.15596,0.38037,0.0037559,0.1187,0.3953,2.8762,3.2406,2.2443,2.9119,1.9258,3.246,1.3523,3.3879,0.023156,0.25631,0.00019297,0.17353,0.88365,0.40485,0.38614,0.33328,0.31651,0.3164,0.33378,0.21972,0.17823,0.16835,0.19822,0.30992,0.27681,4.9171,2.8561,5.1721,1.4426,0.38951,24.276,13.753,12.297,20.546,38.66,6.4879,3.379,17.094,13.789,1.5797,1.5562,10.931,4.514,39.632,22.551,13.513,3.1452,60.009,48.435,13.219,4.4481,52.05,26.904,0.80644,19.006,0.68709,14.246,3.4902,5.205,15.524,1.2752,0.35214,61.509,53.767,19.42,11.952,19.282,30.573,43.971,67.301,64.031,56.69,47.295,46.605,50.348,48.189,62.243,54.399,41.469,13.663,29.726,18.043,13.741,11.032,45.598,31.227,71.974,59.206,49.088,63.838,43.79,67.441,49.737,75.369,33.88,48.014,22.492,59.034,7.2525,26.611,48.928,43.905,2.159,0.41004,0.37168,0.40753,69.344,78.064,68.924,43.745,19.816,9.7318,16.026,6.6581,7.6069,7.5794,7.5848,1.0284,7.8435,16.185,16.031,12.521,15.255,22.602,26.409,4.464,2.4612,9.051,3.9464,9.0955,12.034,10.58,51.838,33.58,0.35042,0.35361,9.4097,0.25076,0.77231,0.81321,6.0764,1.7366,0.50329,11.52,5.8863,1.0784e-05,5.1582,0.12226,0.64964,0.60491,1.181,4.4037,4.283,11.408,22.937,8.6691,35.066,23.25,6.3558,7.5471,2.6375,2.3545,4.503,10.166,0.26229,3.8841,0.057342,3.6397,0.54115,0.10126,0.026447,0.032664,0.050537,0.086363,0.15033,0.038261,58.195,45.938,39.39,10.965,14.955,26.983,3.3667,6.5848,0.39587,0.44146,43.778,20.241,10.52,2.1993,2.944,1.9846,0.30652,0.31397,0.32015,0.32629,0.36,0.39273,0.36377,0.45015,0.45588,0.45312,0.90158,1.2374,0.48897,0.35599,0.33624,0.34756,0.36853,0.40179,0.36445,0.40467,0.4481,0.47428,0.2805,0.35333,0.32797,0.2663
2021,3,14.381,0.099347,5.1601,23.702,3.251,2.9717,1.367,1.4641,2.0679,1.4477,1.3669,1.3946,0.92394,0.60298,0.99548,2.0878,0.56561,0.83906,2.1777,1.1554,7.2903,1.0786,0.76192,0.84563,8.4967,1.4653,0.70031,1.4235,1.4456,0.83123,0.18345,1.5398,0.68327,0.68203,1.7876,1.7443,1.3457,0.60808,0.81231,0.62951,0.3675,0.020158,1.6931,16.114,0.90073,0.88524,6.4118,0.4962,1.0737,0.24788,0.053903,0.018592,0.0080761,0.0095522,0.0081716,0.017509,2.3651e-06,0.19089,2.1186e-06,0.065693,2.3235,1.386,5.7841,3.7998,1.5088,0.95324,0.93671,1.7359,1.1037,1.0238,3.4375,0.36506,0.13042,0.057952,0.14134,0.0013956,0.044107,0.14688,1.2161,1.2765,0.83393,1.1839,0.71559,1.2062,0.50247,1.2588,0.0086041,0.095241,7.1703e-05,0.06448,0.32834,0.15043,0.14348,0.12384,0.11761,0.11757,0.12402,0.081643,0.066228,0.062556,0.073655,0.12031,0.10286,7.9512,4.049,6.6845,2.3061,0.31964,40.829,30.19,23.071,31.033,44.414,10.908,7.8379,25.051,19.944,3.4272,4.7461,18.091,7.5558,40.888,26.673,24.655,11.277,45.329,44.073,23.67,12.818,41.043,29.299,3.4161,23.291,2.1744,18.287,4.2655,5.8498,13.364,0.98157,0.13085,44.028,22.221,11.819,8.1033,12.622,18.328,25.633,29.39,28.272,28.095,19.625,21.535,18.176,17.826,22.529,21.993,17.798,6.9798,13.679,9.1157,6.9354,5.2135,18.921,14.096,28.029,24.538,38.564,51.308,24.525,54.734,33.886,46.443,17.401,21.082,12.213,25.076,4.9532,14.394,24.792,30.96,1.6787,0.17421,0.13811,0.18095,42.432,45.277,39.962,26.268,12.869,6.4861,9.4211,4.1419,4.0628,5.1038,4.87,0.38213,4.3724,11.02,11.402,10.258,11.636,17.243,19.57,2.8994,2.0596,7.3233,3.3561,8.1172,9.0902,8.254,32.552,21.093,0.13021,0.13139,5.6234,0.093175,0.28697,0.30217,2.8324,0.64529,0.18701,6.5503,2.1872,4.0071e-06,1.9166,0.045428,0.24139,0.22477,0.43882,1.6363,1.5915,4.97,14.884,3.2212,34.418,29.529,2.5104,2.8043,0.98002,0.87488,1.6732,5.3886,0.09746,3.1947,0.021307,1.3627,0.20108,0.037627,0.0098272,0.012137,0.018778,0.03209,3.7236,0.014217,53.165,48.974,49.44,30.068,34.59,42.792,13.439,13.46,0.39335,1.059,45.936,29.829,18.517,2.6819,10.013,5.5089,0.28655,0.11666,0.11896,0.12124,0.13377,0.14593,0.13517,0.16727,0.1694,0.16837,0.335,0.64477,0.18169,0.13228,0.12494,0.12915,0.13694,0.1493,0.13542,0.15037,0.22058,0.233,0.10423,0.13129,0.12187,0.098952
2021,4,6.9422,0.036915,3.4522,11.399,2.4826,2.2621,0.76959,0.54404,0.76839,0.53794,0.5079,0.5182,0.34331,0.22405,0.3699,0.77578,0.21017,0.31178,0.89488,0.42933,3.2858,0.4008,0.28311,0.31422,4.7039,0.54446,0.26022,0.52894,0.53715,0.30887,0.068165,5.0841,0.25389,0.265,0.66424,1.8227,0.77524,0.22595,0.46444,1.5253,2.6855,0.65689,4.1454,56.115,36.733,37.847,30.185,13.287,39.801,30.765,15.497,7.3177,11.143,16.655,20.506,3.3258,8.788e-07,2.4549,7.8721e-07,0.59128,2.8754,2.0417,7.9798,5.1456,0.79918,0.42282,0.34806,1.1477,0.4101,0.38166,4.444,0.22091,0.04846,0.021533,0.052518,0.00051858,0.016389,0.054578,5.1006,3.3346,2.5292,4.4496,1.1908,0.85004,0.18671,0.46776,0.0031971,0.035389,2.6643e-05,0.023959,0.122,0.055898,0.053314,0.046016,0.043701,0.043685,0.046084,0.030337,0.024609,0.023244,0.027368,0.047035,0.038219,8.8615,5.3389,7.7769,3.5638,0.78908,23.44,20.067,17.427,21.014,25.83,11.117,8.9884,19.215,16.807,4.9544,6.3194,15.678,6.1399,22.364,15.19,13.593,7.1944,22.362,21.859,13,7.7707,19.588,14.147,2.5548,11.396,1.6633,9.6184,2.5583,3.7591,11.104,0.36509,0.04862,36.531,13.861,78.144,62.476,46.334,38.307,43.174,62.122,64.974,50.017,22.13,16.166,9.5941,12.53,24.665,35.527,28.133,84.15,98.813,82.944,76.968,77.42,88.183,71.554,76.581,59.401,41.143,32.271,44.67,29.706,31.773,26.447,50.285,56.928,28.877,59.431,7.7597,27.54,39.676,21.112,3.24,0.064732,0.051318,0.067237,20.755,22.572,26.887,35.687,53.772,67.743,78.023,64.642,60.066,2.5209,2.3666,0.14199,2.0226,5.4079,5.6521,5.2638,5.8747,8.5303,9.5965,1.3505,1.048,3.7702,1.7238,7.0992,4.9232,10.29,17.455,35.709,11.511,0.048823,2.9974,3.0648,17.074,1.2918,2.8713,0.23978,0.06949,2.892,1.4125,1.489e-06,1.1214,0.01688,3.85,0.56819,1.1059,2.6441,15.269,58.209,33.787,12.86,28.644,24.15,5.0021,5.475,3.1497,1.687,5.6721,22.384,1.5959,40.777,13.652,31.701,22.903,12.819,1.394,17.462,1.2342,1.2412,18.348,0.0052826,28.416,26.226,26.874,19.156,20.888,24.582,12.322,13.592,0.63556,3.6926,27.678,22.959,17.713,7.0518,17.652,13.099,2.4888,0.04335,0.83071,0.045051,0.049704,0.054224,0.050225,3.7702,0.22384,1.907,6.8499,8.7451,4.3257,1.1348,0.046424,0.047988,0.050883,0.055475,0.05032,0.055873,0.081963,0.086576,0.038729,0.048784,0.045283,0.036768
2021,5,4.711,0.013717,14.909,55.476,39.021,22.33,3.8228,1.6938,4.1579,0.57552,0.80286,0.88032,0.52552,0.3841,0.70169,3.7282,0.078093,0.11585,2.3927,0.16274,1.2209,0.14893,0.1052,0.11676,12.947,0.20231,0.096691,0.19654,4.9882,10.155,2.7906,32.299,5.1105,21.688,6.6661,27.551,23.126,25.011,26.761,28.726,23.279,7.5296,5.3289,31.523,21.593,20.551,24.852,17.1,20.552,16.82,15.937,11.118,7.8312,9.7446,12.778,4.7014,3.2654e-07,18.215,7.9013,17.615,28.77,26.17,38.919,30.657,19.391,17.67,12.674,20.853,12.717,14.601,31.898,18.793,5.9651,3.5149,1.1102,0.066146,0.66835,1.9456,30.974,26.559,24.883,28.287,19.92,18.965,4.4305,13.505,0.069926,2.8503,0.021991,0.24564,9.4621,14.386,3.9574,1.0702,1.6163,2.9754,4.6654,0.20136,0.009144,0.0086371,0.010169,9.635,0.1113,21.348,17.992,20.166,15.548,10.361,15.898,15.717,15.017,16.269,17.397,21.93,16.606,14.114,16.441,14.812,8.2975,11.829,3.933,13.581,8.4092,7.2751,3.3046,11.787,12.1,6.7129,3.4296,9.7814,6.1915,0.94931,4.3514,0.61804,3.9659,1.4232,2.6905,9.6883,0.43592,0.018066,16.493,6.7868,25.778,22.346,18.701,16.587,18.229,24.507,25.518,21.503,12.111,8.1633,4.7102,7.1026,14.752,20.433,19.695,43.018,44.989,43.489,42.123,42.152,43.016,39.708,37.541,34.937,27.05,19.544,27.887,16.962,19.729,14.391,31.38,34.556,22.803,29.76,9.5883,22.723,26.729,13.766,5.9974,0.024053,0.019068,0.024984,9.2251,10.311,13.644,17.13,21.632,25.426,33.29,36.748,37.352,0.9367,0.87937,0.05276,0.75154,2.0095,2.1002,1.9559,2.1829,3.1697,3.5947,0.5018,0.38942,1.4009,0.64051,4.4078,2.0712,8.0407,8.3983,20.93,15.302,0.018142,1.6538,6.641,21.303,3.9961,4.2595,0.089095,0.025821,1.5819,2.5512,5.5326e-07,1.9966,0.0062722,6.7569,1.321,2.3608,5.6184,16.69,36.365,25.312,17.064,19.591,16.855,9.8592,11.383,12.744,10.002,15.175,19.914,14.981,27.667,13.896,22.807,15.743,14.4,2.332,13.687,2.2396,3.2078,22.233,0.22371,16.598,15.77,17.227,15.254,16.089,17.199,11.657,13.747,8.8893,16.295,16.683,15.994,13.844,9.8004,16.825,16.938,15.748,3.4803,14.28,10.997,20.636,25.299,16.206,26.37,15.071,21.93,30.903,32.392,24.097,16.254,4.5478,8.7901,10.428,25.181,7.0657,27.738,23.576,27.456,5.4148,2.327,1.9827,1.8322
2021,6,56.491,32.585,71.955,79.726,73.806,73.089,59.777,44.792,48.739,38.189,39.467,40.208,39.089,38.901,40.216,58.623,51.752,55.187,69.027,55.341,25.394,24.18,31.183,27.25,89.67,52.562,53.511,68.001,73.84,69.479,48.889,79.636,65.315,63.419,79.08,76.762,72.822,58.359,64.227,62.56,61.761,46.137,64.848,77.874,58.063,55.203,76.924,59.011,52.446,47.599,49.123,45.642,35.882,36.864,45.021,32.156,3.7859,33.218,24.157,29.4,30.891,30.834,34.549,39.974,26.82,24.288,20.322,25.551,19.947,21.519,31.508,27.121,17.089,15.432,6.6459,3.3686,5.7449,8.5598,67.601,62.705,66.189,69.742,60.84,44.699,21.181,26.889,9.4432,11.164,7.3066,16.38,47.496,80.783,85.16,65.578,82.04,90.849,96.973,55.755,30.768,26.035,37.522,93.577,67.857,115.8,104.07,105.61,104.65,101.56,138.35,138.79,130.11,127.28,129.26,119.6,113.54,108.9,110.32,108.01,100.65,101.71,81.109,116.3,98.538,108.11,100.95,108.15,114.12,105.26,97.919,101.71,92.835,71.593,83.941,68.533,87.398,94.633,98.622,103.61,97.701,83.356,53.843,43.902,76.208,70.922,60.876,53.92,55.416,66.57,69,63.695,54.918,44.418,45.221,53.809,64.755,71.836,80.001,105.07,107.38,103.05,100.9,99.972,101.13,99.083,90.472,88.927,125.25,123.78,110.31,122.55,105.15,104.74,94.893,91.237,89.4,82.357,92.064,98.446,100.5,99.475,98.465,86.251,65.154,88.395,60.251,58.645,59.512,61.014,70.886,81.743,97.361,109.81,106.66,25.742,21.106,0.019604,7.8227,18.595,24.97,35.069,34.213,38.298,42.51,22.996,27.968,30.162,31.727,63.398,53.405,73.918,58.312,80.48,94.571,55.02,66.274,92.882,99.849,84.491,85.205,65.011,52.852,91.957,82.976,28.621,80.963,55.163,69.97,67.574,70.737,81.873,76.944,104.8,115.73,94.554,119.62,114.88,96.81,89.045,90.757,89.994,90.6,88.243,68.099,61.938,50.507,68.104,52.259,48.248,31.168,46.405,28.255,30.404,43.63,19.568,126.89,127.99,135.63,144.79,145.37,140.31,134.99,126.34,120.96,108.77,123.28,117.03,114.39,97.295,98.242,100.09,104.76,94.434,104.78,103.65,116.02,126,115.34,99.229,94.718,99.512,97.912,102.28,105.57,104.9,96.569,104.49,111.65,127.77,107.03,129.36,116.38,123.19,84.114,96.334,89.388,74.108
2021,7,20.9,14.536,22.529,25.346,22.719,21.933,18.915,16.262,17.579,15.048,15.274,15.361,15.004,14.921,15.504,21.022,18.623,20.405,23.249,21.902,16.39,13.812,17.181,17.347,29.768,30.151,31.565,32.837,28.926,26.466,19.783,27.649,25.686,27.909,38.535,33.71,33.451,32.528,32.313,32.37,33.086,32.343,63.381,74.344,68.74,65.766,64.38,49.728,58.113,51.46,43.764,38.836,39.651,40.341,57.372,42.565,21.72,33.314,29.129,30.223,29.89,29.857,30.1,34.646,31.092,29.83,29.268,30.376,29.31,29.469,30.298,29.328,27.573,27.28,23.388,20.268,22.466,24.325,38.401,38.537,38.458,39.235,37.984,35.903,30.013,31.519,24.307,25.495,22.947,27.51,35.602,38.337,35.912,33.698,34.627,35.501,36.061,32.511,28.277,27.116,29.485,37.432,33.271,40.51,39.045,39.368,38.735,37.84,52.61,49.022,48.175,49.211,51.797,40.172,40.728,45.162,43.489,39.61,42.215,45.2,50.825,53.794,56.876,57.564,57.15,59.823,57.683,58.293,58.357,61.405,62.495,60.313,63.576,59.989,62.069,57.359,57.413,60.71,54.237,49.988,56.11,44.833,55.42,55.667,57.146,57.775,58.427,61.274,61.811,59.994,53.385,47.646,42.819,47.913,55.44,61.262,62.23,71.37,68.075,74.422,76.066,77.655,72.018,76.757,72.514,76.233,66.891,62.694,72.132,59.214,65.645,61.973,74.776,75.796,66.95,68.432,58.477,66.09,69.534,64.461,58.905,51.075,48.081,51.612,40.071,39.884,43.462,50.03,53.542,54.736,57.936,58.416,65.651,15.051,13.796,0.0072845,9.105,15.681,20.478,29.089,21.615,30.517,31.925,22.435,28.228,26.183,31.435,39.36,36.789,43.389,37.135,47.942,58.768,46.18,56.943,65.071,69.2,71.615,78.581,72.72,74.096,81.817,74.382,70.238,74.209,71.991,76.153,74.526,74.879,75.527,78.703,76.167,70.66,74.307,66.015,62.458,55.401,70.722,53.349,56.495,61.295,80.618,41.81,65.997,65.501,77.594,72.259,55.283,45.907,61.523,40.242,38.498,39.944,31.931,56.781,55.598,54.05,47.595,47.945,52.462,46.995,46.839,41.316,41.18,65.986,57.876,54.148,44.471,42.925,42.862,41.017,36.947,40.364,38.197,39.167,39.661,38.729,39.808,38.399,39.681,40.379,41.091,41.115,40.336,36.472,37.954,37.547,39.541,36.731,39.771,39.346,39.747,35.895,35.105,34.857,34.4
2021,8,22.59,12.31,13.226,10.763,8.7927,9.8464,9.3822,7.2295,7.8662,6.8173,6.715,6.675,6.2399,6.1013,6.5943,10.302,11.91,12.838,14.078,13.256,21.412,15.162,15.516,16.632,19.23,22.82,21.761,21.218,14.849,12.138,8.9036,12.148,11.981,12.743,21.381,15.701,15.576,14.773,14.717,14.763,15.44,15.841,31.103,32.168,29.842,29.123,30.623,24.297,27.111,25.364,21.668,19.477,21.478,22.366,27.007,20.293,12.76,19.73,17.806,18.848,21.055,19.983,20.117,26.783,24.693,23.545,24.525,23.799,24.791,24.283,21.421,21.62,23.273,23.399,23.839,22.338,23.19,23.817,31.038,31.726,31.844,32.327,31.549,29.586,26.836,26.122,24.313,23.703,23.417,26.442,30.491,32.281,30.876,29.284,29.077,29.438,30.131,27.125,24.82,24.159,25.58,30.167,28.231,32.315,31.062,31.18,31.039,30.702,37.748,36.555,35.829,36.035,36.946,32.348,32.388,34.015,33.316,31.627,32.566,33.547,34.534,37.393,37.399,38.442,38.13,38.417,38.491,38.451,38.236,38.694,38.855,38.042,38.867,37.629,38.259,37.032,37.098,38.658,36.635,34.862,43.196,28.695,29.273,30.14,32.873,34.754,36.067,35.392,35.482,35.985,31.117,31.601,23.552,26.68,30.772,35.161,36.403,47.591,44.564,49.73,50.859,52.09,46.338,49.842,43.808,46.744,42.19,38.784,44.605,37.666,40.677,38.303,46.918,47.068,40.784,40.395,36.429,41.33,43.342,39.605,38.42,35.029,33.902,35.559,43.07,43.379,41.56,36.871,32.308,30.384,34.26,37.802,43.491,25.731,24.428,6.1029,19.743,23.653,25.831,28.323,28.802,30.346,31.566,24.232,27.15,27.013,28.301,33.289,30.681,34.145,37.578,38.062,39.178,31.668,31.543,37.632,42.627,35.841,31.353,30.906,29.466,32.022,30.479,27.975,30.454,29.807,30.999,30.294,30.441,31.218,32.445,49.571,43.487,39.288,38.03,35.806,32.458,31.902,31.724,32.245,31.855,33.032,28.468,28.599,28.026,31.693,30.288,25.247,21.496,26.952,19.152,18.529,19.316,16.022,37.768,37.882,37.595,36.692,36.793,37.355,35.626,34.321,32.664,30.684,38.122,35.77,34.648,30.649,29.573,30.177,30.664,29.674,30.788,30.621,31.736,32.417,31.524,34.135,33.983,34.332,34.104,33.852,32.999,31.695,29.991,30.79,31.256,32.554,30.946,32.696,31.861,32.333,29.428,30.264,29.782,28.632
2021,9,86.142,60.388,55.006,36.739,24.941,35.487,28.404,13.362,13.831,11.427,10.881,10.324,9.2153,8.6203,9.1742,12.968,32.924,27.419,25.696,21.04,91.752,65.094,55.067,60.583,32.831,47.449,27.281,25.115,14.698,8.815,5.4466,7.1716,9.2506,6.5273,25.5,11.327,10.694,7.5366,8.2541,8.5099,10.815,12.994,76.956,59.61,50.92,48.671,47.831,29.47,40.074,33.817,23.389,19.308,23.375,24.926,45.833,57.447,65.793,74.238,73.566,75.454,78.546,78.009,79.418,80.159,80.043,79.678,79.662,79.774,79.651,79.656,79.697,79.202,78.663,78.076,78.508,77.95,78.408,78.855,79.075,79.031,78.852,78.652,78.599,79.456,79.236,79.815,78.68,79.146,78.628,79.042,78.866,71.639,63.129,58.129,53.098,51.797,51.976,47.686,45.621,45.035,46.577,51.881,50.241,55.998,53.337,53.433,53.687,53.609,66.174,67.233,64.845,63.39,63.319,56.7,56.39,58.19,56.977,54.887,56.083,56.711,52.636,59.289,55.11,57.402,56.692,56.397,58.168,56.629,55.612,54.426,52.355,51.257,50.161,50.795,51.35,57.872,59.043,68.152,69.353,66.684,149.47,151.52,187.06,183.22,173.75,167.17,166.09,172.17,173.08,167.21,159.43,151.47,154.2,153.84,156.54,156.73,142.89,152.85,149.34,153.23,156.18,159.09,152.15,150.44,158.86,150.5,86.988,67.045,101.16,61.1,78.538,59.851,132.98,146.84,133.45,158.57,108.54,115.31,109.44,66.935,90.94,72.025,71.87,68.83,103.82,105.98,119.95,146.38,169.09,175.92,159.14,137.52,145.36,98.047,98.487,91.348,103.12,105.97,110.98,119.3,106.53,117.16,116.34,108.66,116.09,115.84,114.89,119.18,118.1,117.62,112.11,126.52,135.6,113.15,94.737,118.99,133.47,104.64,72.622,82.511,69.574,79.573,79.166,73.839,78.846,66.924,62.993,66.795,67.972,77.196,73.113,142.03,100.01,107.23,72.019,65.844,71.013,83.924,77.091,79.138,79.586,82.528,77.112,74.234,70.884,62.29,64.578,68.921,64.349,62.596,60.454,64.399,67.865,65.684,62.361,62.665,64.681,67.475,67.28,66.647,67.726,66.183,62.152,60.267,65.503,65.065,64.657,64.004,63.403,64.145,61.823,55.511,61.037,53.746,53.045,53.824,53.636,77.241,77.621,77.099,76.947,74.442,70.448,65.748,54.995,56.493,53.024,53.717,52.625,53.712,52.491,53.043,49.959,51.935,51.207,49.404
2021,10,31.127,22.487,19.706,16.866,13.269,15.826,14.332,7.7621,7.8944,6.7385,6.4836,6.203,5.6791,5.3787,5.6348,7.6315,17.16,15.234,14.278,12.011,36.762,28.444,26.027,27.418,18.125,23.152,16.35,14.919,9.0618,5.3817,3.0758,4.0217,5.7684,3.3659,14.362,6.9254,6.3937,3.9093,4.5534,4.6151,6.012,7.0181,23.891,20.633,18.881,18.5,18.788,13.787,16.524,14.789,11.408,9.7898,11.352,11.917,18.007,18.874,19.21,21.128,20.757,21.1,21.757,21.557,21.707,22.849,22.463,22.274,22.347,22.253,22.384,22.315,21.927,21.904,22.074,22.019,22.202,21.982,22.117,22.228,23.819,23.814,23.819,23.868,23.52,23.243,22.664,22.645,22.32,22.218,22.188,22.675,23.266,22.57,21.069,20.081,19.176,18.956,19.038,18.136,17.649,17.505,17.849,19.097,18.704,20.054,19.476,19.502,19.539,19.5,22.893,22.379,21.922,21.93,22.587,20.187,20.289,21.595,20.89,19.881,20.745,21.389,21.327,22.881,22.443,23.034,22.882,23.339,23.321,22.929,22.7,22.689,21.914,21.439,21.09,20.647,20.655,20.601,20.764,22.352,22.217,21.705,30.556,31.106,32.353,31.913,31.08,30.596,30.611,31.43,31.644,31.162,31.068,30.907,30.684,30.889,30.876,31.073,29.971,30.169,29.796,30.442,30.704,30.928,30.514,30.706,31.981,31.82,25.069,22.92,27.235,22.663,26.582,24.42,30.673,31.29,29.343,31.582,26.28,27.539,28.205,23.885,24.825,22.425,22.304,22.055,31.443,31.077,31.011,31.24,31.77,31.536,29.92,28.435,29.371,37.623,38.425,40.619,41.987,40.381,38.493,35.331,36.655,35.116,34.59,34.754,34.24,35.601,33.795,31.394,32.804,30.194,32.282,29.961,28.67,29.11,27.448,27.583,28.744,26.528,23.243,24.54,22.754,25.53,24.256,24.345,24.162,21.823,20.919,21.654,21.898,23.687,23.187,29.777,26.425,26.86,23.022,21.885,22.417,24.588,23.6,24.271,24.058,24.798,23.196,22.587,22.207,21.006,22.185,21.274,20.052,20.995,19.161,19.596,20.088,19.479,23.132,23.179,22.606,22.487,22.475,22.375,22.233,21.746,20.949,20.431,22.153,21.708,21.506,20.973,20.788,20.948,20.664,19.601,20.568,19.38,19.337,19.518,19.423,24.535,24.648,24.464,24.337,23.575,22.569,21.461,19.556,19.861,19.296,19.508,19.205,19.517,19.251,19.377,18.664,19.037,18.883,18.515
2021,11,15.109,11.534,8.412,8.5556,5.9109,7.0487,6.8788,3.0125,3.0293,2.5346,2.4355,2.324,2.1298,2.0179,2.1141,3.049,10.24,8.2585,8.9992,5.2584,19.265,15.936,15.269,15.741,16.728,11.203,7.6196,6.8731,3.9972,2.23,1.149,1.5688,2.437,1.2734,6.426,3.0119,2.726,1.5175,1.8239,1.7828,2.3224,2.6191,9.5553,8.3462,7.0999,7.0092,7.3054,5.3338,6.2437,5.5385,4.2706,3.6438,4.2181,4.4282,6.9404,7.0135,7.1378,8.094,7.7128,7.8405,8.0869,8.0165,8.0658,10.359,9.8967,9.3456,9.9856,9.0267,10.224,9.6571,8.1538,8.173,9.6306,10.12,11.807,11.427,11.411,11.272,9.4763,9.5101,9.3778,9.3866,9.2165,9.7986,10.402,10.35,10.279,10.704,10.36,10.036,9.3274,8.646,7.9502,7.5167,7.1417,7.0483,7.079,6.8043,6.6638,6.6208,6.7153,7.1448,7.0235,7.5544,7.3205,7.3301,7.3463,7.3316,9.0641,8.5818,8.3774,8.4909,9.1266,7.6126,7.737,9.1456,8.2542,7.5274,8.314,9.4392,21.614,17.289,31.194,31.841,34.192,32.287,27.413,34.707,38.709,43.146,55.28,60.655,67.078,55.559,49.806,15.054,12.714,12.517,8.2553,8.065,12.01,12.988,13.373,13.06,12.421,12.046,12.008,12.593,12.74,12.44,12.738,12.728,12.902,12.905,12.668,12.602,11.968,11.301,11.213,11.437,11.545,11.615,11.747,11.753,12.957,12.889,9.8116,10.122,10.93,11.238,17.998,26.993,12.544,12.468,11.474,12.72,9.8449,10.458,11.826,27.994,9.2245,8.3326,8.2875,8.1952,13.623,13.361,13.074,12.851,13.044,12.874,11.675,10.701,10.996,17.794,18.386,21.069,21.487,20.625,20.009,18.671,17.695,17.46,16.646,18.97,17.937,18.929,17.078,13.894,15.637,12.801,14.061,12.285,10.906,12.212,11.541,10.562,10.836,10.277,9.2691,9.8411,9.1213,10.697,9.8059,10.211,9.7447,8.4584,7.8611,8.2949,8.4272,9.3926,9.1296,11.157,9.9832,10.271,8.7436,8.2574,8.5395,9.764,9.2582,9.6957,9.5211,11.978,9.3534,9.5997,8.6472,7.967,8.9078,8.093,7.5046,8.1859,7.1198,7.2815,8.7053,7.2379,10.69,11.277,8.9258,8.6592,8.6574,8.585,8.4523,8.1732,7.83,7.9016,8.4266,8.1541,8.0505,7.7953,9.4144,8.2546,8.0367,7.2866,7.693,7.2035,7.1876,7.2524,7.2176,9.929,10.009,9.8719,9.7839,9.2901,8.6895,8.0671,7.2764,7.3881,7.1709,7.2487,7.1377,7.2521,7.1576,7.2015,6.965,7.0778,7.0265,6.9157
2021,12,6.2177,5.1092,3.2498,3.785,2.247,2.8035,2.9197,1.1194,1.1256,0.94182,0.90498,0.86353,0.79139,0.74979,0.78553,1.1329,4.9497,3.7684,4.5564,1.9539,8.4874,7.2387,7.102,7.2447,8.6412,4.5074,2.8313,2.5539,1.4853,0.82863,0.42696,0.58292,0.90555,0.47316,2.3877,1.1191,1.0129,0.56386,0.67772,0.66244,0.86294,0.9732,3.5505,3.4067,2.6382,2.6044,2.719,1.9819,2.32,2.058,1.5868,1.3539,1.5673,1.6454,2.5789,2.606,2.6522,3.1232,2.8659,2.9134,3.0049,2.9787,2.9971,4.7175,4.4474,4.0269,4.5551,3.7695,4.735,4.2944,3.0298,3.0574,4.3216,4.722,5.894,5.6637,5.6371,5.5262,3.5884,3.6406,3.5077,3.4975,3.4921,4.1363,4.8036,4.767,4.7684,5.1246,4.8596,4.4928,3.7078,3.2127,2.9541,2.793,2.6537,2.619,2.6304,2.5283,2.4762,2.4613,2.4953,2.6549,2.6098,2.807,2.7201,2.7237,2.7297,2.7243,3.368,3.1888,3.1128,3.155,3.4485,2.8287,2.8749,3.6688,3.1039,2.797,3.1757,3.9564,10.694,8.7815,13.804,14.006,14.611,14.155,12.729,14.742,15.663,16.598,18.608,19.322,20.102,18.463,17.548,7.8994,6.6121,6.3338,3.0675,2.9968,4.4628,4.8261,4.9691,4.853,4.6154,4.4761,4.4621,4.6793,4.7338,4.6226,4.7333,4.7296,4.794,4.7952,4.707,4.6825,4.447,4.199,4.1666,4.2498,4.2899,4.316,4.3927,4.3673,4.8633,4.839,3.8396,4.3766,4.2493,5.1714,8.9151,12.628,4.8007,4.6393,4.2635,4.7264,3.6581,3.8859,4.7676,12.903,3.4276,3.0962,3.0794,3.0452,5.0619,4.9646,4.8578,4.775,4.8467,4.7836,4.3381,3.9762,4.0859,7.2292,7.5881,9.348,9.4512,9.012,8.7964,8.2956,7.3253,7.4438,6.9007,8.5529,7.936,8.4276,7.3831,5.38,6.4767,4.7761,5.2248,4.5646,4.0522,4.5376,4.2882,3.9245,4.0264,3.8188,3.4442,3.6567,3.3893,3.9747,3.6436,3.794,3.6209,3.143,2.921,3.0822,3.1314,3.4901,3.3923,4.1456,3.7095,3.8164,3.2489,3.0683,3.1731,3.6281,3.4401,3.6027,3.5378,5.4453,3.6474,4.0363,3.2131,2.9604,3.3099,3.0072,2.7886,3.0417,2.6456,2.7056,3.8953,2.6894,4.6055,5.0777,3.3166,3.2176,3.2169,3.19,3.1407,3.037,2.9095,3.1184,3.1311,3.0299,2.9914,2.8966,4.3584,3.3393,3.1951,2.7094,2.8844,2.6767,2.6708,2.6948,2.6819,3.6894,3.7192,3.6682,3.6355,3.452,3.2288,2.9976,2.7037,2.7452,2.6645,2.6935,2.6522,2.6947,2.6596,2.6759,2.588,2.6299,2.6109,2.5697
2022,1,2.3104,1.8984,1.2075,1.7785,0.83492,1.0417,1.0849,0.41593,0.41826,0.34996,0.33627,0.32087,0.29406,0.27861,0.29189,0.42097,1.8392,1.4002,1.693,0.72603,3.1537,2.6897,2.6389,2.692,4.001,1.6749,1.052,0.94896,0.75547,0.56538,0.15865,5.2021,0.34355,0.47683,2.3276,2.524,1.4406,0.24957,0.72719,1.5974,2.8632,1.5725,30.073,87.215,58.689,56.961,49.788,19.704,47.8,31.148,14.706,6.9802,7.3662,9.4235,33.595,24.162,2.5149,20.474,4.3259,3.2208,1.1205,1.2691,1.1136,15.169,3.3974,1.7379,1.6926,1.4043,1.7634,1.5957,1.1258,1.1361,1.6058,1.7546,2.1901,2.1045,2.0946,2.0534,37.359,38.416,34.439,39.054,23.751,16.676,3.1798,4.5621,1.7718,1.9042,1.8057,2.4261,11.911,17.45,8.1646,2.4546,4.2075,4.1016,2.8672,20.64,25.462,26.605,21.263,16.568,10.862,27.751,27.661,32.486,22.519,16.266,35.743,32.754,36.175,43.819,49.19,28.997,23.167,35.236,35.133,20.454,15.132,27.497,24.26,51.498,45.537,30.866,17.603,65.136,58.422,31.897,22.293,75.861,69.718,30.06,76.748,28.931,54.657,13.029,13.083,22.258,2.7034,1.1135,4.636,1.8591,4.2783,2.0716,1.8183,2.2442,4.7062,20.156,20.312,10.808,3.0483,1.8934,1.7813,1.9868,9.4674,12.123,9.6759,141.06,110.6,156.01,168.84,190.29,107.07,148.76,53.224,33.767,140.99,92.05,144,65.828,50.684,55.245,59.131,41.205,8.305,29.01,2.6429,16.783,32.198,53.437,1.9201,1.1505,1.1442,1.1691,1.8809,1.8447,1.8051,1.7743,1.8009,2.3074,11.89,11.59,73.186,2.6862,2.8196,3.4735,3.5118,3.4662,3.3793,3.0825,2.7219,2.7659,2.5641,3.178,2.9488,3.1315,2.7434,1.9991,2.5433,1.7747,1.9414,1.6961,16.192,2.7148,22.876,28.033,63.867,52.106,64.464,43.038,44.13,75.558,52.158,31.439,49.268,36.198,43.626,39.731,42.502,49.19,63.243,180.21,138.18,102.54,92.415,71.511,71.557,65.887,57.614,55.57,63.34,89.858,39.239,78.187,46.026,73.344,58.802,45.98,25.229,48.787,22.698,26.018,57.475,12.346,53.832,47.101,50.345,22.005,27.91,47.67,15.578,34.907,12.319,28.037,73.788,62.177,52.148,49.195,52.664,49.06,29.132,8.6946,26.631,9.0706,5.6551,2.9327,4.0912,55.734,42.102,50.433,58.412,59.283,48.611,32.44,6.5125,8.793,1.797,2.0145,1.3458,2.174,6.4445,4.5522,11.616,1.009,1.9512,11.028
2022,2,10.972,0.91258,2.4459,4.4375,0.31024,0.81308,1.4394,0.15455,0.15541,0.13004,0.12495,0.11923,0.10927,0.10352,0.10846,1.0121,2.6383,2.45,4.7969,0.76288,7.9801,2.3777,2.6213,2.3355,15.424,2.2779,0.39098,1.2734,2.7439,1.4112,0.05895,10.128,0.42004,2.6014,6.4589,10.63,7.8729,4.5058,5.8681,6.6525,6.4403,1.4723,17.021,45.397,32.783,33.018,31.572,15.85,28.648,20.588,11.418,5.6055,5.5944,6.9124,25.001,21.732,1.9006,14.346,3.0395,2.2386,0.41879,0.56865,0.4138,8.8005,2.1457,0.78904,0.62892,0.52407,0.65769,0.59293,0.41832,0.42214,0.59667,0.65197,0.81378,0.78198,0.77831,0.763,15.9,15.927,14.683,15.883,11.256,8.883,1.9128,2.9742,0.65837,0.70755,0.67096,1.3255,7.02,9.1154,5.2979,1.6532,2.9831,2.9144,2.0086,10.993,12.459,12.721,11.026,9.2341,6.5964,12.594,12.815,14.221,11.029,8.7472,13.672,13.063,13.738,15.172,16.099,12.764,10.892,13.699,13.873,10.141,8.2867,11.936,11.361,16.801,16.184,13.233,9.1948,19.149,18.073,13.516,10.88,20.586,19.949,13.264,20.855,12.93,17.915,7.41,7.4605,10.649,1.8104,0.41376,3.7461,0.73061,6.0641,1.2139,0.73793,1.1699,4.383,20.176,19.08,8.8361,1.8161,0.78513,0.6619,0.86029,5.869,7.0905,5.9828,44.088,43.1,42.906,42.437,43.174,37.233,37.266,23.011,14.449,27.839,21.828,29.845,18.663,17.238,17.845,20.215,16.391,5.2984,13.921,1.6627,8.8739,13.075,17.358,1.08,0.42749,0.42518,0.45718,0.69889,0.68546,0.67072,0.65928,0.66918,1.9653,13.585,13.833,35.332,0.99813,1.0477,1.2907,5.0061,8.5429,5.1742,1.1454,1.0114,1.0634,0.97094,1.1809,1.0957,1.1636,1.0194,0.74281,1.0428,0.65943,0.73119,0.63024,12.736,1.5688,13.885,18.031,29.411,24.381,26.69,20.361,20.189,32.501,22.477,15.082,21.943,18.323,21.399,19.444,20.304,22.747,31.873,39.096,27.101,25.561,21.135,18.615,18.63,20.677,17.346,18.758,26.718,45.344,21.202,46.824,37.534,36.278,41.587,35.278,24.608,36.796,21.964,23.682,40.246,12.361,16.84,15.783,16.131,10.477,11.995,15.688,8.4469,13.488,7.2039,12.148,19.047,17.675,16.316,15.889,16.567,15.95,12.474,5.578,11.858,5.805,3.9323,2.0497,2.8997,19.057,16.144,17.753,19.668,19.205,16.716,13.3,4.4178,5.6251,1.1174,1.3012,0.71093,1.4368,4.4997,3.2229,7.3127,0.3942,1.2618,6.9154
2022,3,10.931,3.1342,22.454,88.042,56.479,36.204,26.171,10.495,11.926,4.7184,6.0248,6.4525,7.726,7.6752,8.0101,15.156,15.176,15.622,23.79,10.162,8.57,4.17,6.7392,5.5576,42.413,8.131,2.3773,7.9017,18.2,16.284,5.48,38.966,11.069,25.072,20.584,40.312,35.048,34.564,34.093,36.322,33.449,19.428,10.936,40.493,35.045,39.602,32.885,31.65,43.257,40.507,33.338,24.376,24.03,26.78,42.068,27.461,1.134,7.8903,1.1294,0.83182,0.15561,0.2113,0.15376,3.5568,0.79729,0.29319,0.23369,0.19473,0.24438,0.22032,0.15544,0.15686,0.22171,0.24226,0.30238,0.29057,0.2892,0.28351,6.8577,6.7968,6.1249,6.7174,4.3537,3.3272,0.71077,1.1051,0.24464,0.26291,0.24931,0.49251,2.6085,3.4029,1.9686,0.61428,1.1085,1.0829,0.74636,4.596,5.2213,5.3092,4.5343,3.6905,2.4539,5.0521,5.2601,5.9459,4.3455,3.2884,5.0803,4.8538,5.1048,5.6907,6.08,5.0516,4.112,5.1535,5.352,3.8427,3.0792,4.4365,4.2215,6.2931,6.0135,4.917,3.4166,7.2096,6.7483,5.0223,4.0427,7.752,7.4142,4.9286,7.7493,4.8043,6.6566,2.7534,2.7721,3.9569,0.67272,0.15374,2.1811,0.27148,6.6957,1.1928,0.32139,0.75577,4.9062,21.874,19.22,8.2911,0.6748,0.29174,0.24595,0.31967,2.1808,2.6347,2.2231,18.755,18.736,18.47,18.344,18.599,17.595,16.615,12.606,5.952,12.504,8.7721,13.206,7.1942,6.7624,6.7877,8.8016,6.9253,1.9687,6.7121,0.61781,3.2973,4.8795,6.4573,0.40132,0.15884,0.15799,0.16988,0.25969,0.2547,0.24922,0.24497,0.24865,1.3003,7.5707,7.388,15.726,0.37088,0.38929,0.47958,4.4703,7.9578,5.3869,0.42559,0.37581,0.41673,0.37183,0.43879,0.40714,0.43237,0.37878,0.27601,0.39706,0.24503,0.27766,0.23418,6.396,0.58292,7.973,8.7862,13.565,12.801,17.314,13.362,11.466,24.207,15.33,7.1355,15.148,10.736,13.465,11.905,12.631,16.247,25.876,17.191,11.644,11.213,8.2183,6.9169,6.9226,9.3998,6.6043,7.9288,15.078,35.731,10.941,36.952,36.283,28.595,45.153,30.64,25.143,42.672,26.184,22.867,28.631,12.484,6.3484,5.8813,6.0187,3.893,4.457,5.8298,3.1387,5.0117,2.6768,4.5912,7.1948,6.617,6.0627,5.9039,6.1934,5.9535,4.7524,2.0727,4.5172,2.182,1.4717,0.76164,1.0775,8.1457,6.6866,7.4266,8.4753,8.0911,6.7002,5.1264,1.6415,2.0902,0.41519,0.4835,0.26416,0.53387,1.7427,1.2034,2.948,0.14647,0.46885,2.7178
2022,4,149.81,129.35,168.96,191.02,189.53,183.06,147.94,111.39,109.36,92.475,95.783,96.464,97.639,95.95,93.812,91.817,114.89,104.97,110.37,89.794,110.92,110.33,95.478,86.703,118.65,71.069,54.368,65.591,69.989,60.254,47.708,74.81,55.08,53.481,68.392,66.249,61.389,48.734,53.595,56.442,61.006,55.246,30.061,59.637,64.317,69.016,65.315,65.942,73.663,74.935,67.655,62.123,68.341,72.429,71.869,37.39,1.4157,4.0267,0.41966,0.30909,0.057821,0.078514,0.057133,1.3216,0.29625,0.10894,0.086835,0.072358,0.090806,0.081865,0.057757,0.058284,0.082382,0.090016,0.11236,0.10797,0.10746,0.10535,2.5482,2.5255,2.2759,2.496,1.6177,1.2363,0.2641,0.41064,0.090901,0.097691,0.092639,0.183,0.96924,1.2644,0.73148,0.22825,0.41188,0.40239,0.27733,1.7078,1.9401,1.9728,1.6848,1.3713,0.9118,1.8772,1.9545,2.2094,1.6147,1.2219,1.8877,1.8035,1.8968,2.1145,3.6678,1.8771,1.5279,1.9149,1.9887,1.4279,1.1441,1.6485,1.5686,5.7416,2.2485,1.8271,1.2695,11.242,8.8741,1.8662,1.5022,14.53,7.742,1.8313,8.7369,1.7852,3.2289,1.0231,1.0301,1.4703,0.24997,0.057128,14.588,0.44296,25.135,13.469,5.3991,5.0616,13.816,31.024,29.567,19.346,0.50563,0.34607,0.091388,0.11878,3.7538,3.8038,0.82604,20.488,29.775,21.072,18.061,18.039,26.819,19.279,18.684,6.0947,17.847,9.0945,14.162,6.4032,2.5706,6.6199,5.9303,6.268,0.73154,11.688,0.22956,1.2252,1.8228,5.0911,0.14912,0.059023,0.058704,0.063122,2.224,3.6154,0.092605,0.10963,4.9403,12.623,15.785,7.0755,13.911,72.555,80.588,76.974,102.9,103.34,80.81,28.139,57.063,25.181,21.156,35.278,10.541,32.558,10.342,0.10256,16.638,0.1946,8.9104,0.087016,5.3301,1.7458,20.158,6.1308,11.341,14.224,18.051,15.164,10.15,17.975,14.944,3.1022,15.326,16.113,23.737,17.325,17.464,19.602,37.256,12.807,6.2359,7.329,3.4663,2.5702,2.5723,7.2665,2.454,2.9464,10.515,40.204,5.2411,40.313,45.505,47.722,66.24,35.166,31.15,58.296,33.002,24.852,24.411,13.84,4.7456,3.3525,3.0705,1.4466,1.6561,2.1665,1.1663,1.8622,0.99464,1.706,2.6734,2.4587,2.2527,2.1938,2.3013,2.2122,1.7659,0.77016,1.6785,0.81077,0.54686,0.28301,0.40037,3.0268,2.4846,2.7596,3.1492,3.0065,2.4897,1.9049,0.60996,0.77666,0.15428,0.17966,0.098157,0.19838,0.64755,0.44714,1.0954,0.054426,0.17421,1.0099
2022,5,57.602,48.087,48.5,49.334,54.125,54.281,54.484,71.177,72.127,73.452,71.217,70.793,63.703,58.975,61.528,49.684,43.89,40.58,43.976,41.468,52.422,48.993,42.45,39.841,42.134,30.283,22.048,24.503,25.363,21.205,20.267,24.076,19.51,20.347,28.323,24.439,23.386,20.803,21.67,22.39,23.397,22.076,33.698,46.153,40.477,37.922,40.156,29.605,34.314,31.807,27.499,25.056,26.85,27.824,31.742,16.759,0.97452,1.8554,0.15594,0.11485,0.021485,0.029174,0.021229,0.49109,0.11008,0.04048,0.032266,0.026887,0.033741,0.030419,0.021461,0.021657,0.030611,0.033448,0.04175,0.040118,0.03993,0.039145,0.94684,0.93843,0.84566,0.92747,0.60112,0.45938,0.098135,0.15259,0.033777,0.0363,0.034423,0.068,0.36015,0.46984,0.2718,0.084813,0.15304,0.14952,0.10305,0.63456,0.7209,0.73303,0.62605,0.50954,0.3388,0.69754,0.72626,0.82095,0.59998,0.45403,3.651,1.3654,0.96476,3.9618,11.252,0.69747,0.56774,1.8899,1.1611,0.53056,0.42514,0.61254,0.58285,14.336,3.9117,0.78364,0.47172,20.972,19.342,0.76045,0.55817,24.406,18.139,0.68049,20.074,0.66333,10.762,0.38016,0.38275,2.8601,0.092882,0.021227,16.053,0.36516,21.195,15.288,9.0481,8.6305,15.656,24.652,24.195,18.414,0.33879,0.26958,0.033958,0.044136,3.4716,5.0592,0.30694,25.586,25.227,28.306,29.038,32.352,25.593,28.766,19.426,11.342,33.198,21.424,28.513,16.222,4.9149,14.072,12.997,12.221,0.27182,15.695,0.0853,0.62643,3.933,13.751,0.05541,0.021932,0.021813,0.023455,7.5935,9.198,0.08191,0.46771,8.0058,12.827,12.179,4.4639,13.616,49.666,51.484,52.342,54.745,51.65,41.955,19.496,38.697,19.818,18.252,23.916,10.707,22.466,11.088,0.038109,13.12,0.13468,12.378,0.032333,4.5852,1.6778,20.505,6.5395,15.114,21.594,25.796,22.286,17.883,19.959,19.337,4.2242,20.176,26.712,34.917,27.198,26.354,25.727,34.314,26.64,15.642,10.953,6.7766,0.95502,0.95579,7.6217,0.91185,1.095,6.6463,24.447,2.3499,19.261,21.863,40.042,34.685,16.552,14.686,27.203,15.011,11.9,11.693,7.4136,13.631,11.015,11.246,0.53751,2.0669,7.1539,0.43336,0.69196,0.36958,0.6339,1.4421,0.9136,0.83707,0.81515,0.85511,0.822,0.65617,0.28617,0.62369,0.30126,0.2032,0.10516,0.14877,1.1247,0.92321,1.0254,1.1702,1.1171,0.9251,0.7078,0.22665,0.28859,0.057325,0.066756,0.036473,0.073712,0.24061,0.16615,0.40703,0.020224,0.064734,0.37525
2022,6,40.839,24.753,23.403,24.75,25.454,24.714,23.292,25.551,25.867,25.19,25.036,24.921,23.881,22.983,23.436,20.944,19.328,18.053,19.304,18.467,44.034,31.271,24.5,24.654,19.166,16.469,10.368,11.319,11.417,8.867,9.2273,9.6989,8.0231,8.3931,13.694,10.618,10.233,9.3415,9.4954,9.6692,10.056,9.6688,21.263,22.187,18.357,17.091,19.181,13.552,15.402,14.297,12.322,11.2,12.067,12.478,14.287,6.7586,0.36211,0.68943,0.057942,0.042675,0.0079834,0.01084,0.0078883,0.18248,0.040903,0.015041,0.011989,0.0099904,0.012538,0.011303,0.0079744,0.0080472,0.011374,0.012428,0.015513,0.014907,0.014837,0.014545,0.35182,0.3487,0.31423,0.34463,0.22336,0.1707,0.036465,0.056697,0.012551,0.013488,0.012791,0.025267,0.13382,0.17458,0.101,0.031515,0.056868,0.055558,0.038291,0.23579,0.26787,0.27238,0.23262,0.18933,0.12589,0.25919,0.26986,0.30505,0.22294,0.16871,2.6889,0.89952,0.5123,2.8776,6.6806,0.25916,0.21096,1.3338,0.67675,0.19714,0.15797,0.22761,0.21657,7.9309,2.8244,0.35426,0.17528,10.452,9.8515,0.3231,0.2074,11.669,9.4065,0.25285,10.111,0.24648,6.4974,0.14126,0.14222,2.1714,0.034513,0.0078876,50.684,8.0617,31.447,29.512,27.867,29.174,36.189,33.677,32.296,32.347,7.0524,12.537,0.012618,0.0164,7.808,10.807,0.20497,23.079,23.113,23.023,23.118,24.342,21.471,21.239,17.65,10.826,15.989,10.726,15.736,8.6839,3.4522,7.7876,10.957,11.364,0.101,17.97,0.031696,0.36948,3.6577,7.745,0.020589,0.0081493,0.0081052,0.0087152,25.764,26.641,13.078,16.238,23.992,24.318,19.269,7.1046,16.471,48.737,49.969,53.398,52.698,49.312,42.16,24.905,41.281,27.071,26.554,26.632,18.173,27.378,18.434,0.60054,18.766,1.7348,25.411,1.5653,8.2982,4.6475,17.359,8.5547,15.695,15.728,14.971,13.48,11.4,11.902,11.427,3.2062,11.811,15.491,17.905,14.858,14.418,14.24,16.805,20.063,9.8758,7.2147,4.4626,0.35486,0.35515,4.3133,0.33882,0.40686,3.1036,11.418,0.87316,8.2688,9.7033,18.704,15.632,6.7993,5.838,12.262,5.8286,4.4218,4.3448,2.7547,7.6695,6.5916,6.7168,0.19973,1.5247,4.8105,0.16103,0.25712,0.13733,0.23554,0.79586,0.33947,0.31103,0.30289,0.31774,0.30544,0.24382,0.10633,0.23175,0.11194,0.075504,0.039075,0.055278,0.4179,0.34305,0.38101,0.43481,0.4151,0.34374,0.263,0.084216,0.10723,0.021301,0.024805,0.013552,0.027389,0.089407,0.061736,0.15124,0.0075146,0.024054,0.13943
2022,7,91.212,67.386,59.843,55.429,52.945,55.371,52.53,50.471,50.683,49.669,48.305,47.535,43.762,41.3,42.485,41.029,50.672,48.574,49.54,47.47,103.57,80.635,74.024,79.564,52.788,67.701,46.221,44.669,27.846,14.78,12.848,11.027,14.688,9.1951,39.16,17.695,17.25,10.922,12.059,10.873,11.86,10.791,71.517,53.538,35.44,28.819,48.362,22.84,21.421,17.432,14.134,12.51,13.058,13.313,16.516,3.75,0.13455,0.25618,0.02153,0.015857,0.0029664,0.004028,0.0029311,0.067805,0.015199,0.0055891,0.0044549,0.0037122,0.0046587,0.0042,0.0029631,0.0029902,0.0042265,0.0046181,0.0057644,0.0055391,0.0055131,0.0054047,0.13073,0.12957,0.11676,0.12806,0.082996,0.063427,0.013549,0.021067,0.0046635,0.0050119,0.0047527,0.0093887,0.049725,0.06487,0.037527,0.01171,0.021131,0.020644,0.014228,0.087614,0.099534,0.10121,0.086438,0.070352,0.046778,17.625,6.491,11.692,3.9944,0.4507,83.996,69.484,58.122,66.689,84.116,27.141,20.94,62.814,48.786,8.3113,14.089,43.341,25.865,94.701,84.601,86.083,55.465,106.07,105.42,85.169,61.771,104.36,99.5,61.796,97.499,65.165,98.96,86.919,93.628,111.51,91.805,79.522,213.68,219.5,188.02,189.57,193.6,197.15,200.93,191.23,188.52,196.26,198.87,216.61,192,179.54,192.62,180.4,156.24,134.13,134.8,134.33,135.68,137.02,138.3,135.41,149.38,143.42,92.683,86.326,110.71,91.131,109.03,108.27,134.52,141.14,126.55,164.4,105.93,131.56,127.56,111.9,81.072,81.119,61.03,81.8,170.05,171.74,172.25,181.15,182.94,174.68,151.55,121.67,127.47,103.62,105,110.48,112.39,114.44,119.06,126.59,116.74,133.94,136.15,117.96,121.25,123.48,119.19,114.65,121.14,112.53,149.9,137.26,114.76,92.98,77.811,86.18,107.46,74.248,37.149,42.609,28.149,23.838,40.826,11.79,42.152,42.51,49.457,43.931,43.37,47.081,41.892,120.29,78.332,51.439,47.543,2.8296,0.13197,20.41,0.1259,5.4365,17.285,28.632,0.32445,7.9828,9.4331,40.279,21.294,4.8898,3.4603,12.097,2.7379,1.6431,1.6144,1.0236,94.566,95.236,87.156,68.645,77.683,77.942,35.817,43.434,6.8475,2.0252,50.42,36.9,7.0546,0.11255,12.196,2.816,0.090596,0.039512,0.086113,0.041595,0.028056,0.014519,0.02054,0.15528,0.12747,0.14157,0.16157,0.15424,0.12773,0.097726,0.031293,0.039845,0.0079148,0.009217,0.0050358,0.010177,0.033221,0.02294,0.056199,0.0027923,0.0089377,0.05181
2022,8,76.685,64.017,63.922,65.988,62.246,61.147,53.695,40.101,39.183,36.401,38.067,38.294,42.567,45.199,43.048,51.95,54.413,56.029,55.788,57.345,87.908,70.702,72.291,79.435,64.539,85.239,78.984,78.213,74.315,71.82,63.294,71.519,73.265,62.677,69.874,68.801,67.227,56.772,60.291,53.61,47.33,32.337,52.75,33.287,21.772,19.04,38.201,28.787,16.636,14.796,19.596,21.351,13.094,11.992,12.771,2.3519,0.049996,0.095189,0.008,0.0058921,0.0011023,0.0014967,0.0010891,0.025195,0.0056475,0.0020768,0.0016553,0.0013794,0.001731,0.0015606,0.001101,0.0011111,0.0015705,0.001716,0.0021419,0.0020582,0.0020485,0.0020082,0.048576,0.048144,0.043385,0.047582,0.030839,0.023568,0.0050347,0.0078281,0.0017329,0.0018623,0.001766,0.0034886,0.018477,0.024104,0.013944,0.0043512,0.0078517,0.0076709,0.0052867,1.9859,2.67,2.3885,1.8769,5.0484,2.278,25.762,21.275,24.779,18.188,11.713,26.288,26.114,26.759,28.217,28.113,28.45,25.25,30.23,30.118,20.269,20.098,27.071,19.952,28.113,26.195,24.517,20.698,26.586,27.154,24.248,21.405,26.561,25.997,21.07,25.867,21.152,25.19,22.468,22.962,24.724,22.225,20.778,102.4,53.433,72.071,76.133,85.138,91.691,94.693,77.368,73.418,77.767,54.087,63.9,37.904,36.291,40.932,43.151,31.294,38.111,40.752,35.475,34.667,34.272,36.974,32.994,36.989,29.885,27.459,25.208,28.201,25.311,25.519,25.615,29.137,29.832,26.749,43.31,24.641,26.364,26.586,25.999,21.68,21.112,18.8,21.112,93.439,92.662,88.162,86.207,76.886,66.931,55.718,44.472,39.798,84.794,85.156,86.273,90.981,97.923,111.39,136.17,102.25,127.51,122.82,123.7,132.16,130.15,126.1,110.47,117.82,96.202,100.43,72.591,45.891,79.542,68.076,33.266,33.694,26.487,18.705,18.82,15.853,13.617,17.756,8.5623,18.3,24.261,24.707,21.633,21.135,20.569,21.504,32.021,24.329,19.306,18.644,2.522,0.049035,11.115,0.046781,4.3768,11.778,16.914,0.13196,7.4121,8.0245,22.936,14.832,4.4118,2.61,9.0846,1.4058,0.61052,0.59989,0.38034,26.068,26.431,26.447,25.851,26.931,26.152,20.544,22.241,12.971,8.4448,19.506,18.146,6.9265,0.04182,12.933,5.4495,2.4462,0.014682,0.36576,0.31069,0.10553,0.005395,0.0076322,0.057699,0.047364,0.052606,0.060034,0.057313,0.04746,0.036313,0.011628,0.014806,0.002941,0.0034248,0.0018712,0.0037816,0.39859,0.054016,1.2234,0.0010375,0.003321,0.81521
2022,9,32.929,33.774,29.885,26.318,26.1,28.67,32.61,28.259,26.701,27.052,27.024,27.298,27.751,28.054,28.306,33.833,40.936,42.115,41.423,40.207,33.76,35.719,39.69,40.021,46.005,46.867,51.428,49.832,40.227,34.371,30.15,31.683,35.082,31.193,42.601,37.181,37.002,32.935,33.507,30.343,27.89,21.59,23.819,18.499,13.876,12.956,24.492,21.687,12.17,11.048,15.612,16.316,9.8611,8.5626,9.6939,1.0499,0.018577,0.03537,0.0029726,0.0021894,0.00040957,0.00055614,0.0004047,0.0093617,0.0020985,0.00077168,0.00061509,0.00051254,0.00064322,0.00057988,0.00040912,0.00041285,0.00058355,0.00063762,0.00079588,0.00076478,0.00076119,0.00074622,0.01805,0.017889,0.016121,0.017681,0.011459,0.0087573,0.0018708,0.0029087,0.00064389,0.00069198,0.0006562,0.0012963,0.0068656,0.0089566,0.0051814,0.0016168,0.0029175,0.0028503,0.0019644,1.7068,2.2165,2.01,1.6222,3.7716,1.9351,12.16,10.491,11.735,9.4027,6.9816,11.953,12.079,12.499,13.056,12.824,13.153,12.025,13.896,13.848,10.183,10.122,12.715,9.8618,12.691,11.895,10.968,9.3872,11.604,11.977,10.824,9.6336,11.588,11.397,9.4286,11.359,9.6275,11.441,14.098,14.913,14.811,20.896,23.358,43.257,26.313,33.612,33.852,34.091,34.333,35.947,32.096,31.278,32.402,24.467,29.982,18.35,17.557,19.257,20.58,15.677,18.143,19.714,16.528,15.979,15.646,17.548,14.978,17.683,13.467,12.2,11.113,12.371,11.137,11.102,11.019,12.929,13.527,13.642,21.31,16.178,15.052,12.823,11.703,16.584,22.111,20.755,22.246,33.165,32.886,32.112,32.899,32.927,31.503,27.041,21.941,19.285,32.814,32.472,30.979,31.943,33.221,35.006,37.268,34.783,36.367,35.894,37.154,36.698,36.96,35.841,33.383,34.942,31.649,33.622,28.852,21.547,28.859,27.09,16.384,16.127,12.379,8.9249,8.4477,7.6103,6.209,7.7473,4.0048,8.0457,12.431,12.3,10.385,10.046,9.3344,11.163,14.578,10.746,8.3913,8.2342,1.0699,0.01822,4.71,0.017383,1.8618,5.6398,8.5629,0.055976,4.2219,4.9694,13.201,11.554,2.4239,1.333,6.2435,0.5595,0.22686,0.2229,0.14133,11.561,11.788,11.919,11.969,12.377,11.932,9.8986,10.581,7.2275,5.3517,8.7882,8.5077,3.5849,0.015539,6.8503,3.4236,2.0542,0.0054553,0.33178,0.28945,0.096552,0.0020047,0.0028359,0.02144,0.017599,0.019547,0.022307,0.021296,0.017635,0.013493,0.0043206,0.0055014,0.0010928,0.0012726,0.00069529,0.0014052,0.37344,0.047656,1.0976,0.00038552,0.001234,0.74702
2022,10,21.95,22.128,16.246,14.412,12.85,14.814,22.234,15.403,14.019,14.175,14.345,14.661,16.039,17.229,17.128,26.446,40.066,42.006,38.689,35.131,28.787,31.282,39.697,40.821,46.757,50.132,54.328,53.023,49.478,50.779,42.72,51.497,52.199,48.805,48.42,51.18,50.348,46.888,47.956,42.841,36.727,24.921,21.916,14.907,9.6339,9.2321,21.372,19.903,9.0623,8.2308,14.16,15.603,7.311,5.8538,7.1543,0.39011,0.0069029,0.013143,0.0011046,0.00081352,0.00015219,0.00020665,0.00015038,0.0034786,0.00077975,0.00028674,0.00022855,0.00019045,0.000239,0.00021547,0.00015202,0.00015341,0.00021683,0.00023693,0.00029573,0.00028417,0.00028284,0.00027728,0.0067069,0.0066473,0.0059902,0.0065697,0.004258,0.003254,0.00069513,0.0010808,0.00023925,0.00025713,0.00024383,0.00048167,0.0025511,0.0033281,0.0019253,0.00060077,0.0010841,0.0010591,0.00072994,0.6342,0.82361,0.74688,0.60278,1.4015,0.71905,4.5184,3.8983,4.3604,3.4938,2.5942,5.6297,5.0571,4.9857,5.2262,5.3735,4.8875,4.4681,5.1633,5.1457,3.7839,3.7613,4.7247,5.7015,7.0584,10.803,11.683,11.828,10.851,9.9684,12.688,13.796,15.817,22.904,25.523,30.732,30.4,30.606,31.823,31.501,28.16,34.995,35.814,24.938,15.344,25.235,24.307,22.204,20.981,21.795,21.371,21.365,21.101,15.558,17.753,13.166,13.893,14.215,16.266,15.503,10.724,13.494,9.3707,8.4717,7.689,12.326,8.8194,14.834,12.179,10.365,8.0638,7.8008,6.632,7.6755,8.405,9.2138,11.847,16.189,17.663,23.652,20.283,13.993,18.588,27.079,34.725,34.013,35.103,23.564,23.011,21.902,21.903,23.486,24.302,21.652,18.373,13.134,24.597,24.307,23.16,24.839,27.314,32.037,40.856,29.527,36.8,35.13,39.682,40.41,39.35,38.993,34.495,37.341,31.786,27.275,22.449,16.848,30.782,29.783,15.118,11.635,12.693,14.884,12.595,13.518,13.551,10.682,10.952,10.537,13.896,9.9449,9.3394,9.0088,9.9574,9.4407,7.7069,5.8704,3.2574,5.1233,0.39755,0.0067703,1.9409,0.006459,0.69182,2.1826,5.504,0.0208,1.8342,2.7049,9.3608,8.8121,0.9133,0.49531,4.3314,0.2079,0.084294,0.082826,0.052514,5.8944,6.1225,5.8094,4.788,4.975,5.7466,3.9586,3.9919,2.6856,1.9886,9.8968,5.4235,1.4437,0.005774,2.5454,1.2721,0.76329,0.0020271,0.12328,0.10755,0.035876,0.00074488,0.0010538,0.0079665,0.0065395,0.0072632,0.0082889,0.0079131,0.0065528,0.0050136,0.0016054,0.0020442,0.00040606,0.00047286,0.00025835,0.00052213,0.13876,0.017708,0.40783,0.00014325,0.00045853,0.27757
2022,11,10.463,10.469,7.3158,6.7051,5.5117,6.4509,10.58,6.8186,6.0064,6.0473,6.198,6.3998,7.3573,8.1122,8.0131,12.452,17.017,17.56,16.657,15.582,13.36,14.26,16.904,17.216,18.86,19.69,20.703,20.377,19.199,19.106,17.184,19.049,19.419,18.514,19.093,19.357,19.183,18.244,18.496,17.229,15.645,11.917,11.181,10.543,4.9706,4.7255,10.587,9.9161,4.6913,4.2763,7.4102,8.1214,3.8265,2.9815,3.6885,0.14496,0.002565,0.0048835,0.00041043,0.00030229,5.6549e-05,7.6786e-05,5.5876e-05,0.0012926,0.00028974,0.00010655,8.4925e-05,7.0766e-05,8.8809e-05,8.0064e-05,5.6486e-05,5.7002e-05,8.057e-05,8.8036e-05,0.00010989,0.00010559,0.0001051,0.00010303,0.0024921,0.00247,0.0022258,0.0024411,0.0015822,0.0012091,0.00025829,0.00040161,8.8901e-05,9.5542e-05,9.0601e-05,0.00017898,0.00094792,0.0012366,0.00071539,0.00022323,0.00040282,0.00039354,0.00027123,0.23566,0.30604,0.27752,0.22398,0.52075,0.26718,1.6789,1.4485,1.6202,1.2982,0.96395,2.7641,2.2043,2.0527,2.161,2.3431,1.8161,1.6602,1.9186,1.912,1.406,1.3976,1.7556,3.1208,3.7423,6.1722,6.7022,6.8412,6.2407,5.7164,7.2013,7.7389,8.5734,11.063,11.743,13.164,13.102,13.34,14.468,14.482,13.258,15.92,16.585,11.393,7.2767,11.961,11.551,10.552,9.9096,10.22,10.255,10.296,10.095,7.7113,8.3736,6.8933,7.3592,7.4313,8.3872,8.2292,5.4504,7.1202,4.7516,4.1946,3.6583,6.5059,4.6192,7.8429,6.7631,9.3151,5.8927,4.711,3.8938,4.3678,4.8586,5.1308,6.5773,8.5877,9.0049,11.483,10.203,7.6379,9.6843,12.898,16.067,15.829,16.189,11.271,11.032,10.534,10.479,11.216,11.614,10.588,9.3283,6.8299,11.721,11.609,11.171,11.857,12.815,14.473,17.044,13.629,15.934,15.441,16.758,16.907,16.65,16.501,15.179,16.024,14.317,12.799,10.901,8.632,13.929,13.688,8.1012,6.2749,7.08,8.2366,7.1986,7.6833,7.6642,6.3306,6.5941,6.2449,7.9031,5.7517,5.4192,5.2623,5.868,5.3266,3.9383,3.1471,1.294,2.9164,0.14772,0.0025157,0.83495,0.0024,0.25706,0.86352,3.0377,0.0077286,0.74738,1.2378,5.2099,4.5959,0.33936,0.18405,2.2105,0.077249,0.031322,0.030776,0.019513,3.0449,3.1752,2.9318,1.9789,2.0682,2.8958,1.6365,1.5198,0.9979,0.7389,7.3364,3.1746,0.60363,0.0021455,0.94582,0.47269,0.28362,0.00075321,0.045808,0.039964,0.013331,0.00027678,0.00039156,0.0029602,0.0024299,0.0026988,0.00308,0.0029403,0.0024349,0.001863,0.00059654,0.00075958,0.00015088,0.0001757,9.5998e-05,0.00019401,0.051561,0.0065798,0.15154,5.3229e-05,0.00017038,0.10314
2022,12,3.8877,3.8902,2.7184,2.4915,2.048,2.397,3.9312,2.5336,2.2318,2.247,2.303,2.378,2.7338,3.0143,2.9775,4.627,6.3233,6.5248,6.1895,5.7898,4.9642,5.2988,6.281,6.397,7.0079,7.3165,7.6927,7.5715,7.1341,7.0992,6.3853,7.0782,7.2156,6.8795,7.0945,7.1925,7.128,6.7789,6.8728,6.402,5.8133,4.4279,4.3867,5.2071,1.8781,1.7559,3.988,3.6846,1.7432,1.589,2.7535,3.0177,1.4218,1.1079,1.3706,0.053863,0.00095308,0.0018146,0.00015251,0.00011232,2.1012e-05,2.8532e-05,2.0762e-05,0.00048029,0.00010766,3.959e-05,3.1556e-05,2.6295e-05,3.2999e-05,2.975e-05,2.0989e-05,2.1181e-05,2.9938e-05,3.2712e-05,4.0831e-05,3.9236e-05,3.9052e-05,3.8283e-05,0.00092601,0.00091778,0.00082706,0.00090707,0.00058789,0.00044928,9.5976e-05,0.00014923,3.3034e-05,3.5501e-05,3.3665e-05,6.6504e-05,0.00035223,0.0004595,0.00026582,8.2947e-05,0.00014968,0.00014623,0.00010078,0.087564,0.11372,0.10312,0.083226,0.1935,0.099278,0.62385,0.53824,0.60204,0.48239,0.35818,1.0489,0.81906,0.76275,0.80296,0.87064,0.67481,0.6169,0.7129,0.71047,0.52243,0.51931,0.65233,1.1596,1.3905,2.2934,2.5049,2.5565,2.334,2.1318,2.6949,2.8976,3.222,4.1591,4.4085,4.9455,4.9735,5.1097,5.808,5.8339,5.218,6.4705,6.881,4.2334,2.7039,4.4446,4.2921,3.9207,3.6822,3.7975,3.8107,3.8256,3.7512,2.8653,3.1114,2.5614,2.7345,2.7613,3.1165,3.0578,2.0423,2.7466,1.7661,1.5586,1.3594,2.4175,1.7164,2.9143,2.513,4.9382,2.8631,1.9922,1.5976,1.623,1.8106,1.9065,2.444,3.191,3.346,4.3067,3.7917,2.8381,3.6666,5.004,6.6011,6.5141,6.6559,4.1881,4.0992,3.9142,3.8937,4.1675,4.3154,3.9343,3.4845,2.5678,4.3552,4.3134,4.151,4.4059,4.7618,5.3778,6.3331,5.0641,5.9205,5.7375,6.2267,6.2823,6.1867,6.1315,5.6402,5.9542,5.3198,4.7559,4.0506,3.2205,5.1759,5.1535,3.0492,2.3583,2.6309,3.1062,2.6748,2.8952,2.8501,2.3523,2.4502,2.3205,3.1009,2.2471,2.0136,1.9554,2.1804,1.981,1.5061,1.1892,0.48081,1.0837,0.054889,0.00093477,0.31025,0.00089179,0.095518,0.32086,1.1288,0.0028718,0.27771,0.45992,2.1023,1.734,0.1261,0.068388,0.82137,0.028704,0.011638,0.011436,0.0072506,1.1518,1.1908,1.1187,0.7353,0.76849,1.1162,0.6081,0.56473,0.3708,0.27456,3.4867,1.222,0.22429,0.00079722,0.35144,0.17564,0.10539,0.00027988,0.017021,0.01485,0.0049534,0.00010285,0.00014549,0.0010999,0.0009029,0.0010028,0.0011444,0.0010926,0.00090474,0.00069223,0.00022166,0.00028224,5.6064e-05,6.5288e-05,3.5671e-05,7.209e-05,0.019159,0.0024449,0.056309,1.9779e-05,6.331e-05,0.038324
2023,1,1.4446,1.4455,1.0101,0.92577,0.761,0.89067,1.4607,0.94144,0.82929,0.83495,0.85576,0.88361,1.0158,1.12,1.1064,1.7193,2.3496,2.4244,2.2999,2.1514,1.8446,1.9689,2.3339,2.377,3.3996,2.7186,2.8584,2.8134,2.6509,2.6379,2.3726,2.6301,2.6812,2.5563,2.6361,2.6725,2.6486,2.5189,2.5538,2.3788,2.1601,1.6453,1.63,1.9348,0.69787,0.65244,1.4819,1.3691,0.64772,0.59043,1.0231,1.1213,0.52832,0.41165,0.50927,0.020014,0.00035414,0.00067426,5.6667e-05,4.1736e-05,7.8077e-06,1.0602e-05,7.7148e-06,0.00017846,4.0004e-05,1.4711e-05,1.1725e-05,9.7706e-06,1.2262e-05,1.1054e-05,7.799e-06,7.8702e-06,1.1124e-05,1.2155e-05,1.5172e-05,1.4579e-05,1.4511e-05,1.4225e-05,0.00034408,0.00034103,0.00030732,0.00033705,0.00021845,0.00016694,3.5663e-05,5.545e-05,1.2275e-05,1.3191e-05,1.2509e-05,2.4711e-05,0.00013088,0.00017074,9.8773e-05,3.0821e-05,5.5617e-05,5.4336e-05,3.7448e-05,0.032537,0.042254,0.038317,0.030925,0.071899,0.03689,0.23181,0.2,0.2237,0.17924,0.13309,0.38975,0.30434,0.28342,0.29836,0.32351,0.25074,0.22923,0.2649,0.26399,0.19412,0.19297,0.24239,0.43089,0.51669,0.85219,0.93078,0.94993,0.86727,0.79212,1.0014,1.0767,1.1972,1.5454,1.6381,1.8376,1.848,1.8987,2.1581,2.1678,1.9389,2.4043,2.5568,1.573,1.0047,1.6515,1.5948,1.4569,1.3682,1.4111,1.416,1.4215,1.3939,1.0647,1.1561,0.95176,1.0161,1.026,1.158,1.1362,0.75886,1.0206,0.65622,0.57915,0.5051,0.89827,0.63777,1.0829,0.93378,1.8349,1.0638,0.74024,0.59363,0.60306,0.67277,0.70841,0.90812,1.1857,1.2433,1.6003,1.4089,1.0546,1.3624,1.8594,2.4528,2.4205,2.4732,1.5562,1.5232,1.4544,1.4468,1.5485,1.6035,1.4619,1.2948,0.95413,1.6183,1.6028,1.5424,1.6371,1.7694,1.9982,2.3532,1.8817,2.1999,2.1319,2.3137,2.3344,2.2988,2.2783,2.0958,2.2124,1.9767,1.7672,1.5051,1.1967,1.9232,1.9149,1.133,0.87627,0.97759,1.1542,0.9939,1.0758,1.059,0.87406,0.91045,0.86223,1.1522,0.83499,0.74822,0.72656,0.81019,0.73608,0.55963,0.44189,0.17866,0.40267,0.020396,0.00034734,0.11528,0.00033137,0.035492,0.11923,0.41942,0.0010671,0.10319,0.1709,0.78117,0.6443,0.046855,0.025411,0.3052,0.010666,0.0043246,0.0042493,0.0026941,0.42799,0.44247,0.41569,0.27322,0.28555,0.41475,0.22595,0.20984,0.13778,0.10202,1.2956,0.45406,0.083342,0.00029623,0.13059,0.065264,0.039159,0.000104,0.0063247,0.0055178,0.0018406,3.8215e-05,5.4062e-05,0.00040871,0.0003355,0.00037263,0.00042525,0.00040597,0.00033618,0.00025722,8.2363e-05,0.00010487,2.0832e-05,2.4259e-05,1.3254e-05,2.6787e-05,0.007119,0.00090847,0.020923,7.3493e-06,2.3524e-05,0.01424
2023,2,0.53677,0.53711,0.37532,0.344,0.28277,0.33095,0.54278,0.34982,0.30815,0.31025,0.31798,0.32833,0.37745,0.41618,0.4111,0.63885,0.87305,0.90087,0.85458,0.7994,0.68541,0.7316,0.86721,0.88323,3.2542,1.0102,1.0621,1.0454,0.98499,0.98019,0.88162,0.97729,0.99626,0.94985,0.97953,0.99306,0.98416,0.93596,0.94892,0.88392,0.80263,0.61136,0.60567,1.6982,0.25931,0.24243,0.5512,0.50873,0.24068,0.21939,0.38017,0.41665,0.19631,0.15296,0.18923,0.0074368,0.00013159,0.00025054,2.1056e-05,1.5508e-05,2.9012e-06,3.9394e-06,2.8666e-06,6.6313e-05,1.4864e-05,5.4661e-06,4.3569e-06,3.6305e-06,4.5562e-06,4.1076e-06,2.8979e-06,2.9244e-06,4.1335e-06,4.5165e-06,5.6376e-06,5.4173e-06,5.3918e-06,5.2858e-06,0.00012785,0.00012672,0.00011419,0.00012524,8.117e-05,6.2031e-05,1.3251e-05,2.0604e-05,4.5609e-06,4.9016e-06,4.6481e-06,9.1822e-06,4.8632e-05,6.3443e-05,3.6702e-05,1.1452e-05,2.0666e-05,2.019e-05,1.3915e-05,0.01209,0.015701,0.014238,0.011491,0.026716,0.013707,0.086134,0.074314,0.083123,0.066603,0.049454,0.14482,0.11309,0.10531,0.11086,0.12021,0.093171,0.085175,0.098429,0.098094,0.072132,0.071701,0.090067,0.16011,0.19199,0.31665,0.34585,0.35297,0.32226,0.29433,0.37209,0.40006,0.44486,0.57425,0.60868,0.68282,0.68669,0.7055,0.80191,0.80549,0.72045,0.89338,0.95005,0.58451,0.37332,0.61366,0.5926,0.54133,0.50839,0.52431,0.72957,0.5282,0.51792,0.39561,0.42959,0.35365,0.37755,0.38125,0.43029,0.42219,0.28198,0.37922,0.24384,0.2152,0.18768,0.33378,0.23698,0.40237,0.34697,0.68183,0.3953,0.27506,0.22058,0.22408,0.24999,0.26323,0.33744,0.44058,0.46198,0.59462,0.52352,0.39185,0.50624,0.6909,0.9114,0.89939,0.91898,0.57825,0.56598,0.54044,0.5376,0.5754,0.59582,0.54321,0.48111,0.35453,0.60133,0.59555,0.57313,0.60831,0.65745,0.7425,0.8744,0.69919,0.81744,0.79217,0.85972,0.86739,0.8542,0.84657,0.77874,0.82209,0.73449,0.65664,0.55926,0.44465,0.71463,0.71154,0.421,0.3256,0.36325,0.42887,0.36931,0.39974,0.49206,0.32478,0.3383,0.32039,0.42813,0.31026,0.27802,0.26997,0.30105,0.27351,0.20795,0.1642,0.066385,0.14962,0.0075785,0.00012906,0.042836,0.00012313,0.013188,0.044301,0.15585,0.0003965,0.038343,0.063501,0.29026,0.23941,0.01741,0.0094422,0.11341,0.0039631,0.0016069,0.0015789,0.0010011,0.15903,0.16441,0.15446,0.10152,0.1061,0.15411,0.083959,0.077972,0.051195,0.037908,0.4814,0.16872,0.030968,0.00011007,0.048524,0.02425,0.014551,3.8642e-05,0.0023501,0.0020503,0.00068392,1.42e-05,2.0088e-05,0.00015187,0.00012466,0.00013846,0.00015801,0.00015085,0.00012492,9.5576e-05,3.0604e-05,3.8969e-05,7.7407e-06,9.0142e-06,4.925e-06,9.9534e-06,0.0026453,0.00033757,0.0077745,2.7308e-06,8.7411e-06,0.0052914
2023,3,21.199,10.189,44.643,62.088,30.854,34.222,10.825,0.71411,1.0109,0.11528,0.17874,0.26458,1.0093,1.3985,1.1553,4.0261,0.94539,0.53489,2.1295,0.55384,4.1064,1.1291,0.47195,0.36537,10.358,0.54736,0.39466,0.60959,8.5303,12.55,5.115,33.079,8.74,16.499,5.4928,21.217,17.195,13.467,16.593,17.256,13.817,2.9628,0.50798,19.496,5.0381,6.2881,10.837,6.3624,8.3892,4.3561,4.8139,2.3917,0.073926,0.078715,1.6159,0.10297,4.8896e-05,9.3095e-05,7.824e-06,5.7625e-06,1.078e-06,1.4638e-06,1.0652e-06,2.464e-05,5.5233e-06,2.0311e-06,1.6189e-06,1.349e-06,1.693e-06,1.5263e-06,1.0768e-06,1.0866e-06,1.5359e-06,1.6782e-06,2.0948e-06,2.0129e-06,2.0035e-06,1.9641e-06,4.7508e-05,4.7085e-05,4.2431e-05,4.6536e-05,3.0161e-05,2.3049e-05,4.9239e-06,7.6559e-06,1.6947e-06,1.8213e-06,1.7271e-06,3.4119e-06,1.807e-05,2.3574e-05,1.3638e-05,4.2555e-06,7.679e-06,7.5021e-06,5.1704e-06,0.0044923,0.005834,0.0052905,0.0042698,0.0099271,0.0050933,0.032005,0.027613,0.030887,0.024748,0.018376,0.96073,0.04202,0.039132,0.78034,4.7812,0.03462,0.031649,0.11797,0.042189,0.026803,0.026643,0.033467,0.059492,5.1378,1.2737,0.12851,0.13116,13.62,8.5332,0.13826,0.14865,13.432,4.8541,0.22617,3.9214,0.25516,2.8876,1.6693,3.2979,9.4886,8.1941,9.2265,9.9651,11.433,3.0766,0.71941,1.0618,3.1322,8.3017,24.147,22.082,14.706,4.8858,7.2547,8.8627,8.2533,16.414,12.547,9.3802,6.2439,22.62,7.0298,2.8999,0.87753,26.064,10.439,31.63,13.992,20.828,23.792,13.813,19.047,8.5124,18.111,6.2997,11.363,4.0441,20.443,4.4057,14.928,19.123,13.942,1.9614,7.374,2.3934,8.0322,0.21487,0.2103,0.20081,0.19976,0.22408,1.2013,10.987,11.094,6.1849,0.22344,0.22129,0.21296,1.5885,4.48,2.1338,0.32491,0.2598,0.30374,0.29435,0.31945,0.3223,0.3174,0.31457,0.28936,0.30547,0.27292,0.24453,0.20781,0.16522,0.26554,1.6985,0.15643,0.12099,0.13762,8.5529,2.4938,0.54951,11.343,10.65,0.1257,8.2707,0.15908,0.1974,0.29691,0.8271,5.8418,5.6748,1.3399,9.2666,10.451,23.332,16.265,22.716,24.037,13.287,7.2456,4.5215,19.288,0.00014733,7.3971,0.35888,5.7174,3.3551,0.30984,0.0035085,3.0632,0.0048805,0.00059709,3.5334,0.00037198,11.929,6.8329,5.5914,0.037723,0.039426,2.1539,0.031197,0.028973,0.019023,0.014086,12.383,4.7453,2.294,1.0664,0.077438,0.12592,0.0054067,1.4359e-05,0.00087324,0.00076184,0.00025413,5.2763e-06,7.4643e-06,0.42452,4.6322e-05,0.094577,0.80711,1.3294,0.34908,3.5514e-05,1.1372e-05,1.448e-05,2.8763e-06,3.3495e-06,1.83e-06,3.6985e-06,0.00098291,0.00012543,0.0028888,1.0147e-06,3.248e-06,0.0019662
2023,4,10.16,6.3484,14.996,17.328,12.49,13.177,6.6214,0.59879,0.87042,0.042836,0.10309,0.18381,0.85618,1.1819,0.97653,3.0841,0.70435,0.31799,1.7025,0.3578,3.1315,0.89473,0.26507,0.15833,6.2723,0.30619,0.14665,0.35794,5.573,7.3175,3.7434,13.011,5.6731,9.1017,3.96,10.449,9.181,9.6941,10.029,9.7134,7.8003,2.361,0.35573,9.7386,3.75,4.4631,6.6262,4.4864,5.5353,3.3368,3.6047,1.9684,0.028067,0.042551,1.3985,0.098644,1.8169e-05,3.4592e-05,2.9072e-06,2.1412e-06,4.0056e-07,5.4391e-07,3.9579e-07,9.1558e-06,2.0523e-06,7.547e-07,6.0156e-07,5.0127e-07,6.2907e-07,5.6713e-07,4.0012e-07,4.0377e-07,5.7071e-07,6.236e-07,7.7837e-07,7.4796e-07,7.4444e-07,7.298e-07,1.7653e-05,1.7496e-05,1.5766e-05,1.7292e-05,1.1207e-05,8.5646e-06,1.8296e-06,2.8448e-06,6.2972e-07,6.7676e-07,6.4177e-07,1.2678e-06,6.7145e-06,8.7595e-06,5.0674e-06,1.5812e-06,2.8533e-06,2.7876e-06,1.9212e-06,0.0016692,0.0021678,0.0019658,0.0015865,0.0036887,0.0018926,0.011892,0.01026,0.011477,0.0091958,0.006828,0.85707,0.015614,0.01454,0.70488,3.6075,0.012864,0.01176,0.092991,0.019173,0.0099592,0.0098998,0.012435,0.022106,3.8146,1.0944,0.047752,0.048735,7.7271,5.6019,0.051374,0.055236,7.6573,3.6121,0.084039,3.0107,0.094811,2.2948,1.3409,2.5738,6.0312,5.4133,5.9035,6.2487,6.877,2.4418,0.55494,0.8714,2.4941,5.4817,10.969,10.403,8.121,3.647,4.9638,5.7549,5.4644,8.7038,7.3205,5.9911,4.4364,10.542,4.8576,2.3665,0.7762,11.412,6.4629,12.66,7.8639,10.061,10.85,7.7984,9.5282,5.5947,9.2439,4.468,6.8488,3.1162,9.9439,3.3321,8.1993,9.5555,7.8458,1.5952,4.9996,1.9004,5.3323,0.079839,0.078144,0.074618,0.074225,0.089523,0.9826,6.6893,6.7352,4.3992,0.083025,0.082228,0.079132,1.3069,3.3729,1.723,0.12073,0.096537,0.11286,0.10937,0.1187,0.11976,0.11794,0.11689,0.10752,0.11351,0.10141,0.09119,0.077217,0.061393,0.098668,1.38,0.058126,0.044956,0.052747,5.6061,2.0512,0.43774,6.8357,6.5513,0.046709,5.4751,0.059112,0.12293,0.22574,0.71585,4.2119,4.1195,1.1688,5.9474,6.4716,10.721,8.649,10.553,10.897,7.6037,4.9809,3.4558,9.5981,5.4745e-05,5.0565,0.33007,4.1424,2.6804,0.29377,0.0013037,2.494,0.0038901,0.00022186,2.8274,0.00013822,7.0793,4.7593,4.0807,0.014017,0.01465,1.826,0.011592,0.010766,0.0070685,0.005234,7.2558,3.5816,1.9493,0.97447,0.064739,0.1171,0.002009,5.3353e-06,0.00032448,0.00028308,9.4428e-05,1.9606e-06,2.7736e-06,0.40433,1.7212e-05,0.092138,0.74966,1.1956,0.33418,1.3196e-05,4.2255e-06,5.3804e-06,1.0688e-06,1.2446e-06,6.7999e-07,1.3743e-06,0.00036523,4.6608e-05,0.0010734,3.7704e-07,1.2069e-06,0.00073058
2023,5,18.006,2.3589,6.8658,9.0919,4.6409,4.8962,2.4604,0.2225,0.32343,0.015917,0.038307,0.068299,0.31814,0.43915,0.36285,1.146,0.26172,0.11816,0.63262,0.13295,3.4755,0.33246,0.098493,0.058833,3.2308,0.11377,0.05449,0.133,2.0708,2.719,1.391,4.8465,2.108,3.5933,1.4714,4.0414,3.5374,4.5993,4.3948,4.0176,2.8984,0.87729,0.13218,12.873,1.3934,1.6584,4.1385,1.6671,2.101,1.2399,1.3394,0.73141,0.010429,0.015811,0.51966,0.036654,6.751e-06,0.056826,1.0803e-06,7.9563e-07,1.4884e-07,2.021e-07,1.4707e-07,3.4021e-06,7.6259e-07,2.8043e-07,2.2352e-07,1.8626e-07,2.3375e-07,2.1073e-07,1.4867e-07,1.5003e-07,2.1206e-07,2.3171e-07,2.8923e-07,2.7792e-07,2.7662e-07,2.7118e-07,6.5593e-06,6.501e-06,5.8584e-06,6.4251e-06,4.1643e-06,3.1824e-06,6.7984e-07,1.057e-06,2.3399e-07,2.5147e-07,2.3847e-07,4.7108e-07,2.495e-06,3.2548e-06,1.8829e-06,5.8755e-07,1.0602e-06,1.0358e-06,7.1388e-07,0.00062025,0.00080549,0.00073045,0.00058952,0.0013706,0.00070323,0.004419,0.0038125,0.0042645,0.0034169,0.0025371,0.31847,0.0058017,0.0054029,0.26192,1.3405,0.00478,0.0043698,0.034553,0.0071242,0.0037006,0.0036785,0.0046207,0.008214,1.4174,0.40664,0.017744,0.018109,2.8712,2.0815,0.019089,0.020525,2.8453,1.3422,0.031227,1.1187,0.03523,0.85269,0.49825,0.95637,2.241,2.0115,2.1936,6.2825,2.5553,2.2831,0.20634,0.38343,2.1298,6.1284,13.716,11.051,6.6218,1.3566,1.9655,2.1384,2.0304,3.315,2.7201,2.2262,1.6485,7.1956,1.805,0.87933,0.28842,5.8276,2.4015,4.7074,2.922,3.7383,4.0315,2.8977,3.5405,2.0789,3.4348,1.6602,2.5449,1.1579,3.7389,1.2381,3.0467,3.5506,2.9153,0.59275,1.8577,0.70613,1.9814,0.029666,0.41355,0.027726,0.02758,0.033265,0.36511,3.802,2.5039,1.6347,0.03085,0.030554,0.029404,1.9265,4.016,0.64023,0.04486,0.035871,0.041937,0.040641,0.044106,0.0445,0.043823,0.043432,0.039952,0.042176,0.037682,0.033884,0.028692,0.022812,0.036663,0.51278,0.021598,0.016704,0.019599,2.0831,0.76219,0.16265,3.4339,2.4343,0.017356,2.0344,0.021965,0.045679,0.083881,0.26599,1.5651,1.5307,0.43429,2.2099,2.4047,3.9835,3.2138,3.9212,4.0492,2.8254,1.8508,1.2841,7.1429,2.0342e-05,10.518,0.12265,1.5392,0.99596,0.11666,0.00048442,0.9267,0.0014455,0.7267,23.249,5.1359e-05,2.6305,1.7684,1.5163,0.0052084,0.0054435,0.67851,0.0043074,0.0040002,0.0026265,0.0019448,2.6961,1.3308,0.72432,0.36209,0.024056,0.043511,0.0007465,1.9825e-06,0.00012057,0.00010519,3.5087e-05,7.285e-07,1.0306e-06,0.15024,6.3956e-06,0.034236,0.27856,0.44425,0.12418,4.9034e-06,1.5701e-06,1.9992e-06,3.9712e-07,4.6246e-07,2.5267e-07,5.1064e-07,0.00013571,1.7318e-05,0.00039886,1.401e-07,4.4845e-07,0.00027147
2023,6,39.964,5.0796,12.122,9.6686,1.7244,3.7317,0.91421,0.082674,0.12018,0.0059143,0.014234,0.025378,0.11821,0.16318,0.13483,0.42582,0.097249,0.043905,0.23507,0.049402,30.994,5.7599,0.82059,0.58904,9.8622,0.042275,0.020247,0.049421,0.76946,1.0103,0.51685,1.8009,0.78328,1.3352,0.54676,1.5017,1.3144,1.709,1.633,1.4929,1.077,0.32598,0.42112,17.675,0.51775,0.61622,5.778,0.61944,0.80751,0.46071,0.4977,0.27177,0.0038751,0.005875,0.19309,1.0863,2.5085e-06,10.527,2.6827,6.2189,1.0223,6.0861,6.958,18.413,7.8424,3.6143,3.5259,6.1419,5.2645,4.2817,5.2589,5.5748e-08,7.8797e-08,8.6099e-08,1.0747e-07,1.0327e-07,1.0278e-07,1.0076e-07,7.2334,12.186,6.903,10.387,3.9849,6.7343,0.6609,5.6684,8.6945e-08,9.344e-08,8.8608e-08,1.7504e-07,0.37053,1.2094e-06,6.9965e-07,2.1832e-07,3.9396e-07,3.8488e-07,2.6526e-07,2.0041,3.817,4.0483,1.5448,0.11018,0.0002613,2.6447,4.1631,7.5777,0.92016,0.00094274,0.11833,0.0021558,0.0020076,0.93053,4.029,2.6524,0.0016237,0.39782,1.3546,0.0013751,0.0013669,0.001717,0.0030521,2.6916,0.1511,0.0065931,0.0067288,4.9756,3.0795,0.0070931,0.0076265,5.7366,0.49872,0.011603,0.41569,0.01309,0.31684,0.18514,1.0462,7.3067,8.742,9.4633,77.687,28.178,74.051,66.412,72.281,81.191,89.874,103.58,99.646,90.727,56.717,47.96,21.362,27.741,51.079,58.459,39.314,30.439,48.75,32.028,25.494,22.391,53.297,35.548,62.877,42.106,28.226,15.291,19.244,8.179,4.0753,4.0039,19.885,35.769,21.355,66.192,13.445,26.347,26.275,6.4549,5.662,8.9895,3.4042,9.1207,27.172,30.978,18.757,30.829,45.315,52.346,54.548,34.152,21.103,0.79992,4.609,12.111,32.982,36.729,22.994,0.055208,3.6177,3.7492,4.9479,0.016389,0.016535,0.036838,0.016138,0.014845,0.60695,0.014002,18.724,6.9826,0.12735,0.013623,8.9972,1.9206,0.50714,0.14786,21.436,3.3224,7.0955,46.055,8.7995,4.9545,6.0996,0.0081615,0.016973,0.031168,0.098837,2.3749,0.75406,13.645,9.4577,3.2606,9.5091,2.798,1.457,2.8761,1.0498,0.68771,9.5319,14.727,0.49426,17.939,0.045573,0.692,0.37008,3.1117,0.00018,0.34434,2.1937,8.0279,29.739,5.5953,4.4951,1.7467,2.5355,0.0019353,0.0020227,0.72137,0.0016005,0.0014864,0.00097594,0.00072265,6.5034,0.4955,0.26914,0.13454,0.0089385,0.016168,0.00027738,7.3664e-07,4.48e-05,3.9085e-05,1.3038e-05,2.7069e-07,3.8294e-07,0.18722,2.3765e-06,0.012721,2.4691,2.0616,0.046141,1.822e-06,5.8341e-07,7.4287e-07,1.4756e-07,1.7184e-07,9.3886e-08,1.8974e-07,5.0427e-05,6.4351e-06,0.00014821,5.2058e-08,1.6663e-07,0.00010087
2023,7,128.09,54.805,64.145,73.031,51.824,55.914,26.944,1.4849,0.044655,0.0021976,0.005289,0.0094299,0.043925,0.060634,0.050099,1.0521,8.8424,5.8491,14.12,3.4844,125.45,70.581,41.389,46.391,32.096,24.351,0.55003,4.2272,0.82069,0.37541,0.19205,1.372,0.29105,0.49634,4.3468,2.9644,2.1363,0.70273,1.0601,1.2066,1.2408,0.12113,44.864,42.471,5.8212,5.3048,29.235,3.0464,6.4703,1.9054,0.73352,0.10098,0.0014399,0.002183,0.071749,3.1039,9.3211e-07,12.59,6.8533,12.603,8.9656,15.257,18.824,20.192,12.624,9.18,7.8311,11.93,9.3833,9.0511,14.707,0.90641,2.9279e-08,3.1993e-08,0.13703,3.8373e-08,3.8192e-08,0.32308,32.86,35.7,34.595,39.083,29.14,21.786,6.3275,12.167,3.2307e-08,3.472e-08,3.2925e-08,0.90604,16.142,16.488,0.27329,8.1123e-08,1.4638e-07,1.4301e-07,9.8565e-08,9.0909,11.777,12.176,8.5222,4.0604,0.034274,8.4586,10.257,13.411,5.4287,0.84337,15.564,5.5717,7.0441,16.755,32.52,7.6999,3.5797,18.18,15.696,2.738,0.12385,10.935,8.7478,45.65,38.556,20.503,4.1084,72.724,59.914,21.865,8.7613,78.136,65.637,12.589,69.05,29.43,77.727,125.46,138.33,157.57,195.87,205.92,247.06,261.64,233.32,221.67,207.36,202.38,202.12,190.66,194.06,197.18,209.46,231.97,239,231.05,224.41,217.71,226.2,173.62,184.89,179.43,177.42,173.95,203.55,188.63,235.68,239.59,83.427,68.113,119.24,61.05,108.71,88.937,195.39,230.67,230.43,225.82,220.75,225.25,200.44,122.15,203.32,207.56,200.55,203.82,276.02,271.3,255.28,232.94,229.53,228.21,205.15,178.84,167.52,133.34,139.87,135.46,144.78,144.67,133.66,94.847,136.42,128.52,139.52,79.378,56.415,93.202,66.427,88.593,105.07,107.63,205.1,205.48,129.8,72.551,83.036,116.54,123.23,83.85,70.011,63.795,59.095,83.386,69.089,60.561,64.835,32.724,17.169,25.391,30.391,52.033,29.558,143.03,85.972,74.593,55.072,39.692,18.91,47.282,21.696,35.386,44.886,39.663,13.588,19.944,1.394,17.799,0.4144,7.8629,0.1753,1.3023,3.6473,7.5246,17.24,5.3599,50.081,41.478,31.998,0.34377,3.1752,18.929,0.00059472,6.2975,0.00036264,5.3411,53.629,34.388,21.559,5.9173,18.748,14.826,6.9091,2.7372e-07,5.3348,0.1142,0.00047635,1.0058e-07,1.4229e-07,44.745,29.119,35.315,49.963,47.449,26.23,10.678,2.1678e-07,2.7603e-07,5.4831e-08,6.3852e-08,3.4886e-08,7.0504e-08,0.41591,2.3911e-06,2.8089,1.9344e-08,6.1917e-08,1.8219
2023,8,27.414,17.261,19.3,19.939,16.161,17.115,11.651,1.3095,0.016593,0.00081658,0.0019653,0.0035039,0.016321,0.02253,0.018616,0.88455,5.7545,4.2341,7.9099,2.7893,26.309,19.325,14.594,15.353,13.642,10.977,0.51548,3.272,0.61187,0.1395,0.07136,0.90591,0.10815,0.18457,3.2995,2.2445,1.636,0.30208,0.65644,0.81772,0.92784,0.045008,15.081,16.378,4.1847,3.8787,12.632,2.4196,4.5259,1.5869,0.58693,0.037524,0.00053504,0.00081116,0.02666,2.1877,3.4635e-07,6.7851,4.3487,7.0859,5.7195,8.2811,9.6583,10.183,6.9951,5.5549,4.8026,6.7604,5.4787,5.4064,8.0725,0.83663,1.088e-08,1.1888e-08,0.13314,1.4258e-08,1.4191e-08,0.30987,13.7,14.678,14.042,15.249,12.545,10.669,4.3882,6.9095,1.2004e-08,1.2901e-08,1.2234e-08,0.83631,8.6213,8.7221,0.26301,3.0143e-08,5.4393e-08,5.3141e-08,3.6624e-08,6.2102,7.6123,7.8375,6.0053,3.1991,0.033486,5.294,6.1736,7.5393,3.8245,0.78138,8.6338,4.0807,4.8782,9.0371,14.169,4.8541,2.8581,9.9786,8.9512,2.2782,0.12014,7.2995,7.4449,17.915,17.623,12.328,4.1018,24.192,21.202,13.03,7.5441,25.431,23.349,10.514,24.31,16.928,25.284,28.859,29.882,32.748,34.076,34.285,36.578,46.374,33.025,32.39,32.366,32.716,33.284,33.666,33.554,33.619,36.311,40.124,45.382,43.184,41.272,38.645,40.876,28.937,30.855,29.978,29.447,28.859,33.776,32.454,39.406,43.045,23.873,22.315,27.482,21.238,28.428,27.137,36.519,41.091,41.15,38.079,38.662,40.181,39.009,31,35.286,34.728,33.466,34.348,32.325,32.2,30.551,30.991,31.597,31.804,31.356,29.185,27.758,22.946,24.171,25.123,27.512,27.797,26.089,20.333,23.764,23.373,24.182,19.055,16.614,20.204,17.78,19.838,21.212,21.21,28.819,27.318,22.607,18.411,21.016,22.452,22.541,19.862,21.035,18.707,18.243,24.039,20.217,18.199,19.269,12.859,8.9428,11.235,12.38,16.725,12.254,26.266,22.348,19.947,19.189,15.597,9.6256,16.314,10.374,13.531,16.544,15.895,7.7151,10.01,1.2412,9.1603,0.31751,4.8847,0.16982,1.1136,2.2487,3.8761,7.9793,2.6639,18.641,16.493,13.752,0.32884,2.5848,9.6297,0.00022098,4.4836,0.00013475,3.9485,19.115,14.105,10.692,4.2659,9.4501,8.1599,4.8083,1.0171e-07,3.9449,0.11113,0.0004644,3.7374e-08,5.2873e-08,15.014,12.099,13.366,16.22,15.77,11.438,6.5695,8.0551e-08,1.0257e-07,2.0374e-08,2.3726e-08,1.2963e-08,2.6198e-08,0.39638,8.8848e-07,2.4019,7.1876e-09,2.3007e-08,1.6114
2023,9,13.486,8.1056,8.1652,7.409,6.0052,6.5358,4.3292,0.48659,0.0061655,0.00030342,0.00073025,0.001302,0.0060647,0.0083717,0.0069171,0.32868,2.1382,1.5733,2.9391,1.0364,10.294,7.2148,5.4228,5.7047,5.0691,4.0788,0.19154,1.2158,0.22736,0.051833,0.026516,0.33661,0.040185,0.06858,1.226,0.83401,0.60791,0.11224,0.24392,0.30385,0.34476,0.016724,7.0436,6.8977,1.555,1.4412,4.7087,0.89908,1.6817,0.58964,0.21809,0.013943,0.00019881,0.00030141,0.0099064,0.81291,1.287e-07,2.5212,1.6159,2.633,2.1252,3.0771,3.5888,3.8263,2.6003,2.0641,1.7846,2.512,2.0358,2.0089,2.9996,0.31087,4.0426e-09,4.4172e-09,0.049471,5.2981e-09,5.2732e-09,0.11514,5.109,5.4813,5.2247,5.6742,4.6615,3.9676,1.6305,2.5674,4.4606e-09,4.7938e-09,4.5459e-09,0.31075,3.2035,3.2409,0.09773,1.1201e-08,2.0211e-08,1.9746e-08,1.3609e-08,2.776,3.6475,3.8271,2.7972,1.2232,0.012443,1.9787,2.3894,2.9369,1.4315,0.29034,3.7724,1.5163,1.8173,3.7442,6.6756,1.8037,1.0659,5.0707,4.1602,0.84651,0.044642,4.0376,5.946,10.302,11.802,8.9831,4.4522,15.347,13.094,9.6595,6.9888,16.533,16.321,10.172,17.552,14.056,18.038,19.411,19.912,21.51,21.885,21.86,24.416,35.596,13.807,14.502,16.644,18.389,18.569,17.87,17.749,19.064,25.692,29.454,35.468,33.04,29.876,26.799,28.854,14.338,15.36,16.432,16.273,15.678,19.708,19.339,24.551,28.666,10.669,11.055,14.79,11.435,18.402,17.77,24.153,27.398,28.367,24.062,26.716,26.798,25.412,20.689,23.723,22.575,22.144,22.064,23.698,22.131,19.536,17.263,14.187,13.008,13.426,13.003,12.876,10.985,10.983,9.7519,10.884,11.434,11.391,10.284,11.741,11.922,12.518,8.5383,8.228,9.7643,8.8901,10.59,10.525,10.985,16.334,14.247,10.277,8.6737,9.7875,10.209,10.793,9.6541,9.4777,8.9562,7.9381,10.609,9.7122,7.8206,9.463,5.7858,4.2702,5.4064,5.9982,8.7006,5.2447,12.75,9.9101,8.6678,8.4285,6.5599,3.6413,6.9804,3.8897,5.1631,6.5752,6.1928,2.8668,3.7196,0.46122,3.4248,0.11798,1.8151,0.063103,0.4138,0.83556,1.4403,2.9649,0.98985,9.948,8.8658,6.3816,0.12219,0.96045,3.8413,8.2112e-05,1.666,5.0069e-05,1.4672,8.7329,6.1579,4.3769,1.5851,3.5442,3.032,1.7867,3.7792e-08,1.4658,0.041292,0.00017256,1.3887e-08,1.9646e-08,5.5787,4.4955,4.9664,6.0268,5.8599,4.2501,2.4411,2.9931e-08,3.8111e-08,7.5704e-09,8.8159e-09,4.8167e-09,9.7344e-09,0.14729,3.3014e-07,0.93663,2.6708e-09,8.5488e-09,0.61032
2023,10,44.341,43.388,18.063,2.8345,2.5241,14.881,21.314,10.546,7.7649,8.7789,7.1613,8.3808,6.8611,6.3422,8.505,20.374,31.466,31.767,39.549,22.067,43.172,42.762,37.519,36.068,60.723,28.6,17.727,21.572,19.661,10.124,1.977,20.81,7.2872,8.7301,23.591,24.952,20.775,10.711,13.955,12.118,9.4718,2.5951,14.833,18.772,5.7006,4.9954,16.515,7.3654,5.4041,4.0839,4.2464,2.4578,0.15263,0.96613,1.3074,2.5352,0.060073,7.0793,5.2284,6.284,4.5004,6.2042,6.0866,6.0454,3.9496,3.6041,1.6078,2.5897,1.7534,1.9268,4.9309,0.80305,1.5021e-09,1.6413e-09,0.034548,1.9686e-09,1.9594e-09,0.13187,3.6937,3.7624,3.0545,3.1047,2.222,2.4668,0.87072,2.333,1.6575e-09,1.7813e-09,1.6891e-09,0.11547,1.4176,1.2533,0.036314,4.1619e-09,7.51e-09,7.3371e-09,5.0567e-09,1.1303,1.5814,1.6858,1.184,0.45451,0.0046234,0.73644,0.9074,1.1217,0.5333,0.10788,3.647,1.5813,1.3729,2.6437,4.8513,0.67248,0.42277,3.5353,2.4484,0.31454,0.016762,2.9368,4.058,7.1862,7.6291,6.8947,4.485,10.098,8.9607,7.2458,5.9114,10.491,10.277,7.4621,10.836,9.6171,11.609,13.214,13.673,15.239,15.633,15.677,18.97,26.228,20.109,19.5,18.854,18.562,18.512,18.737,19.045,19.737,24.51,24,30.067,29.344,27.937,25.525,26.672,19.503,19.795,21.431,21.724,21.587,23.09,22.464,25.629,26.335,11.492,8.5786,14.198,8.7844,14.67,12.371,22.958,25.616,24.976,24.252,22.076,22.408,20.987,14.496,18.826,16.673,16.558,15.973,24.627,23.209,21.458,19.604,18.757,18.511,17.705,15.126,16.294,40.715,42.846,53.839,50.184,44.032,36.042,22.647,33.697,24.464,24.3,26.309,20.622,24.914,20.582,16.708,19.64,16.086,23.407,17.688,13.706,14.089,15.649,13.945,15.863,18.521,17.416,20.188,13.565,15.086,20.838,10.949,20.783,12.322,11.858,13.585,14.538,20.498,15.233,16.359,9.9021,15.508,7.0352,5.3519,4.9919,16.205,7.2149,8.3136,12.88,18.883,5.8382,10.672,3.2718,8.932,2.205,5.2056,1.8062,2.5678,2.0688,3.0022,10.001,2.3575,7.621,6.9709,5.54,0.38633,1.3791,3.5811,3.0511e-05,1.5534,1.8605e-05,0.62869,5.3108,4.3818,3.598,1.7943,3.1805,2.4372,0.76792,1.4043e-08,0.55715,0.015343,6.4119e-05,5.1602e-09,7.3001e-09,2.3501,1.7864,2.0732,2.6702,2.5653,1.9461,1.0213,1.1122e-08,1.4161e-08,2.813e-09,3.2758e-09,1.7898e-09,3.6171e-09,0.054728,1.2267e-07,0.34803,9.9239e-10,3.1765e-09,0.22678
2023,11,18.067,18.94,9.3689,1.1025,1.1105,8.1867,15.768,6.997,6.3283,5.9151,5.15,5.7234,4.8581,4.5173,5.6549,10.634,39.579,34.558,31.341,14.636,22.568,27.535,31.243,28.678,35.716,17.263,9.2703,10.472,9.7102,6.3314,1.7091,10.044,5.0008,5.7031,11.347,11.179,10.043,6.5814,7.85,7.1529,6.035,2.1731,9.6361,12.767,5.427,5.3488,10.092,5.7428,5.6849,4.4975,3.8253,2.1157,0.14809,1.0165,2.462,5.4155,2.7384,21.038,14.968,16.085,14.891,16.433,14.857,18.433,14.016,13.185,7.353,9.2749,7.4812,7.9559,13.836,6.6997,1.9426,0.094223,3.4725,1.5227,2.5449,4.066,7.5937,7.3727,5.2618,4.7784,3.3384,6.271,4.2084,8.882,1.4569,3.0458,0.88687,1.8036,2.7425,1.7353,0.18894,1.5464e-09,2.7906e-09,2.7263e-09,1.8789e-09,4.2767,5.485,5.8302,4.7864,2.5889,1.4502,4.0608,4.5453,6.7189,2.8897,1.8526,4.1126,2.3241,2.476,3.8135,6.1604,4.6931,2.6822,5.4457,5.2005,2.5375,1.8604,5.2782,5.5354,6.757,6.6761,5.9816,4.6558,8.8072,7.3264,6.1957,5.5098,9.2258,7.8101,6.4046,8.2166,8.0329,9.3149,10.946,11.328,12.163,12.621,12.857,12.05,13.403,12.793,12.421,11.947,11.757,11.532,11.323,11.268,11.623,12.739,12.834,14.1,13.974,13.774,13.531,14.155,11.096,12.502,11.729,11.484,11.091,13.747,12.279,15.537,15.906,13.113,10.563,9.3153,9.1567,11.129,9.9923,13.936,15.421,14.948,14.314,14.005,14.714,14.55,11.391,13.796,13.188,13.114,12.984,12.916,12.781,12.585,12.255,12.408,12.73,13.158,12.661,10.787,18.698,19.119,21.057,20.759,19.899,18.69,15.309,17.706,15.595,15.406,18.283,14.516,16.345,14.144,12.661,14.163,12.458,14.186,12.034,10.244,11.179,11.097,10.502,10.464,13.422,13.174,16.987,10.092,12.199,17.692,8.1077,17.124,8.6267,7.9801,9.5692,10.318,15.612,13.047,9.1834,7.4958,14.176,7.7735,7.5885,10.455,18.538,11.569,11.242,18.985,27.789,17.11,20.838,9.708,7.4027,5.0292,13.613,7.2513,5.8457,4.8804,8.2752,20.198,6.9403,7.1854,6.3663,5.6709,0.86845,2.1453,4.1709,1.1337e-05,2.3961,6.913e-06,1.9124,4.7065,4.6465,4.9146,4.0327,4.5214,3.8727,1.7973,0.019324,1.552,0.58738,0.26418,1.9174e-09,2.7125e-09,1.4686,0.88954,1.2351,1.9361,1.83,1.9401,1.4799,4.1326e-09,0.073176,1.0452e-09,1.2172e-09,6.6503e-10,1.344e-09,0.63302,0.14762,2.3088,3.6875e-10,1.1803e-09,2.2558
