Fecha,Q
02/01/1980,2605
03/01/1980,3527
04/01/1980,4366
05/01/1980,3925
06/01/1980,3208
07/01/1980,2763
08/01/1980,2368
09/01/1980,2050
10/01/1980,1857
11/01/1980,1729
12/01/1980,1618
13/01/1980,1633
14/01/1980,1633
15/01/1980,1685
16/01/1980,1685
17/01/1980,1581
18/01/1980,1523
19/01/1980,1380
20/01/1980,1303
21/01/1980,1199
22/01/1980,1118
23/01/1980,1045
24/01/1980,1045
25/01/1980,1105
26/01/1980,1193
27/01/1980,1213
28/01/1980,1193
29/01/1980,1296
30/01/1980,1670
31/01/1980,1596
01/02/1980,1487
02/02/1980,1380
03/02/1980,1338
04/02/1980,1247
05/02/1980,1247
06/02/1980,1366
07/02/1980,1366
08/02/1980,1366
09/02/1980,1199
10/02/1980,1095
11/02/1980,1031
12/02/1980,931
13/02/1980,870
14/02/1980,821
15/02/1980,749
16/02/1980,749
17/02/1980,749
18/02/1980,773
19/02/1980,870
20/02/1980,851
21/02/1980,839
22/02/1980,719
23/02/1980,707
24/02/1980,755
25/02/1980,809
26/02/1980,821
27/02/1980,857
28/02/1980,962
29/02/1980,931
01/03/1980,839
02/03/1980,779
03/03/1980,749
04/03/1980,870
05/03/1980,1088
06/03/1980,1275
07/03/1980,1331
08/03/1980,1692
09/03/1980,1835
10/03/1980,1942
11/03/1980,2223
12/03/1980,2207
13/03/1980,2239
14/03/1980,2368
15/03/1980,2848
16/03/1980,3165
17/03/1980,3104
18/03/1980,2814
19/03/1980,2663
20/03/1980,2490
21/03/1980,2247
22/03/1980,1942
23/03/1980,1655
24/03/1980,1487
25/03/1980,1254
26/03/1980,1138
27/03/1980,1105
28/03/1980,1088
29/03/1980,1107
30/03/1980,1172
31/03/1980,1268
01/04/1980,1296
02/04/1980,1352
03/04/1980,1415
04/04/1980,1282
05/04/1980,1114
06/04/1980,962
07/04/1980,900
08/04/1980,857
09/04/1980,
10/04/1980,815
11/04/1980,815
12/04/1980,773
13/04/1980,
14/04/1980,701
15/04/1980,
16/04/1980,1132
17/04/1980,1275
18/04/1980,1138
19/04/1980,1111
20/04/1980,1088
21/04/1980,1057
22/04/1980,1114
23/04/1980,1138
24/04/1980,1138
25/04/1980,1071
26/04/1980,
27/04/1980,900
28/04/1980,839
29/04/1980,809
30/04/1980,677
01/05/1980,672
02/05/1980,642
03/05/1980,631
04/05/1980,707
05/05/1980,642
06/05/1980,631
07/05/1980,607
08/05/1980,607
09/05/1980,590
10/05/1980,590
11/05/1980,1380
12/05/1980,4930
13/05/1980,8577
14/05/1980,8894
15/05/1980,8038
16/05/1980,6672
17/05/1980,4930
18/05/1980,3515
19/05/1980,2950
20/05/1980,2780
21/05/1980,2514
22/05/1980,2416
23/05/1980,2271
24/05/1980,2058
25/05/1980,1996
26/05/1980,2303
27/05/1980,2465
28/05/1980,2335
29/05/1980,2207
30/05/1980,1988
31/05/1980,1744
01/06/1980,1596
02/06/1980,1655
03/06/1980,2368
04/06/1980,2352
05/06/1980,2050
06/06/1980,1685
07/06/1980,1487
08/06/1980,1296
09/06/1980,1282
10/06/1980,1118
11/06/1980,1085
12/06/1980,1101
13/06/1980,1063
14/06/1980,1199
15/06/1980,1465
16/06/1980,1465
17/06/1980,1437
18/06/1980,1685
19/06/1980,1670
20/06/1980,1596
21/06/1980,1437
22/06/1980,1338
23/06/1980,1254
24/06/1980,1199
25/06/1980,1138
26/06/1980,1045
27/06/1980,1045
28/06/1980,1105
29/06/1980,1152
30/06/1980,1172
01/07/1980,1227
02/07/1980,1380
03/07/1980,1494
04/07/1980,1625
05/07/1980,1640
06/07/1980,1423
07/07/1980,1331
08/07/1980,1227
09/07/1980,1152
10/07/1980,1186
11/07/1980,1296
12/07/1980,1451
13/07/1980,1451
14/07/1980,1451
15/07/1980,
16/07/1980,2066
17/07/1980,2128
18/07/1980,2073
19/07/1980,2019
20/07/1980,1819
21/07/1980,1685
22/07/1980,1538
23/07/1980,1415
24/07/1980,1296
25/07/1980,1193
26/07/1980,1105
27/07/1980,1120
28/07/1980,1076
29/07/1980,1031
30/07/1980,987
31/07/1980,1006
01/08/1980,1044
02/08/1980,1125
03/08/1980,2696
04/08/1980,8643
05/08/1980,7435
06/08/1980,5551
07/08/1980,4735
08/08/1980,4070
09/08/1980,3573
10/08/1980,3208
11/08/1980,2882
12/08/1980,2621
13/08/1980,2531
14/08/1980,2352
15/08/1980,2144
16/08/1980,2011
17/08/1980,1850
18/08/1980,1707
19/08/1980,1611
20/08/1980,1581
21/08/1980,1707
22/08/1980,2335
23/08/1980,2696
24/08/1980,3087
25/08/1980,5887
26/08/1980,8827
27/08/1980,9993
28/08/1980,9945
29/08/1980,8297
30/08/1980,6583
31/08/1980,
01/09/1980,4517
02/09/1980,3747
03/09/1980,3458
04/09/1980,4670
05/09/1980,5277
06/09/1980,5887
07/09/1980,7311
08/09/1980,7608
09/09/1980,6583
10/09/1980,5223
11/09/1980,3770
12/09/1980,3182
13/09/1980,2933
14/09/1980,2780
15/09/1980,2797
16/09/1980,2763
17/09/1980,2547
18/09/1980,2263
19/09/1980,2113
20/09/1980,1965
21/09/1980,1911
22/09/1980,2003
23/09/1980,2066
24/09/1980,2066
25/09/1980,1957
26/09/1980,1880
27/09/1980,2638
28/09/1980,2975
29/09/1980,2763
30/09/1980,2416
01/10/1980,2263
02/10/1980,1850
03/10/1980,2011
04/10/1980,1896
05/10/1980,1896
06/10/1980,1896
07/10/1980,1789
08/10/1980,1633
09/10/1980,1552
10/10/1980,1451
11/10/1980,1394
12/10/1980,1317
13/10/1980,1303
14/10/1980,1289
15/10/1980,1324
16/10/1980,1415
17/10/1980,1501
18/10/1980,1451
19/10/1980,1352
20/10/1980,1480
21/10/1980,1415
22/10/1980,1699
23/10/1980,2287
24/10/1980,3061
25/10/1980,4416
26/10/1980,4722
27/10/1980,5196
28/10/1980,
29/10/1980,6377
30/10/1980,7065
31/10/1980,7187
01/11/1980,7655
02/11/1980,8544
03/11/1980,9164
04/11/1980,9096
05/11/1980,8038
06/11/1980,6391
07/11/1980,4800
08/11/1980,4167
09/11/1980,4328
10/11/1980,4316
11/11/1980,3458
12/11/1980,4045
13/11/1980,5830
14/11/1980,6362
15/11/1980,6115
16/11/1980,5036
17/11/1980,3925
18/11/1980,3208
19/11/1980,2831
20/11/1980,2384
21/11/1980,2168
22/11/1980,2924
23/11/1980,3322
24/11/1980,3379
25/11/1980,3340
26/11/1980,3384
27/11/1980,3901
28/11/1980,3688
29/11/1980,3261
30/11/1980,2933
01/12/1980,2680
02/12/1980,2433
03/12/1980,2392
04/12/1980,2449
05/12/1980,2457
06/12/1980,2368
07/12/1980,3458
08/12/1980,3573
09/12/1980,3759
10/12/1980,3402
11/12/1980,2933
12/12/1980,2655
13/12/1980,2531
14/12/1980,2424
15/12/1980,2392
16/12/1980,2498
17/12/1980,2449
18/12/1980,2605
19/12/1980,2498
20/12/1980,2255
21/12/1980,2011
22/12/1980,1896
23/12/1980,1850
24/12/1980,1804
25/12/1980,2168
26/12/1980,
27/12/1980,6029
28/12/1980,5129
29/12/1980,4878
30/12/1980,4748
31/12/1980,4167
01/01/1981,3573
02/01/1981,3208
03/01/1981,2992
04/01/1981,3027
05/01/1981,2772
06/01/1981,2490
07/01/1981,2207
08/01/1981,2027
09/01/1981,2027
10/01/1981,1934
11/01/1981,2019
12/01/1981,1523
13/01/1981,2255
14/01/1981,2160
15/01/1981,1972
16/01/1981,1972
17/01/1981,1767
18/01/1981,1699
19/01/1981,1744
20/01/1981,1759
21/01/1981,1699
22/01/1981,1842
23/01/1981,1873
24/01/1981,1819
25/01/1981,2144
26/01/1981,2319
27/01/1981,2384
28/01/1981,2416
29/01/1981,2207
30/01/1981,2011
31/01/1981,1873
01/02/1981,2207
02/02/1981,1957
03/02/1981,1714
04/02/1981,1655
05/02/1981,1670
06/02/1981,2011
07/02/1981,2655
08/02/1981,2705
09/02/1981,3243
10/02/1981,3366
11/02/1981,3182
12/02/1981,2950
13/02/1981,2547
14/02/1981,2384
15/02/1981,2279
16/02/1981,2368
17/02/1981,2531
18/02/1981,2797
19/02/1981,2992
20/02/1981,3044
21/02/1981,3001
22/02/1981,2605
23/02/1981,2287
24/02/1981,2160
25/02/1981,2081
26/02/1981,1972
27/02/1981,1865
28/02/1981,1737
01/03/1981,1670
02/03/1981,1509
03/03/1981,1408
04/03/1981,1186
05/03/1981,1380
06/03/1981,1380
07/03/1981,1241
08/03/1981,1172
09/03/1981,1172
10/03/1981,1268
11/03/1981,1567
12/03/1981,1655
13/03/1981,1670
14/03/1981,1625
15/03/1981,1415
16/03/1981,1241
17/03/1981,1199
18/03/1981,1065
19/03/1981,1038
20/03/1981,900
21/03/1981,839
22/03/1981,809
23/03/1981,761
24/03/1981,713
25/03/1981,672
26/03/1981,642
27/03/1981,596
28/03/1981,567
29/03/1981,527
30/03/1981,550
31/03/1981,511
01/04/1981,483
02/04/1981,483
03/04/1981,444
04/04/1981,439
05/04/1981,428
06/04/1981,428
07/04/1981,428
08/04/1981,428
09/04/1981,428
10/04/1981,422
11/04/1981,422
12/04/1981,461
13/04/1981,472
14/04/1981,461
15/04/1981,439
16/04/1981,406
17/04/1981,439
18/04/1981,439
19/04/1981,439
20/04/1981,439
21/04/1981,422
22/04/1981,395
23/04/1981,363
24/04/1981,363
25/04/1981,472
26/04/1981,785
27/04/1981,785
28/04/1981,821
29/04/1981,870
30/04/1981,1063
01/05/1981,3078
02/05/1981,3573
03/05/1981,3104
04/05/1981,2572
05/05/1981,2176
06/05/1981,1759
07/05/1981,1625
08/05/1981,1494
09/05/1981,1317
10/05/1981,1138
11/05/1981,1031
12/05/1981,975
13/05/1981,931
14/05/1981,882
15/05/1981,809
16/05/1981,755
17/05/1981,731
18/05/1981,677
19/05/1981,642
20/05/1981,602
21/05/1981,544
22/05/1981,550
23/05/1981,550
24/05/1981,544
25/05/1981,522
26/05/1981,522
27/05/1981,522
28/05/1981,522
29/05/1981,522
30/05/1981,522
31/05/1981,533
01/06/1981,533
02/06/1981,511
03/06/1981,511
04/06/1981,511
05/06/1981,511
06/06/1981,511
07/06/1981,472
08/06/1981,522
09/06/1981,648
10/06/1981,713
11/06/1981,713
12/06/1981,785
13/06/1981,1338
14/06/1981,1744
15/06/1981,2034
16/06/1981,2081
17/06/1981,2011
18/06/1981,1896
19/06/1981,1707
20/06/1981,1581
21/06/1981,1359
22/06/1981,1206
23/06/1981,1105
24/06/1981,1078
25/06/1981,1310
26/06/1981,1345
27/06/1981,1465
28/06/1981,1523
29/06/1981,1596
30/06/1981,1596
01/07/1981,1538
02/07/1981,1494
03/07/1981,1373
04/07/1981,1254
05/07/1981,1172
06/07/1981,1091
07/07/1981,1057
08/07/1981,950
09/07/1981,876
10/07/1981,845
11/07/1981,827
12/07/1981,773
13/07/1981,785
14/07/1981,785
15/07/1981,773
16/07/1981,737
17/07/1981,719
18/07/1981,725
19/07/1981,743
20/07/1981,707
21/07/1981,660
22/07/1981,642
23/07/1981,642
24/07/1981,660
25/07/1981,677
26/07/1981,642
27/07/1981,642
28/07/1981,642
29/07/1981,642
30/07/1981,642
31/07/1981,695
01/08/1981,695
02/08/1981,689
03/08/1981,660
04/08/1981,919
05/08/1981,
06/08/1981,894
07/08/1981,785
08/08/1981,749
09/08/1981,689
10/08/1981,689
11/08/1981,619
12/08/1981,573
13/08/1981,511
14/08/1981,584
15/08/1981,660
16/08/1981,660
17/08/1981,660
18/08/1981,660
19/08/1981,660
20/08/1981,648
21/08/1981,648
22/08/1981,
23/08/1981,596
24/08/1981,556
25/08/1981,550
26/08/1981,550
27/08/1981,544
28/08/1981,488
29/08/1981,449
30/08/1981,433
31/08/1981,428
01/09/1981,439
02/09/1981,505
03/09/1981,488
04/09/1981,488
05/09/1981,1105
06/09/1981,1380
07/09/1981,1380
08/09/1981,1282
09/09/1981,1193
10/09/1981,1105
11/09/1981,1114
12/09/1981,1114
13/09/1981,1107
14/09/1981,1012
15/09/1981,944
16/09/1981,1186
17/09/1981,1523
18/09/1981,1640
19/09/1981,1647
20/09/1981,1509
21/09/1981,1437
22/09/1981,1247
23/09/1981,1105
24/09/1981,1107
25/09/1981,1065
26/09/1981,1670
27/09/1981,2408
28/09/1981,3130
29/09/1981,3296
30/09/1981,4316
01/10/1981,4644
02/10/1981,4106
03/10/1981,3208
04/10/1981,2730
05/10/1981,2433
06/10/1981,2223
07/10/1981,1842
08/10/1981,1819
09/10/1981,1729
10/10/1981,1850
11/10/1981,2192
12/10/1981,2207
13/10/1981,2255
14/10/1981,2287
15/10/1981,2050
16/10/1981,1729
17/10/1981,1625
18/10/1981,1487
19/10/1981,1098
20/10/1981,1120
21/10/1981,1120
22/10/1981,994
23/10/1981,975
24/10/1981,1107
25/10/1981,1069
26/10/1981,1063
27/10/1981,1063
28/10/1981,1045
29/10/1981,1045
30/10/1981,1031
31/10/1981,1065
01/11/1981,1303
02/11/1981,1451
03/11/1981,1331
04/11/1981,1199
05/11/1981,1145
06/11/1981,1125
07/11/1981,1091
08/11/1981,1159
09/11/1981,1707
10/11/1981,1523
11/11/1981,3458
12/11/1981,3208
13/11/1981,3010
14/11/1981,3278
15/11/1981,3349
16/11/1981,2950
17/11/1981,2368
18/11/1981,1972
19/11/1981,1729
20/11/1981,1596
21/11/1981,1538
22/11/1981,1380
23/11/1981,1241
24/11/1981,1159
25/11/1981,1118
26/11/1981,1120
27/11/1981,1031
28/11/1981,931
29/11/1981,809
30/11/1981,719
01/12/1981,701
02/12/1981,749
03/12/1981,845
04/12/1981,962
05/12/1981,1538
06/12/1981,2696
07/12/1981,2890
08/12/1981,2531
09/12/1981,2223
10/12/1981,2050
11/12/1981,2490
12/12/1981,2449
13/12/1981,2152
14/12/1981,1670
15/12/1981,1670
16/12/1981,1487
17/12/1981,1487
18/12/1981,1437
19/12/1981,1523
20/12/1981,1523
21/12/1981,1415
22/12/1981,1241
23/12/1981,1275
24/12/1981,1896
25/12/1981,4241
26/12/1981,5468
27/12/1981,5196
28/12/1981,4416
29/12/1981,3458
30/12/1981,3078
31/12/1981,2814
01/01/1982,2564
02/01/1982,2152
03/01/1982,1934
04/01/1982,1744
05/01/1982,1611
06/01/1982,1451
07/01/1982,1338
08/01/1982,1227
09/01/1982,1071
10/01/1982,1038
11/01/1982,962
12/01/1982,882
13/01/1982,919
14/01/1982,944
15/01/1982,1025
16/01/1982,1057
17/01/1982,1057
18/01/1982,981
19/01/1982,919
20/01/1982,857
21/01/1982,533
22/01/1982,654
23/01/1982,631
24/01/1982,613
25/01/1982,556
26/01/1982,505
27/01/1982,483
28/01/1982,439
29/01/1982,433
30/01/1982,422
31/01/1982,400
01/02/1982,379
02/02/1982,406
03/02/1982,433
04/02/1982,433
05/02/1982,411
06/02/1982,379
07/02/1982,433
08/02/1982,379
09/02/1982,374
10/02/1982,461
11/02/1982,584
12/02/1982,584
13/02/1982,584
14/02/1982,607
15/02/1982,907
16/02/1982,994
17/02/1982,994
18/02/1982,1057
19/02/1982,1078
20/02/1982,1058
21/02/1982,1057
22/02/1982,1071
23/02/1982,1199
24/02/1982,1352
25/02/1982,1633
26/02/1982,1670
27/02/1982,1640
28/02/1982,1509
01/03/1982,1366
02/03/1982,1352
03/03/1982,1523
04/03/1982,1523
05/03/1982,1509
06/03/1982,1310
07/03/1982,1199
08/03/1982,1159
09/03/1982,1159
10/03/1982,1105
11/03/1982,1069
12/03/1982,1038
13/03/1982,994
14/03/1982,900
15/03/1982,779
16/03/1982,743
17/03/1982,731
18/03/1982,713
19/03/1982,677
20/03/1982,713
21/03/1982,719
22/03/1982,719
23/03/1982,677
24/03/1982,654
25/03/1982,749
26/03/1982,737
27/03/1982,677
28/03/1982,666
29/03/1982,719
30/03/1982,666
31/03/1982,666
01/04/1982,660
02/04/1982,631
03/04/1982,544
04/04/1982,511
05/04/1982,472
06/04/1982,449
07/04/1982,544
08/04/1982,749
09/04/1982,743
10/04/1982,619
11/04/1982,579
12/04/1982,527
13/04/1982,488
14/04/1982,449
15/04/1982,417
16/04/1982,400
17/04/1982,379
18/04/1982,374
19/04/1982,300
20/04/1982,285
21/04/1982,270
22/04/1982,300
23/04/1982,
24/04/1982,358
25/04/1982,358
26/04/1982,342
27/04/1982,342
28/04/1982,331
29/04/1982,321
30/04/1982,316
01/05/1982,316
02/05/1982,316
03/05/1982,316
04/05/1982,316
05/05/1982,311
06/05/1982,295
07/05/1982,275
08/05/1982,516
09/05/1982,240
10/05/1982,225
11/05/1982,191
12/05/1982,210
13/05/1982,250
14/05/1982,275
15/05/1982,285
16/05/1982,352
17/05/1982,417
18/05/1982,556
19/05/1982,797
20/05/1982,1044
21/05/1982,1380
22/05/1982,1408
23/05/1982,1324
24/05/1982,1241
25/05/1982,1132
26/05/1982,1088
27/05/1982,969
28/05/1982,809
29/05/1982,695
30/05/1982,619
31/05/1982,539
01/06/1982,499
02/06/1982,461
03/06/1982,461
04/06/1982,461
05/06/1982,556
06/06/1982,619
07/06/1982,619
08/06/1982,584
09/06/1982,539
10/06/1982,516
11/06/1982,505
12/06/1982,773
13/06/1982,1105
14/06/1982,1516
15/06/1982,
16/06/1982,2763
17/06/1982,3078
18/06/1982,3174
19/06/1982,3261
20/06/1982,3596
21/06/1982,4491
22/06/1982,4774
23/06/1982,4416
24/06/1982,4094
25/06/1982,3925
26/06/1982,3527
27/06/1982,3122
28/06/1982,2747
29/06/1982,2547
30/06/1982,3027
01/07/1982,4504
02/07/1982,6702
03/07/1982,10575
04/07/1982,12061
05/07/1982,10137
06/07/1982,6245
07/07/1982,4800
08/07/1982,4241
09/07/1982,4143
10/07/1982,4542
11/07/1982,4366
12/07/1982,4291
13/07/1982,5676
14/07/1982,7095
15/07/1982,7686
16/07/1982,7295
17/07/1982,6115
18/07/1982,6913
19/07/1982,7957
20/07/1982,7608
21/07/1982,6913
22/07/1982,7957
23/07/1982,7608
24/07/1982,6613
25/07/1982,5676
26/07/1982,4517
27/07/1982,3630
28/07/1982,3366
29/07/1982,2865
30/07/1982,2531
31/07/1982,2287
01/08/1982,2058
02/08/1982,1965
03/08/1982,1835
04/08/1982,1804
05/08/1982,1789
06/08/1982,1759
07/08/1982,1804
08/08/1982,1865
09/08/1982,1942
10/08/1982,6642
11/08/1982,6524
12/08/1982,6391
13/08/1982,6303
14/08/1982,6130
15/08/1982,5972
16/08/1982,5662
17/08/1982,5887
18/08/1982,5746
19/08/1982,5606
20/08/1982,5523
21/08/1982,5496
22/08/1982,5606
23/08/1982,5223
24/08/1982,5036
25/08/1982,3925
26/08/1982,3630
27/08/1982,3504
28/08/1982,3985
29/08/1982,
30/08/1982,3806
31/08/1982,3384
01/09/1982,3550
02/09/1982,4670
03/09/1982,5063
04/09/1982,4865
05/09/1982,4670
06/09/1982,4479
07/09/1982,4143
08/09/1982,3384
09/09/1982,2755
10/09/1982,2368
11/09/1982,2160
12/09/1982,1857
13/09/1982,1804
14/09/1982,2121
15/09/1982,2247
16/09/1982,2144
17/09/1982,1896
18/09/1982,1729
19/09/1982,1670
20/09/1982,2671
21/09/1982,3044
22/09/1982,3208
23/09/1982,3078
24/09/1982,2848
25/09/1982,2605
26/09/1982,2327
27/09/1982,1988
28/09/1982,1744
29/09/1982,1896
30/09/1982,2490
01/10/1982,3087
02/10/1982,3402
03/10/1982,3424
04/10/1982,3424
05/10/1982,3584
06/10/1982,3402
07/10/1982,3139
08/10/1982,2831
09/10/1982,2848
10/10/1982,3296
11/10/1982,4045
12/10/1982,6318
13/10/1982,7342
14/10/1982,6465
15/10/1982,5468
16/10/1982,3340
17/10/1982,3961
18/10/1982,3375
19/10/1982,3122
20/10/1982,2933
21/10/1982,2713
22/10/1982,2490
23/10/1982,
24/10/1982,2713
25/10/1982,3481
26/10/1982,4826
27/10/1982,9198
28/10/1982,13290
29/10/1982,14825
30/10/1982,14322
31/10/1982,11902
01/11/1982,9826
02/11/1982,7718
03/11/1982,6216
04/11/1982,6732
05/11/1982,8330
06/11/1982,9993
07/11/1982,11202
08/11/1982,12194
09/11/1982,12735
10/11/1982,14706
11/11/1982,16015
12/11/1982,16047
13/11/1982,15860
14/11/1982,15860
15/11/1982,16902
16/11/1982,17258
17/11/1982,16838
18/11/1982,16203
19/11/1982,15953
20/11/1982,15829
21/11/1982,14617
22/11/1982,12900
23/11/1982,11075
24/11/1982,10600
25/11/1982,11228
26/11/1982,9779
27/11/1982,8626
28/11/1982,7373
29/11/1982,6435
30/11/1982,5579
01/12/1982,5802
02/12/1982,7482
03/12/1982,8494
04/12/1982,7686
05/12/1982,6318
06/12/1982,5958
07/12/1982,5183
08/12/1982,3243
09/12/1982,3665
10/12/1982,3243
11/12/1982,2899
12/12/1982,2638
13/12/1982,2433
14/12/1982,2255
15/12/1982,2089
16/12/1982,1896
17/12/1982,1835
18/12/1982,1789
19/12/1982,1789
20/12/1982,1896
21/12/1982,2019
22/12/1982,2019
23/12/1982,2034
24/12/1982,2207
25/12/1982,2247
26/12/1982,2368
27/12/1982,2384
28/12/1982,2449
29/12/1982,2713
30/12/1982,2490
31/12/1982,2160
01/01/1983,1896
02/01/1983,1759
03/01/1983,1523
04/01/1983,1408
05/01/1983,1310
06/01/1983,1331
07/01/1983,1310
08/01/1983,1324
09/01/1983,1380
10/01/1983,1581
11/01/1983,2514
12/01/1983,2907
13/01/1983,2958
14/01/1983,2831
15/01/1983,2564
16/01/1983,
17/01/1983,2136
18/01/1983,2050
19/01/1983,1896
20/01/1983,1744
21/01/1983,1647
22/01/1983,1538
23/01/1983,1415
24/01/1983,1345
25/01/1983,1324
26/01/1983,1296
27/01/1983,1359
28/01/1983,1437
29/01/1983,1241
30/01/1983,1138
31/01/1983,1098
01/02/1983,1145
02/02/1983,1633
03/02/1983,2050
04/02/1983,2050
05/02/1983,1896
06/02/1983,1729
07/02/1983,1647
08/02/1983,1633
09/02/1983,1625
10/02/1983,1451
11/02/1983,1366
12/02/1983,1317
13/02/1983,1310
14/02/1983,1310
15/02/1983,1179
16/02/1983,1186
17/02/1983,1254
18/02/1983,1896
19/02/1983,3208
20/02/1983,3688
21/02/1983,4045
22/02/1983,3877
23/02/1983,3925
24/02/1983,4930
25/02/1983,3630
26/02/1983,2605
27/02/1983,2696
28/02/1983,3208
01/03/1983,4930
02/03/1983,9708
03/03/1983,13318
04/03/1983,15155
05/03/1983,15674
06/03/1983,14352
07/03/1983,12983
08/03/1983,12928
09/03/1983,11797
10/03/1983,9369
11/03/1983,7373
12/03/1983,5523
13/03/1983,4748
14/03/1983,4118
15/03/1983,5063
16/03/1983,5662
17/03/1983,6130
18/03/1983,5746
19/03/1983,4957
20/03/1983,5565
21/03/1983,7218
22/03/1983,8710
23/03/1983,8776
24/03/1983,7655
25/03/1983,6029
26/03/1983,4416
27/03/1983,3296
28/03/1983,2780
29/03/1983,2408
30/03/1983,2128
31/03/1983,1911
01/04/1983,1804
02/04/1983,1640
03/04/1983,1596
04/04/1983,1744
05/04/1983,1827
06/04/1983,3384
07/04/1983,4542
08/04/1983,5441
09/04/1983,5441
10/04/1983,5223
11/04/1983,5277
12/04/1983,5223
13/04/1983,3782
14/04/1983,3296
15/04/1983,2531
16/04/1983,2128
17/04/1983,2019
18/04/1983,1804
19/04/1983,1670
20/04/1983,2865
21/04/1983,5468
22/04/1983,9756
23/04/1983,12248
24/04/1983,10999
25/04/1983,8643
26/04/1983,6553
27/04/1983,5746
28/04/1983,5250
29/04/1983,4774
30/04/1983,5170
01/05/1983,6318
02/05/1983,6015
03/05/1983,6538
04/05/1983,8995
05/05/1983,11510
06/05/1983,14264
07/05/1983,16870
08/05/1983,16235
09/05/1983,15829
10/05/1983,16774
11/05/1983,17063
12/05/1983,16646
13/05/1983,16646
14/05/1983,16047
15/05/1983,15674
16/05/1983,16109
17/05/1983,16614
18/05/1983,16551
19/05/1983,16487
20/05/1983,15891
21/05/1983,18183
22/05/1983,20977
23/05/1983,22686
24/05/1983,14825
25/05/1983,13150
26/05/1983,12436
27/05/1983,12708
28/05/1983,10749
29/05/1983,12708
30/05/1983,10749
31/05/1983,9662
01/06/1983,9662
02/06/1983,9897
03/06/1983,9685
04/06/1983,8297
05/06/1983,6807
06/06/1983,5386
07/06/1983,4568
08/06/1983,4045
09/06/1983,3527
10/06/1983,3226
11/06/1983,3104
12/06/1983,2831
13/06/1983,2621
14/06/1983,2638
15/06/1983,2797
16/06/1983,5277
17/06/1983,8827
18/06/1983,12114
19/06/1983,12409
20/06/1983,10674
21/06/1983,8265
22/06/1983,5746
23/06/1983,4983
24/06/1983,4167
25/06/1983,3985
26/06/1983,5250
27/06/1983,7065
28/06/1983,9062
29/06/1983,9267
30/06/1983,8330
01/07/1983,6852
02/07/1983,5196
03/07/1983,4441
04/07/1983,3278
05/07/1983,3584
06/07/1983,3481
07/07/1983,3402
08/07/1983,3584
09/07/1983,7065
10/07/1983,14118
11/07/1983,20977
12/07/1983,27676
13/07/1983,33045
14/07/1983,35053
15/07/1983,36478
16/07/1983,37278
17/07/1983,37935
18/07/1983,36180
19/07/1983,32391
20/07/1983,28404
21/07/1983,25841
22/07/1983,22270
23/07/1983,19412
24/07/1983,15398
25/07/1983,13122
26/07/1983,10899
27/07/1983,10774
28/07/1983,12061
29/07/1983,15065
30/07/1983,17849
31/07/1983,18016
01/08/1983,19239
02/08/1983,18183
03/08/1983,18452
04/08/1983,18826
05/08/1983,20436
06/08/1983,21159
07/08/1983,20364
08/08/1983,17717
09/08/1983,14293
10/08/1983,11433
11/08/1983,9181
12/08/1983,7435
13/08/1983,6494
14/08/1983,5250
15/08/1983,4606
16/08/1983,4204
17/08/1983,4517
18/08/1983,5305
19/08/1983,5690
20/08/1983,6777
21/08/1983,9568
22/08/1983,13487
23/08/1983,14410
24/08/1983,12167
25/08/1983,9369
26/08/1983,8330
27/08/1983,5359
28/08/1983,4266
29/08/1983,3573
30/08/1983,3174
31/08/1983,2958
01/09/1983,2705
02/09/1983,2663
03/09/1983,2441
04/09/1983,2352
05/09/1983,2279
06/09/1983,2271
07/09/1983,2271
08/09/1983,2271
09/09/1983,2271
10/09/1983,1926
11/09/1983,1729
12/09/1983,1699
13/09/1983,1268
14/09/1983,1006
15/09/1983,870
16/09/1983,851
17/09/1983,833
18/09/1983,1596
19/09/1983,1737
20/09/1983,3723
21/09/1983,4143
22/09/1983,4441
23/09/1983,4542
24/09/1983,3818
25/09/1983,3226
26/09/1983,3104
27/09/1983,5887
28/09/1983,8860
29/09/1983,9301
30/09/1983,7311
01/10/1983,5277
02/10/1983,3925
03/10/1983,3375
04/10/1983,2992
05/10/1983,2967
06/10/1983,2967
07/10/1983,3130
08/10/1983,3010
09/10/1983,2605
10/10/1983,2335
11/10/1983,2097
12/10/1983,2097
13/10/1983,2081
14/10/1983,2223
15/10/1983,2311
16/10/1983,2287
17/10/1983,2097
18/10/1983,2368
19/10/1983,3949
20/10/1983,5345
21/10/1983,6702
22/10/1983,6583
23/10/1983,6245
24/10/1983,5887
25/10/1983,4957
26/10/1983,5223
27/10/1983,4670
28/10/1983,3700
29/10/1983,3208
30/10/1983,2547
31/10/1983,2192
01/11/1983,2003
02/11/1983,1972
03/11/1983,1880
04/11/1983,2376
05/11/1983,2738
06/11/1983,3877
07/11/1983,3191
08/11/1983,4167
09/11/1983,4033
10/11/1983,3573
11/11/1983,3122
12/11/1983,2797
13/11/1983,2287
14/11/1983,2255
15/11/1983,2223
16/11/1983,2482
17/11/1983,2621
18/11/1983,3027
19/11/1983,3182
20/11/1983,2473
21/11/1983,2465
22/11/1983,2287
23/11/1983,2168
24/11/1983,2465
25/11/1983,2797
26/11/1983,3001
27/11/1983,2967
28/11/1983,2531
29/11/1983,2465
30/11/1983,2128
01/12/1983,1744
02/12/1983,1625
03/12/1983,1509
04/12/1983,1451
05/12/1983,1394
06/12/1983,1324
07/12/1983,1289
08/12/1983,1254
09/12/1983,1193
10/12/1983,1227
11/12/1983,1227
12/12/1983,1159
13/12/1983,1145
14/12/1983,1105
15/12/1983,1105
16/12/1983,1088
17/12/1983,1057
18/12/1983,962
19/12/1983,931
20/12/1983,894
21/12/1983,894
22/12/1983,994
23/12/1983,1000
24/12/1983,1193
25/12/1983,1670
26/12/1983,1670
27/12/1983,1744
28/12/1983,1670
29/12/1983,1640
30/12/1983,1509
31/12/1983,1310
01/01/1984,1186
02/01/1984,1071
03/01/1984,1095
04/01/1984,1012
05/01/1984,1091
06/01/1984,1241
07/01/1984,1552
08/01/1984,1559
09/01/1984,1714
10/01/1984,1596
11/01/1984,1611
12/01/1984,1611
13/01/1984,1494
14/01/1984,1254
15/01/1984,1206
16/01/1984,1324
17/01/1984,1465
18/01/1984,1567
19/01/1984,1567
20/01/1984,1759
21/01/1984,1782
22/01/1984,1714
23/01/1984,1685
24/01/1984,1685
25/01/1984,1685
26/01/1984,1655
27/01/1984,1789
28/01/1984,1804
29/01/1984,1692
30/01/1984,1640
31/01/1984,1581
01/02/1984,1545
02/02/1984,2050
03/02/1984,2848
04/02/1984,3217
05/02/1984,3458
06/02/1984,4082
07/02/1984,4316
08/02/1984,4353
09/02/1984,3688
10/02/1984,2814
11/02/1984,2352
12/02/1984,1789
13/02/1984,1729
14/02/1984,1596
15/02/1984,1530
16/02/1984,1310
17/02/1984,1275
18/02/1984,1172
19/02/1984,1114
20/02/1984,1076
21/02/1984,1076
22/02/1984,1076
23/02/1984,1063
24/02/1984,1019
25/02/1984,975
26/02/1984,981
27/02/1984,870
28/02/1984,1114
29/02/1984,1105
01/03/1984,1172
02/03/1984,1423
03/03/1984,1025
04/03/1984,1025
05/03/1984,1451
06/03/1984,1596
07/03/1984,1552
08/03/1984,1509
09/03/1984,1729
10/03/1984,1789
11/03/1984,1699
12/03/1984,1640
13/03/1984,1509
14/03/1984,1437
15/03/1984,1437
16/03/1984,1387
17/03/1984,1206
18/03/1984,1118
19/03/1984,1045
20/03/1984,1031
21/03/1984,907
22/03/1984,907
23/03/1984,797
24/03/1984,731
25/03/1984,713
26/03/1984,839
27/03/1984,1057
28/03/1984,1057
29/03/1984,1065
30/03/1984,1025
31/03/1984,1000
01/04/1984,1538
02/04/1984,1324
03/04/1984,1494
04/04/1984,1640
05/04/1984,1640
06/04/1984,1552
07/04/1984,1275
08/04/1984,1172
09/04/1984,1125
10/04/1984,1071
11/04/1984,1227
12/04/1984,1296
13/04/1984,1199
14/04/1984,1107
15/04/1984,994
16/04/1984,876
17/04/1984,851
18/04/1984,839
19/04/1984,809
20/04/1984,857
21/04/1984,931
22/04/1984,975
23/04/1984,1095
24/04/1984,1380
25/04/1984,2113
26/04/1984,2696
27/04/1984,3688
28/04/1984,3573
29/04/1984,3596
30/04/1984,3340
01/05/1984,2882
02/05/1984,2473
03/05/1984,1896
04/05/1984,1633
05/05/1984,1552
06/05/1984,1494
07/05/1984,1458
08/05/1984,1380
09/05/1984,1451
10/05/1984,1509
11/05/1984,2287
12/05/1984,6913
13/05/1984,8827
14/05/1984,9421
15/05/1984,10041
16/05/1984,9421
17/05/1984,7813
18/05/1984,6058
19/05/1984,4542
20/05/1984,3435
21/05/1984,3384
22/05/1984,3366
23/05/1984,3139
24/05/1984,3010
25/05/1984,2967
26/05/1984,3573
27/05/1984,3747
28/05/1984,3901
29/05/1984,3402
30/05/1984,3027
31/05/1984,2449
01/06/1984,2303
02/06/1984,2160
03/06/1984,1896
04/06/1984,1819
05/06/1984,1699
06/06/1984,2531
07/06/1984,3925
08/06/1984,3925
09/06/1984,3853
10/06/1984,3688
11/06/1984,3949
12/06/1984,4254
13/06/1984,4774
14/06/1984,4670
15/06/1984,3688
16/06/1984,3208
17/06/1984,2780
18/06/1984,2780
19/06/1984,6318
20/06/1984,10161
21/06/1984,13262
22/06/1984,14617
23/06/1984,13516
24/06/1984,11228
25/06/1984,8428
26/06/1984,6702
27/06/1984,5332
28/06/1984,4316
29/06/1984,4167
30/06/1984,4045
01/07/1984,3865
02/07/1984,3573
03/07/1984,3340
04/07/1984,3001
05/07/1984,2738
06/07/1984,2605
07/07/1984,2564
08/07/1984,2376
09/07/1984,3122
10/07/1984,6465
11/07/1984,8776
12/07/1984,9826
13/07/1984,9897
14/07/1984,9267
15/07/1984,7829
16/07/1984,7373
17/07/1984,6058
18/07/1984,4787
19/07/1984,4254
20/07/1984,4391
21/07/1984,5468
22/07/1984,5537
23/07/1984,4416
24/07/1984,3573
25/07/1984,3368
26/07/1984,4904
27/07/1984,5359
28/07/1984,4466
29/07/1984,3642
30/07/1984,3243
31/07/1984,2814
01/08/1984,2605
02/08/1984,2433
03/08/1984,2207
04/08/1984,2207
05/08/1984,2207
06/08/1984,2144
07/08/1984,2303
08/08/1984,3527
09/08/1984,7686
10/08/1984,14646
11/08/1984,19343
12/08/1984,25923
13/08/1984,27591
14/08/1984,26583
15/08/1984,21342
16/08/1984,17585
17/08/1984,12301
18/08/1984,10379
19/08/1984,7065
20/08/1984,5816
21/08/1984,4416
22/08/1984,4045
23/08/1984,3607
24/08/1984,3538
25/08/1984,4167
26/08/1984,5116
27/08/1984,5170
28/08/1984,5170
29/08/1984,5089
30/08/1984,4491
31/08/1984,4167
01/09/1984,3688
02/09/1984,3261
03/09/1984,2992
04/09/1984,2763
05/09/1984,1789
06/09/1984,2207
07/09/1984,2050
08/09/1984,1957
09/09/1984,1782
10/09/1984,1655
11/09/1984,1603
12/09/1984,1523
13/09/1984,1480
14/09/1984,1437
15/09/1984,1444
16/09/1984,1465
17/09/1984,1480
18/09/1984,1473
19/09/1984,1430
20/09/1984,1581
21/09/1984,2605
22/09/1984,4009
23/09/1984,5400
24/09/1984,6613
25/09/1984,6792
26/09/1984,6173
27/09/1984,6613
28/09/1984,8494
29/09/1984,11177
30/09/1984,14410
01/10/1984,15490
02/10/1984,13973
03/10/1984,10089
04/10/1984,7608
05/10/1984,5944
06/10/1984,4878
07/10/1984,4606
08/10/1984,4466
09/10/1984,5746
10/10/1984,6173
11/10/1984,10452
12/10/1984,12008
13/10/1984,12061
14/10/1984,10874
15/10/1984,9662
16/10/1984,7829
17/10/1984,6245
18/10/1984,5250
19/10/1984,4606
20/10/1984,4353
21/10/1984,3985
22/10/1984,3458
23/10/1984,3165
24/10/1984,2797
25/10/1984,2655
26/10/1984,2498
27/10/1984,2192
28/10/1984,1857
29/10/1984,1850
30/10/1984,1804
31/10/1984,1789
01/11/1984,1804
02/11/1984,2003
03/11/1984,2089
04/11/1984,2207
05/11/1984,2547
06/11/1984,3340
07/11/1984,3830
08/11/1984,3782
09/11/1984,4416
10/11/1984,5264
11/11/1984,6173
12/11/1984,6913
13/11/1984,6913
14/11/1984,7529
15/11/1984,7592
16/11/1984,6852
17/11/1984,5468
18/11/1984,4416
19/11/1984,3925
20/11/1984,3504
21/11/1984,3226
22/11/1984,2882
23/11/1984,2713
24/11/1984,2449
25/11/1984,2408
26/11/1984,2424
27/11/1984,2384
28/11/1984,2192
29/11/1984,1957
30/11/1984,1804
01/12/1984,1685
02/12/1984,1782
03/12/1984,1752
04/12/1984,1640
05/12/1984,1596
06/12/1984,1523
07/12/1984,1487
08/12/1984,1458
09/12/1984,1458
10/12/1984,1387
11/12/1984,1415
12/12/1984,1310
13/12/1984,1707
14/12/1984,1596
15/12/1984,1596
16/12/1984,2192
17/12/1984,2050
18/12/1984,1972
19/12/1984,1819
20/12/1984,1896
21/12/1984,1759
22/12/1984,1633
23/12/1984,1494
24/12/1984,1451
25/12/1984,1408
26/12/1984,1324
27/12/1984,1206
28/12/1984,1138
29/12/1984,1111
30/12/1984,1031
31/12/1984,987
01/01/1985,950
02/01/1985,931
03/01/1985,994
04/01/1985,994
05/01/1985,1025
06/01/1985,
07/01/1985,1275
08/01/1985,1282
09/01/1985,1199
10/01/1985,1044
11/01/1985,919
12/01/1985,870
13/01/1985,870
14/01/1985,809
15/01/1985,833
16/01/1985,857
17/01/1985,833
18/01/1985,797
19/01/1985,749
20/01/1985,713
21/01/1985,677
22/01/1985,648
23/01/1985,648
24/01/1985,677
25/01/1985,689
26/01/1985,642
27/01/1985,602
28/01/1985,596
29/01/1985,596
30/01/1985,596
31/01/1985,590
01/02/1985,550
02/02/1985,511
03/02/1985,483
04/02/1985,428
05/02/1985,422
06/02/1985,422
07/02/1985,422
08/02/1985,422
09/02/1985,417
10/02/1985,573
11/02/1985,689
12/02/1985,994
13/02/1985,1241
14/02/1985,1552
15/02/1985,1596
16/02/1985,1567
17/02/1985,1509
18/02/1985,1670
19/02/1985,2882
20/02/1985,3458
21/02/1985,3973
22/02/1985,4070
23/02/1985,4070
24/02/1985,4428
25/02/1985,5468
26/02/1985,5264
27/02/1985,4606
28/02/1985,3865
01/03/1985,3044
02/03/1985,2368
03/03/1985,2034
04/03/1985,1759
05/03/1985,1640
06/03/1985,1581
07/03/1985,1465
08/03/1985,1408
09/03/1985,1310
10/03/1985,1310
11/03/1985,1241
12/03/1985,1172
13/03/1985,1268
14/03/1985,1241
15/03/1985,1159
16/03/1985,1138
17/03/1985,1107
18/03/1985,1107
19/03/1985,1282
20/03/1985,1338
21/03/1985,1324
22/03/1985,1199
23/03/1985,1118
24/03/1985,1044
25/03/1985,1082
26/03/1985,1611
27/03/1985,3087
28/03/1985,3865
29/03/1985,4241
30/03/1985,4696
31/03/1985,4800
01/04/1985,4644
02/04/1985,4167
03/04/1985,3527
04/04/1985,2747
05/04/1985,2564
06/04/1985,2831
07/04/1985,3331
08/04/1985,3665
09/04/1985,3527
10/04/1985,3278
11/04/1985,2663
12/04/1985,2865
13/04/1985,3390
14/04/1985,3191
15/04/1985,2831
16/04/1985,2907
17/04/1985,6101
18/04/1985,8995
19/04/1985,10185
20/04/1985,10257
21/04/1985,9452
22/04/1985,8577
23/04/1985,7295
24/04/1985,5732
25/04/1985,4266
26/04/1985,3200
27/04/1985,2663
28/04/1985,2352
29/04/1985,2128
30/04/1985,1957
01/05/1985,1934
02/05/1985,1873
03/05/1985,1819
04/05/1985,1957
05/05/1985,2042
06/05/1985,1865
07/05/1985,1714
08/05/1985,1662
09/05/1985,1603
10/05/1985,1744
11/05/1985,7686
12/05/1985,12194
13/05/1985,13459
14/05/1985,13346
15/05/1985,11126
16/05/1985,8776
17/05/1985,6465
18/05/1985,4800
19/05/1985,3527
20/05/1985,2814
21/05/1985,3384
22/05/1985,4266
23/05/1985,4167
24/05/1985,3997
25/05/1985,3806
26/05/1985,3997
27/05/1985,4009
28/05/1985,4131
29/05/1985,4131
30/05/1985,6072
31/05/1985,7750
01/06/1985,8102
02/06/1985,7218
03/06/1985,6762
04/06/1985,6245
05/06/1985,5676
06/06/1985,5063
07/06/1985,4479
08/06/1985,3949
09/06/1985,3296
10/06/1985,2890
11/06/1985,2449
12/06/1985,2255
13/06/1985,2066
14/06/1985,1919
15/06/1985,1827
16/06/1985,1752
17/06/1985,1857
18/06/1985,1789
19/06/1985,1744
20/06/1985,1685
21/06/1985,1662
22/06/1985,1662
23/06/1985,1662
24/06/1985,1662
25/06/1985,1759
26/06/1985,1685
27/06/1985,1662
28/06/1985,1633
29/06/1985,1581
30/06/1985,1523
01/07/1985,1509
02/07/1985,1819
03/07/1985,2449
04/07/1985,3122
05/07/1985,3853
06/07/1985,3961
07/07/1985,4106
08/07/1985,4957
09/07/1985,4957
10/07/1985,4619
11/07/1985,4542
12/07/1985,4606
13/07/1985,4644
14/07/1985,3759
15/07/1985,3078
16/07/1985,2696
17/07/1985,2368
18/07/1985,2128
19/07/1985,2003
20/07/1985,1835
21/07/1985,1707
22/07/1985,1662
23/07/1985,1633
24/07/1985,1611
25/07/1985,1589
26/07/1985,1589
27/07/1985,1538
28/07/1985,1487
29/07/1985,1473
30/07/1985,1581
31/07/1985,
01/08/1985,2089
02/08/1985,3122
03/08/1985,3925
04/08/1985,5606
05/08/1985,6913
06/08/1985,7957
07/08/1985,9421
08/08/1985,8577
09/08/1985,7498
10/08/1985,6762
11/08/1985,6613
12/08/1985,6245
13/08/1985,5537
14/08/1985,5496
15/08/1985,5441
16/08/1985,4996
17/08/1985,4391
18/08/1985,4266
19/08/1985,4266
20/08/1985,4167
21/08/1985,3573
22/08/1985,3402
23/08/1985,3642
24/08/1985,3925
25/08/1985,3630
26/08/1985,3243
27/08/1985,2950
28/08/1985,2755
29/08/1985,2506
30/08/1985,2121
31/08/1985,2696
01/09/1985,2713
02/09/1985,2713
03/09/1985,2638
04/09/1985,2605
05/09/1985,3243
06/09/1985,3688
07/09/1985,4045
08/09/1985,4204
09/09/1985,3985
10/09/1985,3642
11/09/1985,3208
12/09/1985,2848
13/09/1985,2588
14/09/1985,2408
15/09/1985,2343
16/09/1985,2831
17/09/1985,3806
18/09/1985,5414
19/09/1985,6347
20/09/1985,6318
21/09/1985,6101
22/09/1985,5774
23/09/1985,5196
24/09/1985,4930
25/09/1985,4865
26/09/1985,4839
27/09/1985,4266
28/09/1985,3390
29/09/1985,3078
30/09/1985,2763
01/10/1985,2416
02/10/1985,2247
03/10/1985,2081
04/10/1985,1934
05/10/1985,1759
06/10/1985,1729
07/10/1985,1692
08/10/1985,1670
09/10/1985,1692
10/10/1985,1670
11/10/1985,1640
12/10/1985,1618
13/10/1985,1538
14/10/1985,1487
15/10/1985,1437
16/10/1985,1310
17/10/1985,1165
18/10/1985,1394
19/10/1985,1480
20/10/1985,1310
21/10/1985,1213
22/10/1985,1241
23/10/1985,1282
24/10/1985,1310
25/10/1985,1480
26/10/1985,1480
27/10/1985,1789
28/10/1985,2113
29/10/1985,1972
30/10/1985,1685
31/10/1985,1523
01/11/1985,1095
02/11/1985,1380
03/11/1985,1437
04/11/1985,1714
05/11/1985,1633
06/11/1985,1437
07/11/1985,1380
08/11/1985,1523
09/11/1985,2907
10/11/1985,2882
11/11/1985,2547
12/11/1985,2335
13/11/1985,2066
14/11/1985,1714
15/11/1985,1530
16/11/1985,1380
17/11/1985,1206
18/11/1985,1132
19/11/1985,1078
20/11/1985,1107
21/11/1985,962
22/11/1985,888
23/11/1985,857
24/11/1985,779
25/11/1985,779
26/11/1985,779
27/11/1985,785
28/11/1985,779
29/11/1985,864
30/11/1985,827
01/12/1985,809
02/12/1985,809
03/12/1985,809
04/12/1985,809
05/12/1985,749
06/12/1985,683
07/12/1985,607
08/12/1985,550
09/12/1985,544
10/12/1985,516
11/12/1985,516
12/12/1985,516
13/12/1985,483
14/12/1985,449
15/12/1985,449
16/12/1985,472
17/12/1985,406
18/12/1985,406
19/12/1985,406
20/12/1985,428
21/12/1985,499
22/12/1985,602
23/12/1985,619
24/12/1985,619
25/12/1985,550
26/12/1985,516
27/12/1985,472
28/12/1985,433
29/12/1985,433
30/12/1985,368
31/12/1985,342
01/01/1986,331
02/01/1986,331
03/01/1986,331
04/01/1986,363
05/01/1986,406
06/01/1986,406
07/01/1986,390
08/01/1986,379
09/01/1986,326
10/01/1986,326
11/01/1986,326
12/01/1986,326
13/01/1986,321
14/01/1986,321
15/01/1986,368
16/01/1986,395
17/01/1986,395
18/01/1986,395
19/01/1986,395
20/01/1986,406
21/01/1986,455
22/01/1986,406
23/01/1986,363
24/01/1986,337
25/01/1986,337
26/01/1986,428
27/01/1986,870
28/01/1986,975
29/01/1986,1000
30/01/1986,944
31/01/1986,857
01/02/1986,839
02/02/1986,839
03/02/1986,845
04/02/1986,713
05/02/1986,695
06/02/1986,695
07/02/1986,695
08/02/1986,672
09/02/1986,907
10/02/1986,1025
11/02/1986,1025
12/02/1986,931
13/02/1986,894
14/02/1986,894
15/02/1986,931
16/02/1986,950
17/02/1986,975
18/02/1986,931
19/02/1986,919
20/02/1986,882
21/02/1986,779
22/02/1986,701
23/02/1986,654
24/02/1986,654
25/02/1986,654
26/02/1986,625
27/02/1986,550
28/02/1986,556
01/03/1986,725
02/03/1986,725
03/03/1986,773
04/03/1986,900
05/03/1986,550
06/03/1986,803
07/03/1986,785
08/03/1986,809
09/03/1986,809
10/03/1986,797
11/03/1986,737
12/03/1986,719
13/03/1986,1006
14/03/1986,1172
15/03/1986,1268
16/03/1986,1241
17/03/1986,1138
18/03/1986,1352
19/03/1986,2034
20/03/1986,3027
21/03/1986,4996
22/03/1986,5606
23/03/1986,5129
24/03/1986,4491
25/03/1986,3688
26/03/1986,3208
27/03/1986,2287
28/03/1986,1670
29/03/1986,1275
30/03/1986,1082
31/03/1986,1006
01/04/1986,870
02/04/1986,839
03/04/1986,845
04/04/1986,1345
05/04/1986,2696
06/04/1986,4341
07/04/1986,6465
08/04/1986,10185
09/04/1986,12221
10/04/1986,14587
11/04/1986,15613
12/04/1986,15368
13/04/1986,13772
14/04/1986,11025
15/04/1986,9130
16/04/1986,7608
17/04/1986,7295
18/04/1986,9421
19/04/1986,10282
20/04/1986,9181
21/04/1986,7592
22/04/1986,5774
23/04/1986,5441
24/04/1986,4917
25/04/1986,5010
26/04/1986,5606
27/04/1986,4878
28/04/1986,4291
29/04/1986,3435
30/04/1986,2865
01/05/1986,2605
02/05/1986,2400
03/05/1986,2168
04/05/1986,1926
05/05/1986,1827
06/05/1986,1699
07/05/1986,1559
08/05/1986,1458
09/05/1986,1366
10/05/1986,1282
11/05/1986,1261
12/05/1986,1261
13/05/1986,1473
14/05/1986,1473
15/05/1986,1451
16/05/1986,1596
17/05/1986,1662
18/05/1986,1494
19/05/1986,1538
20/05/1986,1640
21/05/1986,2128
22/05/1986,3122
23/05/1986,4670
24/05/1986,5277
25/05/1986,5400
26/05/1986,4670
27/05/1986,4204
28/05/1986,4057
29/05/1986,4143
30/05/1986,4366
31/05/1986,4606
01/06/1986,4644
02/06/1986,5606
03/06/1986,8643
04/06/1986,11228
05/06/1986,11484
06/06/1986,10185
07/06/1986,9421
08/06/1986,6347
09/06/1986,5156
10/06/1986,3278
11/06/1986,3156
12/06/1986,3113
13/06/1986,3061
14/06/1986,2780
15/06/1986,2580
16/06/1986,2416
17/06/1986,2027
18/06/1986,2081
19/06/1986,1888
20/06/1986,1774
21/06/1986,1677
22/06/1986,1596
23/06/1986,1509
24/06/1986,1480
25/06/1986,1480
26/06/1986,1596
27/06/1986,1926
28/06/1986,2081
29/06/1986,2081
30/06/1986,2144
01/07/1986,2271
02/07/1986,5010
03/07/1986,8643
04/07/1986,8494
05/07/1986,7718
06/07/1986,6762
07/07/1986,5958
08/07/1986,5318
09/07/1986,3688
10/07/1986,2831
11/07/1986,2368
12/07/1986,2160
13/07/1986,1919
14/07/1986,1774
15/07/1986,1640
16/07/1986,1596
17/07/1986,1596
18/07/1986,1241
19/07/1986,1596
20/07/1986,1596
21/07/1986,1819
22/07/1986,2368
23/07/1986,2465
24/07/1986,2465
25/07/1986,2539
26/07/1986,2580
27/07/1986,2655
28/07/1986,2588
29/07/1986,2319
30/07/1986,2050
31/07/1986,1919
01/08/1986,1722
02/08/1986,1633
03/08/1986,1625
04/08/1986,1625
05/08/1986,1603
06/08/1986,1451
07/08/1986,2287
08/08/1986,4167
09/08/1986,4167
10/08/1986,3630
11/08/1986,3375
12/08/1986,3375
13/08/1986,2890
14/08/1986,2638
15/08/1986,2547
16/08/1986,2522
17/08/1986,2663
18/08/1986,2865
19/08/1986,2992
20/08/1986,3925
21/08/1986,4192
22/08/1986,3573
23/08/1986,2984
24/08/1986,2721
25/08/1986,3296
26/08/1986,3139
27/08/1986,2967
28/08/1986,3865
29/08/1986,3573
30/08/1986,3182
31/08/1986,2605
01/09/1986,2335
02/09/1986,2050
03/09/1986,1957
04/09/1986,1714
05/09/1986,1677
06/09/1986,1655
07/09/1986,1633
08/09/1986,1545
09/09/1986,1473
10/09/1986,1380
11/09/1986,1324
12/09/1986,1268
13/09/1986,1172
14/09/1986,1145
15/09/1986,1105
16/09/1986,1057
17/09/1986,1057
18/09/1986,1111
19/09/1986,1394
20/09/1986,2449
21/09/1986,3331
22/09/1986,4696
23/09/1986,6101
24/09/1986,6687
25/09/1986,6852
26/09/1986,6598
27/09/1986,6377
28/09/1986,6377
29/09/1986,6538
30/09/1986,6260
01/10/1986,4748
02/10/1986,3584
03/10/1986,3027
04/10/1986,2655
05/10/1986,2335
06/10/1986,2207
07/10/1986,1957
08/10/1986,1774
09/10/1986,1640
10/10/1986,1552
11/10/1986,2050
12/10/1986,2780
13/10/1986,3504
14/10/1986,4670
15/10/1986,6289
16/10/1986,6509
17/10/1986,5116
18/10/1986,4045
19/10/1986,3573
20/10/1986,3573
21/10/1986,3226
22/10/1986,2797
23/10/1986,2416
24/10/1986,2223
25/10/1986,2081
26/10/1986,1972
27/10/1986,1957
28/10/1986,1804
29/10/1986,1729
30/10/1986,1596
31/10/1986,1487
01/11/1986,1289
02/11/1986,1451
03/11/1986,2605
04/11/1986,4878
05/11/1986,5915
06/11/1986,6058
07/11/1986,6173
08/11/1986,6362
09/11/1986,6245
10/11/1986,5915
11/11/1986,9164
12/11/1986,9685
13/11/1986,8297
14/11/1986,7187
15/11/1986,5223
16/11/1986,4167
17/11/1986,3368
18/11/1986,3061
19/11/1986,2605
20/11/1986,2343
21/11/1986,2176
22/11/1986,2058
23/11/1986,1926
24/11/1986,1819
25/11/1986,1789
26/11/1986,1744
27/11/1986,1919
28/11/1986,2287
29/11/1986,2376
30/11/1986,3313
01/12/1986,5063
02/12/1986,5373
03/12/1986,5264
04/12/1986,5551
05/12/1986,5076
06/12/1986,4366
07/12/1986,3208
08/12/1986,2531
09/12/1986,2255
10/12/1986,2042
11/12/1986,1942
12/12/1986,1835
13/12/1986,1782
14/12/1986,1685
15/12/1986,1640
16/12/1986,1640
17/12/1986,1640
18/12/1986,1640
19/12/1986,1759
20/12/1986,1759
21/12/1986,1729
22/12/1986,1729
23/12/1986,1670
24/12/1986,1596
25/12/1986,1451
26/12/1986,1451
27/12/1986,1494
28/12/1986,1538
29/12/1986,1804
30/12/1986,1752
31/12/1986,1618
01/01/1987,1618
02/01/1987,1509
03/01/1987,1380
04/01/1987,1310
05/01/1987,1268
06/01/1987,1199
07/01/1987,1132
08/01/1987,1118
09/01/1987,1091
10/01/1987,1132
11/01/1987,1387
12/01/1987,1692
13/01/1987,1819
14/01/1987,2184
15/01/1987,2416
16/01/1987,2730
17/01/1987,3122
18/01/1987,3368
19/01/1987,3688
20/01/1987,4774
21/01/1987,4970
22/01/1987,4542
23/01/1987,3630
24/01/1987,2984
25/01/1987,2498
26/01/1987,2311
27/01/1987,2144
28/01/1987,1942
29/01/1987,1759
30/01/1987,1692
31/01/1987,1538
01/02/1987,1516
02/02/1987,1516
03/02/1987,1430
04/02/1987,1408
05/02/1987,1289
06/02/1987,1261
07/02/1987,1437
08/02/1987,1714
09/02/1987,1804
10/02/1987,2588
11/02/1987,3027
12/02/1987,2865
13/02/1987,2933
14/02/1987,2605
15/02/1987,2311
16/02/1987,2003
17/02/1987,1714
18/02/1987,1596
19/02/1987,1423
20/02/1987,1310
21/02/1987,1338
22/02/1987,1618
23/02/1987,2050
24/02/1987,2696
25/02/1987,3384
26/02/1987,3818
27/02/1987,3515
28/02/1987,2975
01/03/1987,2531
02/03/1987,2303
03/03/1987,2042
04/03/1987,1903
05/03/1987,1692
06/03/1987,1523
07/03/1987,1359
08/03/1987,1324
09/03/1987,1199
10/03/1987,1085
11/03/1987,1044
12/03/1987,969
13/03/1987,876
14/03/1987,803
15/03/1987,743
16/03/1987,737
17/03/1987,713
18/03/1987,689
19/03/1987,677
20/03/1987,677
21/03/1987,677
22/03/1987,677
23/03/1987,654
24/03/1987,636
25/03/1987,613
26/03/1987,584
27/03/1987,596
28/03/1987,870
29/03/1987,1019
30/03/1987,1019
31/03/1987,944
01/04/1987,894
02/04/1987,870
03/04/1987,1310
04/04/1987,1523
05/04/1987,1714
06/04/1987,1774
07/04/1987,1625
08/04/1987,1494
09/04/1987,1172
10/04/1987,
11/04/1987,900
12/04/1987,1118
13/04/1987,1268
14/04/1987,2950
15/04/1987,3573
16/04/1987,4491
17/04/1987,11075
18/04/1987,15551
19/04/1987,17291
20/04/1987,17031
21/04/1987,14825
22/04/1987,12008
23/04/1987,10185
24/04/1987,8961
25/04/1987,7218
26/04/1987,5915
27/04/1987,4416
28/04/1987,3504
29/04/1987,3044
30/04/1987,2713
01/05/1987,2449
02/05/1987,2287
03/05/1987,2019
04/05/1987,1949
05/05/1987,1888
06/05/1987,1797
07/05/1987,1655
08/05/1987,1480
09/05/1987,1611
10/05/1987,2547
11/05/1987,2950
12/05/1987,4416
13/05/1987,7829
14/05/1987,7686
15/05/1987,6479
16/05/1987,6187
17/05/1987,6318
18/05/1987,10137
19/05/1987,15246
20/05/1987,16902
21/05/1987,16329
22/05/1987,14147
23/05/1987,13916
24/05/1987,14469
25/05/1987,14031
26/05/1987,12436
27/05/1987,11025
28/05/1987,8412
29/05/1987,6613
30/05/1987,5468
31/05/1987,4229
01/06/1987,3782
02/06/1987,3390
03/06/1987,3044
04/06/1987,2941
05/06/1987,3243
06/06/1987,4192
07/06/1987,6173
08/06/1987,7766
09/06/1987,8527
10/06/1987,8461
11/06/1987,7655
12/06/1987,6435
13/06/1987,5223
14/06/1987,4229
15/06/1987,3384
16/06/1987,2984
17/06/1987,2780
18/06/1987,2797
19/06/1987,3619
20/06/1987,4491
21/06/1987,3877
22/06/1987,3349
23/06/1987,3078
24/06/1987,2789
25/06/1987,2580
26/06/1987,2498
27/06/1987,3027
28/06/1987,3806
29/06/1987,3573
30/06/1987,3278
01/07/1987,2831
02/07/1987,2713
03/07/1987,2967
04/07/1987,3573
05/07/1987,4517
06/07/1987,5972
07/07/1987,6406
08/07/1987,6029
09/07/1987,7080
10/07/1987,8297
11/07/1987,8710
12/07/1987,11126
13/07/1987,11484
14/07/1987,9803
15/07/1987,8511
16/07/1987,6642
17/07/1987,5718
18/07/1987,4542
19/07/1987,3997
20/07/1987,3384
21/07/1987,3278
22/07/1987,2967
23/07/1987,2688
24/07/1987,2605
25/07/1987,2721
26/07/1987,2772
27/07/1987,2605
28/07/1987,2473
29/07/1987,2441
30/07/1987,4722
31/07/1987,9591
01/08/1987,11407
02/08/1987,12008
03/08/1987,11797
04/08/1987,11484
05/08/1987,10974
06/08/1987,9826
07/08/1987,8445
08/08/1987,6391
09/08/1987,4542
10/08/1987,4303
11/08/1987,4303
12/08/1987,4167
13/08/1987,3901
14/08/1987,3402
15/08/1987,3165
16/08/1987,2907
17/08/1987,2721
18/08/1987,2514
19/08/1987,2797
20/08/1987,2882
21/08/1987,3200
22/08/1987,3340
23/08/1987,3538
24/08/1987,3384
25/08/1987,2950
26/08/1987,2831
27/08/1987,2721
28/08/1987,2539
29/08/1987,2424
30/08/1987,2319
31/08/1987,2814
01/09/1987,3665
02/09/1987,3759
03/09/1987,3515
04/09/1987,3313
05/09/1987,3925
06/09/1987,3913
07/09/1987,3191
08/09/1987,2907
09/09/1987,2539
10/09/1987,2360
11/09/1987,2160
12/09/1987,2121
13/09/1987,2311
14/09/1987,2408
15/09/1987,2097
16/09/1987,3035
17/09/1987,4204
18/09/1987,3642
19/09/1987,2797
20/09/1987,2522
21/09/1987,2376
22/09/1987,2168
23/09/1987,2034
24/09/1987,1903
25/09/1987,1707
26/09/1987,1589
27/09/1987,1331
28/09/1987,1458
29/09/1987,1373
30/09/1987,1345
01/10/1987,1331
02/10/1987,1744
03/10/1987,2184
04/10/1987,2848
05/10/1987,3390
06/10/1987,5332
07/10/1987,5373
08/10/1987,4328
09/10/1987,3384
10/10/1987,2848
11/10/1987,2473
12/10/1987,2176
13/10/1987,2105
14/10/1987,2327
15/10/1987,2352
16/10/1987,2408
17/10/1987,2482
18/10/1987,3243
19/10/1987,5250
20/10/1987,6231
21/10/1987,8006
22/10/1987,8995
23/10/1987,10137
24/10/1987,9945
25/10/1987,8167
26/10/1987,6318
27/10/1987,4542
28/10/1987,3759
29/10/1987,3243
30/10/1987,3027
31/10/1987,2958
01/11/1987,2763
02/11/1987,2621
03/11/1987,2539
04/11/1987,2433
05/11/1987,2433
06/11/1987,2231
07/11/1987,1949
08/11/1987,1850
09/11/1987,2027
10/11/1987,2327
11/11/1987,2449
12/11/1987,2696
13/11/1987,3122
14/11/1987,3027
15/11/1987,2638
16/11/1987,2368
17/11/1987,2449
18/11/1987,2638
19/11/1987,2663
20/11/1987,2555
21/11/1987,2352
22/11/1987,1919
23/11/1987,1633
24/11/1987,1494
25/11/1987,1145
26/11/1987,1114
27/11/1987,1069
28/11/1987,1050
29/11/1987,1050
30/11/1987,1114
01/12/1987,1114
02/12/1987,1107
03/12/1987,1107
04/12/1987,1082
05/12/1987,1038
06/12/1987,1031
07/12/1987,1031
08/12/1987,956
09/12/1987,907
10/12/1987,907
11/12/1987,956
12/12/1987,969
13/12/1987,1012
14/12/1987,937
15/12/1987,919
16/12/1987,950
17/12/1987,950
18/12/1987,950
19/12/1987,900
20/12/1987,870
21/12/1987,864
22/12/1987,864
23/12/1987,1088
24/12/1987,1268
25/12/1987,1227
26/12/1987,1487
27/12/1987,1451
28/12/1987,1324
29/12/1987,1065
30/12/1987,1012
31/12/1987,937
01/01/1988,821
02/01/1988,845
03/01/1988,797
04/01/1988,797
05/01/1988,533
06/01/1988,527
07/01/1988,607
08/01/1988,1101
09/01/1988,969
10/01/1988,833
11/01/1988,785
12/01/1988,719
13/01/1988,672
14/01/1988,631
15/01/1988,596
16/01/1988,596
17/01/1988,654
18/01/1988,584
19/01/1988,584
20/01/1988,607
21/01/1988,660
22/01/1988,701
23/01/1988,725
24/01/1988,803
25/01/1988,931
26/01/1988,1006
27/01/1988,1076
28/01/1988,1098
29/01/1988,1179
30/01/1988,1179
31/01/1988,1165
01/02/1988,1451
02/02/1988,2613
03/02/1988,2950
04/02/1988,3331
05/02/1988,3357
06/02/1988,3061
07/02/1988,2873
08/02/1988,2638
09/02/1988,2176
10/02/1988,1677
11/02/1988,1465
12/02/1988,1310
13/02/1988,1132
14/02/1988,1111
15/02/1988,1111
16/02/1988,1120
17/02/1988,1038
18/02/1988,962
19/02/1988,962
20/02/1988,894
21/02/1988,851
22/02/1988,845
23/02/1988,845
24/02/1988,845
25/02/1988,950
26/02/1988,969
27/02/1988,969
28/02/1988,937
29/02/1988,994
01/03/1988,1082
02/03/1988,1082
03/03/1988,919
04/03/1988,857
05/03/1988,815
06/03/1988,894
07/03/1988,994
08/03/1988,1031
09/03/1988,1031
10/03/1988,1031
11/03/1988,1031
12/03/1988,1006
13/03/1988,907
14/03/1988,833
15/03/1988,761
16/03/1988,707
17/03/1988,737
18/03/1988,654
19/03/1988,654
20/03/1988,613
21/03/1988,544
22/03/1988,539
23/03/1988,533
24/03/1988,511
25/03/1988,488
26/03/1988,477
27/03/1988,461
28/03/1988,461
29/03/1988,461
30/03/1988,477
31/03/1988,466
01/04/1988,449
02/04/1988,483
03/04/1988,544
04/04/1988,550
05/04/1988,511
06/04/1988,511
07/04/1988,562
08/04/1988,494
09/04/1988,472
10/04/1988,461
11/04/1988,455
12/04/1988,433
13/04/1988,444
14/04/1988,499
15/04/1988,539
16/04/1988,677
17/04/1988,785
18/04/1988,1120
19/04/1988,1132
20/04/1988,1078
21/04/1988,1076
22/04/1988,1019
23/04/1988,962
24/04/1988,888
25/04/1988,749
26/04/1988,719
27/04/1988,707
28/04/1988,1071
29/04/1988,2207
30/04/1988,6613
01/05/1988,8927
02/05/1988,8118
03/05/1988,6072
04/05/1988,5063
05/05/1988,4580
06/05/1988,4735
07/05/1988,7845
08/05/1988,9507
09/05/1988,9507
10/05/1988,8006
11/05/1988,5887
12/05/1988,5036
13/05/1988,4735
14/05/1988,4278
15/05/1988,3688
16/05/1988,4722
17/05/1988,5468
18/05/1988,5036
19/05/1988,4167
20/05/1988,3596
21/05/1988,3759
22/05/1988,3794
23/05/1988,3296
24/05/1988,2958
25/05/1988,2680
26/05/1988,3296
27/05/1988,5468
28/05/1988,7004
29/05/1988,6450
30/05/1988,5196
31/05/1988,3985
01/06/1988,3296
02/06/1988,2780
03/06/1988,2384
04/06/1988,2207
05/06/1988,1988
06/06/1988,1835
07/06/1988,1655
08/06/1988,1567
09/06/1988,1430
10/06/1988,1415
11/06/1988,1415
12/06/1988,1437
13/06/1988,1451
14/06/1988,1744
15/06/1988,2327
16/06/1988,3044
17/06/1988,2814
18/06/1988,2613
19/06/1988,2588
20/06/1988,2613
21/06/1988,2564
22/06/1988,2295
23/06/1988,2081
24/06/1988,1972
25/06/1988,3296
26/06/1988,4391
27/06/1988,4542
28/06/1988,4391
29/06/1988,4826
30/06/1988,4722
01/07/1988,4167
02/07/1988,3139
03/07/1988,2848
04/07/1988,2547
05/07/1988,2400
06/07/1988,2231
07/07/1988,2089
08/07/1988,2042
09/07/1988,1972
10/07/1988,1903
11/07/1988,1707
12/07/1988,1611
13/07/1988,1530
14/07/1988,1804
15/07/1988,1827
16/07/1988,1611
17/07/1988,1523
18/07/1988,1408
19/07/1988,1289
20/07/1988,1227
21/07/1988,1186
22/07/1988,1132
23/07/1988,1085
24/07/1988,1052
25/07/1988,1052
26/07/1988,1082
27/07/1988,1044
28/07/1988,1019
29/07/1988,1019
30/07/1988,1019
31/07/1988,1019
01/08/1988,1019
02/08/1988,1019
03/08/1988,1019
04/08/1988,1019
05/08/1988,962
06/08/1988,882
07/08/1988,809
08/08/1988,791
09/08/1988,791
10/08/1988,791
11/08/1988,791
12/08/1988,791
13/08/1988,761
14/08/1988,713
15/08/1988,707
16/08/1988,689
17/08/1988,660
18/08/1988,660
19/08/1988,660
20/08/1988,660
21/08/1988,660
22/08/1988,660
23/08/1988,683
24/08/1988,683
25/08/1988,683
26/08/1988,677
27/08/1988,648
28/08/1988,625
29/08/1988,613
30/08/1988,590
31/08/1988,567
01/09/1988,550
02/09/1988,550
03/09/1988,539
04/09/1988,527
05/09/1988,499
06/09/1988,477
07/09/1988,461
08/09/1988,455
09/09/1988,455
10/09/1988,461
11/09/1988,488
12/09/1988,494
13/09/1988,725
14/09/1988,1310
15/09/1988,2176
16/09/1988,2713
17/09/1988,2865
18/09/1988,2730
19/09/1988,2655
20/09/1988,3366
21/09/1988,2865
22/09/1988,2335
23/09/1988,2160
24/09/1988,2128
25/09/1988,2255
26/09/1988,3035
27/09/1988,7095
28/09/1988,8006
29/09/1988,7095
30/09/1988,6173
01/10/1988,5468
02/10/1988,4619
03/10/1988,3735
04/10/1988,3035
05/10/1988,2368
06/10/1988,2303
07/10/1988,2287
08/10/1988,2192
09/10/1988,2027
10/10/1988,2303
11/10/1988,2368
12/10/1988,1896
13/10/1988,1670
14/10/1988,1516
15/10/1988,1473
16/10/1988,1366
17/10/1988,1241
18/10/1988,1172
19/10/1988,1132
20/10/1988,1125
21/10/1988,1125
22/10/1988,1065
23/10/1988,1082
24/10/1988,1012
25/10/1988,969
26/10/1988,969
27/10/1988,1088
28/10/1988,1206
29/10/1988,1647
30/10/1988,2572
31/10/1988,3122
01/11/1988,3174
02/11/1988,3122
03/11/1988,3174
04/11/1988,2950
05/11/1988,2655
06/11/1988,2564
07/11/1988,2255
08/11/1988,1934
09/11/1988,1670
10/11/1988,1574
11/11/1988,1310
12/11/1988,1227
13/11/1988,1065
14/11/1988,1044
15/11/1988,981
16/11/1988,981
17/11/1988,1012
18/11/1988,994
19/11/1988,981
20/11/1988,981
21/11/1988,1057
22/11/1988,1057
23/11/1988,1105
24/11/1988,1227
25/11/1988,1345
26/11/1988,1625
27/11/1988,1789
28/11/1988,1662
29/11/1988,1574
30/11/1988,1380
01/12/1988,1338
02/12/1988,
03/12/1988,1138
04/12/1988,1019
05/12/1988,950
06/12/1988,956
07/12/1988,925
08/12/1988,894
09/12/1988,857
10/12/1988,761
11/12/1988,737
12/12/1988,707
13/12/1988,707
14/12/1988,677
15/12/1988,677
16/12/1988,631
17/12/1988,631
18/12/1988,631
19/12/1988,631
20/12/1988,631
21/12/1988,631
22/12/1988,631
23/12/1988,857
24/12/1988,845
25/12/1988,791
26/12/1988,731
27/12/1988,725
28/12/1988,725
29/12/1988,894
30/12/1988,920
31/12/1988,857
01/01/1989,857
02/01/1989,919
03/01/1989,919
04/01/1989,919
05/01/1989,919
06/01/1989,962
07/01/1989,876
08/01/1989,851
09/01/1989,755
10/01/1989,701
11/01/1989,725
12/01/1989,725
13/01/1989,725
14/01/1989,725
15/01/1989,725
16/01/1989,779
17/01/1989,987
18/01/1989,1145
19/01/1989,1091
20/01/1989,1125
21/01/1989,1774
22/01/1989,2465
23/01/1989,2772
24/01/1989,2473
25/01/1989,2279
26/01/1989,2128
27/01/1989,2490
28/01/1989,2605
29/01/1989,2605
30/01/1989,2696
31/01/1989,3174
01/02/1989,4167
02/02/1989,4865
03/02/1989,4800
04/02/1989,4930
05/02/1989,5468
06/02/1989,6029
07/02/1989,5915
08/02/1989,5223
09/02/1989,4070
10/02/1989,3296
11/02/1989,2680
12/02/1989,2319
13/02/1989,2311
14/02/1989,1759
15/02/1989,1670
16/02/1989,1640
17/02/1989,1574
18/02/1989,1487
19/02/1989,1473
20/02/1989,1596
21/02/1989,2003
22/02/1989,2449
23/02/1989,2433
24/02/1989,2255
25/02/1989,2207
26/02/1989,2613
27/02/1989,3458
28/02/1989,4167
01/03/1989,3925
02/03/1989,3261
03/03/1989,2984
04/03/1989,2490
05/03/1989,2207
06/03/1989,2144
07/03/1989,2050
08/03/1989,1880
09/03/1989,1835
10/03/1989,1722
11/03/1989,1581
12/03/1989,1430
13/03/1989,1437
14/03/1989,1545
15/03/1989,1567
16/03/1989,1530
17/03/1989,1366
18/03/1989,1186
19/03/1989,1159
20/03/1989,1120
21/03/1989,1044
22/03/1989,994
23/03/1989,870
24/03/1989,821
25/03/1989,809
26/03/1989,944
27/03/1989,1138
28/03/1989,1254
29/03/1989,1227
30/03/1989,1206
31/03/1989,1179
01/04/1989,1199
02/04/1989,1268
03/04/1989,1241
04/04/1989,1241
05/04/1989,1345
06/04/1989,1345
07/04/1989,2050
08/04/1989,4800
09/04/1989,5063
10/04/1989,4266
11/04/1989,3759
12/04/1989,3349
13/04/1989,3182
14/04/1989,2696
15/04/1989,2311
16/04/1989,2003
17/04/1989,1880
18/04/1989,1640
19/04/1989,1640
20/04/1989,1640
21/04/1989,1559
22/04/1989,1465
23/04/1989,1415
24/04/1989,1415
25/04/1989,1415
26/04/1989,1310
27/04/1989,1241
28/04/1989,1186
29/04/1989,994
30/04/1989,944
01/05/1989,994
02/05/1989,1152
03/05/1989,1289
04/05/1989,1394
05/05/1989,1523
06/05/1989,1789
07/05/1989,2572
08/05/1989,6347
09/05/1989,7829
10/05/1989,7686
11/05/1989,6318
12/05/1989,5223
13/05/1989,4143
14/05/1989,3357
15/05/1989,2950
16/05/1989,2605
17/05/1989,2416
18/05/1989,2081
19/05/1989,1911
20/05/1989,1789
21/05/1989,1640
22/05/1989,1552
23/05/1989,1552
24/05/1989,1509
25/05/1989,1401
26/05/1989,1338
27/05/1989,1247
28/05/1989,1165
29/05/1989,1105
30/05/1989,1101
31/05/1989,1057
01/06/1989,1031
02/06/1989,1031
03/06/1989,1031
04/06/1989,1031
05/06/1989,1031
06/06/1989,1031
07/06/1989,1031
08/06/1989,1031
09/06/1989,1120
10/06/1989,1759
11/06/1989,2255
12/06/1989,2482
13/06/1989,2368
14/06/1989,1850
15/06/1989,1677
16/06/1989,1589
17/06/1989,1451
18/06/1989,1241
19/06/1989,1199
20/06/1989,1199
21/06/1989,1111
22/06/1989,1052
23/06/1989,1069
24/06/1989,1045
25/06/1989,1172
26/06/1989,1132
27/06/1989,1996
28/06/1989,2416
29/06/1989,2465
30/06/1989,2239
01/07/1989,2073
02/07/1989,2034
03/07/1989,2580
04/07/1989,3806
05/07/1989,4416
06/07/1989,5010
07/07/1989,7877
08/07/1989,8363
09/07/1989,7782
10/07/1989,7203
11/07/1989,7513
12/07/1989,5063
13/07/1989,3806
14/07/1989,3296
15/07/1989,2865
16/07/1989,2564
17/07/1989,2352
18/07/1989,2160
19/07/1989,1957
20/07/1989,1873
21/07/1989,1670
22/07/1989,1552
23/07/1989,1473
24/07/1989,1296
25/07/1989,1296
26/07/1989,1282
27/07/1989,1241
28/07/1989,1380
29/07/1989,1473
30/07/1989,1509
31/07/1989,1611
01/08/1989,1911
02/08/1989,2050
03/08/1989,2239
04/08/1989,2160
05/08/1989,2050
06/08/1989,1261
07/08/1989,2136
08/08/1989,2144
09/08/1989,2271
10/08/1989,2763
11/08/1989,2780
12/08/1989,2967
13/08/1989,3261
14/08/1989,3208
15/08/1989,2831
16/08/1989,2498
17/08/1989,2368
18/08/1989,2019
19/08/1989,1865
20/08/1989,1714
21/08/1989,1589
22/08/1989,1538
23/08/1989,1640
24/08/1989,2368
25/08/1989,2831
26/08/1989,2882
27/08/1989,2882
28/08/1989,3156
29/08/1989,4670
30/08/1989,7373
31/08/1989,8038
01/09/1989,6687
02/09/1989,5662
03/09/1989,5537
04/09/1989,5788
05/09/1989,5915
06/09/1989,5986
07/09/1989,5551
08/09/1989,4291
09/09/1989,3035
10/09/1989,2831
11/09/1989,2613
12/09/1989,2721
13/09/1989,5196
14/09/1989,9079
15/09/1989,11050
16/09/1989,14558
17/09/1989,18452
18/09/1989,22158
19/09/1989,23453
20/09/1989,21934
21/09/1989,16967
22/09/1989,14293
23/09/1989,10774
24/09/1989,8167
25/09/1989,6943
26/09/1989,6583
27/09/1989,6973
28/09/1989,10137
29/09/1989,13318
30/09/1989,13715
01/10/1989,12008
02/10/1989,10379
03/10/1989,7686
04/10/1989,6029
05/10/1989,4670
06/10/1989,4391
07/10/1989,4878
08/10/1989,5468
09/10/1989,6672
10/10/1989,6072
11/10/1989,4996
12/10/1989,4106
13/10/1989,3573
14/10/1989,3435
15/10/1989,3619
16/10/1989,
17/10/1989,4278
18/10/1989,3677
19/10/1989,3027
20/10/1989,2933
21/10/1989,2564
22/10/1989,2368
23/10/1989,2271
24/10/1989,2207
25/10/1989,2058
26/10/1989,1942
27/10/1989,1835
28/10/1989,2473
29/10/1989,2992
30/10/1989,3313
31/10/1989,5063
01/11/1989,5250
02/11/1989,4341
03/11/1989,3458
04/11/1989,3104
05/11/1989,2580
06/11/1989,2287
07/11/1989,2152
08/11/1989,1850
09/11/1989,1714
10/11/1989,1670
11/11/1989,1589
12/11/1989,1552
13/11/1989,1552
14/11/1989,1567
15/11/1989,1567
16/11/1989,1640
17/11/1989,1729
18/11/1989,1819
19/11/1989,1880
20/11/1989,1804
21/11/1989,1611
22/11/1989,1523
23/11/1989,1451
24/11/1989,1352
25/11/1989,1352
26/11/1989,1352
27/11/1989,1352
28/11/1989,1451
29/11/1989,1633
30/11/1989,1692
01/12/1989,1633
02/12/1989,1596
03/12/1989,1596
04/12/1989,1516
05/12/1989,1516
06/12/1989,1516
07/12/1989,1451
08/12/1989,1366
09/12/1989,1275
10/12/1989,1172
11/12/1989,1105
12/12/1989,1025
13/12/1989,975
14/12/1989,876
15/12/1989,894
16/12/1989,827
17/12/1989,857
18/12/1989,857
19/12/1989,1120
20/12/1989,1289
21/12/1989,1552
22/12/1989,1523
23/12/1989,1408
24/12/1989,1031
25/12/1989,962
26/12/1989,888
27/12/1989,876
28/12/1989,827
29/12/1989,815
30/12/1989,797
31/12/1989,797
01/01/1990,833
02/01/1990,1120
03/01/1990,1241
04/01/1990,1423
05/01/1990,1487
06/01/1990,1487
07/01/1990,1359
08/01/1990,1487
09/01/1990,1473
10/01/1990,1567
11/01/1990,1596
12/01/1990,1596
13/01/1990,1451
14/01/1990,1352
15/01/1990,1345
16/01/1990,1430
17/01/1990,1523
18/01/1990,1523
19/01/1990,1523
20/01/1990,1618
21/01/1990,2011
22/01/1990,2400
23/01/1990,2580
24/01/1990,2780
25/01/1990,3208
26/01/1990,4957
27/01/1990,7686
28/01/1990,9215
29/01/1990,9732
30/01/1990,9473
31/01/1990,8494
01/02/1990,6465
02/02/1990,3296
03/02/1990,3252
04/02/1990,2899
05/02/1990,2613
06/02/1990,2368
07/02/1990,2263
08/02/1990,2113
09/02/1990,1896
10/02/1990,1655
11/02/1990,1625
12/02/1990,1611
13/02/1990,1574
14/02/1990,1545
15/02/1990,1501
16/02/1990,1501
17/02/1990,1596
18/02/1990,1880
19/02/1990,2287
20/02/1990,2287
21/02/1990,2089
22/02/1990,1873
23/02/1990,1729
24/02/1990,1670
25/02/1990,1596
26/02/1990,1552
27/02/1990,1530
28/02/1990,1567
01/03/1990,1677
02/03/1990,1789
03/03/1990,1789
04/03/1990,1896
05/03/1990,1996
06/03/1990,1865
07/03/1990,2050
08/03/1990,2113
09/03/1990,1957
10/03/1990,1835
11/03/1990,1942
12/03/1990,2034
13/03/1990,1934
14/03/1990,1819
15/03/1990,1603
16/03/1990,1523
17/03/1990,1509
18/03/1990,1744
19/03/1990,1880
20/03/1990,1759
21/03/1990,1596
22/03/1990,1523
23/03/1990,1494
24/03/1990,1494
25/03/1990,1494
26/03/1990,1465
27/03/1990,1437
28/03/1990,1415
29/03/1990,1444
30/03/1990,1310
31/03/1990,1241
01/04/1990,1172
02/04/1990,1241
03/04/1990,1366
04/04/1990,1530
05/04/1990,1714
06/04/1990,2490
07/04/1990,3122
08/04/1990,4800
09/04/1990,5386
10/04/1990,7718
11/04/1990,9164
12/04/1990,11075
13/04/1990,12034
14/04/1990,10526
15/04/1990,8995
16/04/1990,7813
17/04/1990,8102
18/04/1990,8006
19/04/1990,7065
20/04/1990,6101
21/04/1990,5332
22/04/1990,4416
23/04/1990,3688
24/04/1990,2950
25/04/1990,3122
26/04/1990,3573
27/04/1990,3806
28/04/1990,3841
29/04/1990,3665
30/04/1990,3527
01/05/1990,4229
02/05/1990,10849
03/05/1990,14293
04/05/1990,14293
05/05/1990,11771
06/05/1990,9062
07/05/1990,7156
08/05/1990,5116
09/05/1990,4266
10/05/1990,3390
11/05/1990,3122
12/05/1990,2755
13/05/1990,2482
14/05/1990,2319
15/05/1990,2263
16/05/1990,2207
17/05/1990,2287
18/05/1990,2287
19/05/1990,2192
20/05/1990,2050
21/05/1990,1911
22/05/1990,1819
23/05/1990,1655
24/05/1990,1596
25/05/1990,1545
26/05/1990,1509
27/05/1990,1509
28/05/1990,1509
29/05/1990,1538
30/05/1990,1804
31/05/1990,2287
01/06/1990,3384
02/06/1990,12599
03/06/1990,17031
04/06/1990,22953
05/06/1990,31423
06/06/1990,31515
07/06/1990,31882
08/06/1990,30833
09/06/1990,31836
10/06/1990,33612
11/06/1990,34810
12/06/1990,32159
13/06/1990,26625
14/06/1990,22308
15/06/1990,18183
16/06/1990,13122
17/06/1990,11304
18/06/1990,9404
19/06/1990,8054
20/06/1990,7529
21/06/1990,5468
22/06/1990,5305
23/06/1990,5129
24/06/1990,4930
25/06/1990,4996
26/06/1990,5606
27/06/1990,6087
28/06/1990,5196
29/06/1990,4568
30/06/1990,4479
01/07/1990,4722
02/07/1990,4761
03/07/1990,4735
04/07/1990,4254
05/07/1990,4021
06/07/1990,4241
07/07/1990,4441
08/07/1990,4192
09/07/1990,3925
10/07/1990,3782
11/07/1990,3384
12/07/1990,3217
13/07/1990,3087
14/07/1990,2814
15/07/1990,2663
16/07/1990,2384
17/07/1990,2255
18/07/1990,2050
19/07/1990,2287
20/07/1990,3035
21/07/1990,3573
22/07/1990,4155
23/07/1990,5063
24/07/1990,6115
25/07/1990,5676
26/07/1990,5332
27/07/1990,4735
28/07/1990,4167
29/07/1990,3379
30/07/1990,3174
31/07/1990,2924
01/08/1990,2763
02/08/1990,2564
03/08/1990,2465
04/08/1990,2271
05/08/1990,2176
06/08/1990,2042
07/08/1990,1880
08/08/1990,1797
09/08/1990,1744
10/08/1990,1670
11/08/1990,1581
12/08/1990,1559
13/08/1990,1501
14/08/1990,1437
15/08/1990,1408
16/08/1990,1359
17/08/1990,1359
18/08/1990,1359
19/08/1990,1359
20/08/1990,1317
21/08/1990,1380
22/08/1990,1523
23/08/1990,6613
24/08/1990,8346
25/08/1990,6762
26/08/1990,5063
27/08/1990,3515
28/08/1990,2992
29/08/1990,2696
30/08/1990,2287
31/08/1990,2168
01/09/1990,2613
02/09/1990,2705
03/09/1990,2805
04/09/1990,2655
05/09/1990,2522
06/09/1990,2655
07/09/1990,2772
08/09/1990,3278
09/09/1990,3961
10/09/1990,6087
11/09/1990,8265
12/09/1990,8330
13/09/1990,7065
14/09/1990,6318
15/09/1990,5634
16/09/1990,5816
17/09/1990,8006
18/09/1990,8527
19/09/1990,6465
20/09/1990,5305
21/09/1990,4167
22/09/1990,3665
23/09/1990,4167
24/09/1990,6465
25/09/1990,8760
26/09/1990,10379
27/09/1990,11407
28/09/1990,10774
29/09/1990,9438
30/09/1990,7686
01/10/1990,5264
02/10/1990,4416
03/10/1990,3806
04/10/1990,3688
05/10/1990,3550
06/10/1990,3296
07/10/1990,3200
08/10/1990,3078
09/10/1990,3331
10/10/1990,3447
11/10/1990,4517
12/10/1990,5170
13/10/1990,6762
14/10/1990,9198
15/10/1990,10137
16/10/1990,10379
17/10/1990,12708
18/10/1990,14352
19/10/1990,16742
20/10/1990,18690
21/10/1990,18894
22/10/1990,
23/10/1990,13544
24/10/1990,10089
25/10/1990,8395
26/10/1990,6613
27/10/1990,4996
28/10/1990,4192
29/10/1990,3296
30/10/1990,3296
31/10/1990,3053
01/11/1990,2950
02/11/1990,2967
03/11/1990,3104
04/11/1990,3035
05/11/1990,2730
06/11/1990,2882
07/11/1990,3243
08/11/1990,3384
09/11/1990,3384
10/11/1990,3550
11/11/1990,3723
12/11/1990,3712
13/11/1990,4291
14/11/1990,8265
15/11/1990,10379
16/11/1990,12061
17/11/1990,11640
18/11/1990,10330
19/11/1990,8544
20/11/1990,8070
21/11/1990,6732
22/11/1990,6435
23/11/1990,5468
24/11/1990,5063
25/11/1990,4865
26/11/1990,4416
27/11/1990,3985
28/11/1990,3806
29/11/1990,3515
30/11/1990,3252
01/12/1990,3035
02/12/1990,2449
03/12/1990,2231
04/12/1990,2231
05/12/1990,2066
06/12/1990,1957
07/12/1990,1880
08/12/1990,2207
09/12/1990,2865
10/12/1990,3122
11/12/1990,2984
12/12/1990,2747
13/12/1990,2449
14/12/1990,2271
15/12/1990,2192
16/12/1990,2050
17/12/1990,1857
18/12/1990,3296
19/12/1990,5196
20/12/1990,3515
21/12/1990,2882
22/12/1990,2655
23/12/1990,
24/12/1990,2184
25/12/1990,1926
26/12/1990,1596
27/12/1990,1487
28/12/1990,1241
29/12/1990,1125
30/12/1990,1052
31/12/1990,1076
01/01/1991,1057
02/01/1991,-999
03/01/1991,
04/01/1991,
05/01/1991,-999
06/01/1991,
07/01/1991,1007
08/01/1991,809
09/01/1991,785
10/01/1991,785
11/01/1991,737
12/01/1991,749
13/01/1991,731
14/01/1991,731
15/01/1991,731
16/01/1991,731
17/01/1991,731
18/01/1991,731
19/01/1991,731
20/01/1991,731
21/01/1991,719
22/01/1991,719
23/01/1991,636
24/01/1991,573
25/01/1991,625
26/01/1991,590
27/01/1991,590
28/01/1991,590
29/01/1991,590
30/01/1991,590
31/01/1991,607
01/02/1991,1268
02/02/1991,1857
03/02/1991,2713
04/02/1991,3573
05/02/1991,3122
06/02/1991,2482
07/02/1991,2207
08/02/1991,1744
09/02/1991,1465
10/02/1991,1186
11/02/1991,1145
12/02/1991,1105
13/02/1991,1120
14/02/1991,1044
15/02/1991,1025
16/02/1991,1025
17/02/1991,1025
18/02/1991,1012
19/02/1991,987
20/02/1991,931
21/02/1991,731
22/02/1991,851
23/02/1991,815
24/02/1991,755
25/02/1991,731
26/02/1991,713
27/02/1991,695
28/02/1991,666
01/03/1991,642
02/03/1991,590
03/03/1991,550
04/03/1991,499
05/03/1991,461
06/03/1991,449
07/03/1991,
08/03/1991,
09/03/1991,
10/03/1991,
11/03/1991,
12/03/1991,
13/03/1991,
14/03/1991,
15/03/1991,488
16/03/1991,544
17/03/1991,596
18/03/1991,821
19/03/1991,654
20/03/1991,689
21/03/1991,779
22/03/1991,749
23/03/1991,573
24/03/1991,539
25/03/1991,527
26/03/1991,505
27/03/1991,477
28/03/1991,461
29/03/1991,461
30/03/1991,
31/03/1991,
01/04/1991,
02/04/1991,
03/04/1991,
04/04/1991,321
05/04/1991,300
06/04/1991,326
07/04/1991,275
08/04/1991,270
09/04/1991,265
10/04/1991,290
11/04/1991,300
12/04/1991,321
13/04/1991,368
14/04/1991,461
15/04/1991,461
16/04/1991,461
17/04/1991,461
18/04/1991,379
19/04/1991,395
20/04/1991,461
21/04/1991,505
22/04/1991,579
23/04/1991,550
24/04/1991,695
25/04/1991,994
26/04/1991,1088
27/04/1991,1120
28/04/1991,1199
29/04/1991,1480
30/04/1991,1618
01/05/1991,1480
02/05/1991,1310
03/05/1991,1152
04/05/1991,1107
05/05/1991,994
06/05/1991,994
07/05/1991,981
08/05/1991,919
09/05/1991,761
10/05/1991,660
11/05/1991,613
12/05/1991,573
13/05/1991,516
14/05/1991,494
15/05/1991,619
16/05/1991,1071
17/05/1991,1145
18/05/1991,1057
19/05/1991,851
20/05/1991,767
21/05/1991,550
22/05/1991,516
23/05/1991,631
24/05/1991,779
25/05/1991,987
26/05/1991,1044
27/05/1991,950
28/05/1991,907
29/05/1991,749
30/05/1991,713
31/05/1991,636
01/06/1991,596
02/06/1991,539
03/06/1991,527
04/06/1991,499
05/06/1991,472
06/06/1991,488
07/06/1991,562
08/06/1991,2992
09/06/1991,3458
10/06/1991,3937
11/06/1991,4094
12/06/1991,3165
13/06/1991,2696
14/06/1991,2335
15/06/1991,1896
16/06/1991,1744
17/06/1991,1494
18/06/1991,1338
19/06/1991,1227
20/06/1991,1275
21/06/1991,2160
22/06/1991,3853
23/06/1991,6465
24/06/1991,9079
25/06/1991,10113
26/06/1991,8760
27/06/1991,8248
28/06/1991,7498
29/06/1991,6318
30/06/1991,5523
01/07/1991,4416
02/07/1991,3973
03/07/1991,3806
04/07/1991,3296
05/07/1991,2941
06/07/1991,2907
07/07/1991,2207
08/07/1991,2034
09/07/1991,1782
10/07/1991,1559
11/07/1991,1487
12/07/1991,1444
13/07/1991,1415
14/07/1991,1380
15/07/1991,1494
16/07/1991,2490
17/07/1991,3001
18/07/1991,2671
19/07/1991,2449
20/07/1991,2184
21/07/1991,1957
22/07/1991,1865
23/07/1991,1685
24/07/1991,1552
25/07/1991,1559
26/07/1991,1865
27/07/1991,2176
28/07/1991,2368
29/07/1991,2319
30/07/1991,2255
31/07/1991,2144
01/08/1991,1972
02/08/1991,1926
03/08/1991,1980
04/08/1991,2780
05/08/1991,2950
06/08/1991,2950
07/08/1991,2865
08/08/1991,2531
09/08/1991,2343
10/08/1991,2144
11/08/1991,2073
12/08/1991,2144
13/08/1991,2950
14/08/1991,2992
15/08/1991,3122
16/08/1991,3096
17/08/1991,3018
18/08/1991,2882
19/08/1991,2572
20/08/1991,2482
21/08/1991,2136
22/08/1991,1934
23/08/1991,1804
24/08/1991,1596
25/08/1991,1465
26/08/1991,1373
27/08/1991,1268
28/08/1991,1199
29/08/1991,1125
30/08/1991,1071
31/08/1991,1082
01/09/1991,1031
02/09/1991,962
03/09/1991,950
04/09/1991,1114
05/09/1991,1044
06/09/1991,931
07/09/1991,839
08/09/1991,839
09/09/1991,839
10/09/1991,882
11/09/1991,870
12/09/1991,857
13/09/1991,857
14/09/1991,803
15/09/1991,761
16/09/1991,737
17/09/1991,737
18/09/1991,701
19/09/1991,689
20/09/1991,689
21/09/1991,743
22/09/1991,743
23/09/1991,731
24/09/1991,779
25/09/1991,839
26/09/1991,950
27/09/1991,962
28/09/1991,931
29/09/1991,809
30/09/1991,737
01/10/1991,689
02/10/1991,725
03/10/1991,749
04/10/1991,749
05/10/1991,749
06/10/1991,749
07/10/1991,749
08/10/1991,779
09/10/1991,1095
10/10/1991,1437
11/10/1991,4865
12/10/1991,6173
13/10/1991,5036
14/10/1991,4167
15/10/1991,3191
16/10/1991,2856
17/10/1991,2613
18/10/1991,2457
19/10/1991,2019
20/10/1991,1774
21/10/1991,
22/10/1991,1345
23/10/1991,1227
24/10/1991,1125
25/10/1991,1125
26/10/1991,1098
27/10/1991,1065
28/10/1991,1050
29/10/1991,994
30/10/1991,815
31/10/1991,981
01/11/1991,975
02/11/1991,937
03/11/1991,1057
04/11/1991,1172
05/11/1991,1581
06/11/1991,1934
07/11/1991,1957
08/11/1991,1942
09/11/1991,2605
10/11/1991,2680
11/11/1991,2465
12/11/1991,1988
13/11/1991,1655
14/11/1991,1451
15/11/1991,1345
16/11/1991,1186
17/11/1991,1098
18/11/1991,1101
19/11/1991,1025
20/11/1991,994
21/11/1991,1107
22/11/1991,1310
23/11/1991,1275
24/11/1991,1138
25/11/1991,1044
26/11/1991,962
27/11/1991,962
28/11/1991,994
29/11/1991,937
30/11/1991,833
01/12/1991,833
02/12/1991,833
03/12/1991,767
04/12/1991,725
05/12/1991,719
06/12/1991,719
07/12/1991,719
08/12/1991,642
09/12/1991,607
10/12/1991,590
11/12/1991,590
12/12/1991,590
13/12/1991,619
14/12/1991,672
15/12/1991,1057
16/12/1991,1714
17/12/1991,2287
18/12/1991,2924
19/12/1991,2747
20/12/1991,2680
21/12/1991,2738
22/12/1991,2848
23/12/1991,2588
24/12/1991,2050
25/12/1991,1744
26/12/1991,1589
27/12/1991,1494
28/12/1991,2335
29/12/1991,3688
30/12/1991,4787
31/12/1991,7065
01/01/1992,7529
02/01/1992,5468
03/01/1992,4143
04/01/1992,3527
05/01/1992,2916
06/01/1992,2605
07/01/1992,2490
08/01/1992,2287
09/01/1992,2144
10/01/1992,2003
11/01/1992,1670
12/01/1992,1437
13/01/1992,1282
14/01/1992,1523
15/01/1992,1596
16/01/1992,1380
17/01/1992,1199
18/01/1992,1118
19/01/1992,1120
20/01/1992,1006
21/01/1992,907
22/01/1992,876
23/01/1992,839
24/01/1992,833
25/01/1992,833
26/01/1992,701
27/01/1992,666
28/01/1992,666
29/01/1992,666
30/01/1992,619
31/01/1992,619
01/02/1992,773
02/02/1992,994
03/02/1992,1366
04/02/1992,1523
05/02/1992,1430
06/02/1992,1530
07/02/1992,1919
08/02/1992,3208
09/02/1992,3384
10/02/1992,3096
11/02/1992,2613
12/02/1992,2050
13/02/1992,1896
14/02/1992,1880
15/02/1992,1714
16/02/1992,1729
17/02/1992,1685
18/02/1992,1647
19/02/1992,1581
20/02/1992,1530
21/02/1992,1494
22/02/1992,1538
23/02/1992,1465
24/02/1992,1552
25/02/1992,1625
26/02/1992,1744
27/02/1992,2050
28/02/1992,2805
29/02/1992,3735
01/03/1992,7065
02/03/1992,8038
03/03/1992,7655
04/03/1992,5551
05/03/1992,3688
06/03/1992,3156
07/03/1992,2588
08/03/1992,2207
09/03/1992,2019
10/03/1992,1919
11/03/1992,1744
12/03/1992,1729
13/03/1992,1812
14/03/1992,1782
15/03/1992,1729
16/03/1992,1842
17/03/1992,1957
18/03/1992,2207
19/03/1992,3070
20/03/1992,3156
21/03/1992,2646
22/03/1992,2433
23/03/1992,2113
24/03/1992,1926
25/03/1992,1774
26/03/1992,1759
27/03/1992,1625
28/03/1992,2747
29/03/1992,4229
30/03/1992,5332
31/03/1992,6015
01/04/1992,5223
02/04/1992,4774
03/04/1992,4316
04/04/1992,3070
05/04/1992,2621
06/04/1992,2514
07/04/1992,2152
08/04/1992,1896
09/04/1992,2066
10/04/1992,2176
11/04/1992,2011
12/04/1992,1819
13/04/1992,1714
14/04/1992,2066
15/04/1992,3368
16/04/1992,3747
17/04/1992,3794
18/04/1992,3688
19/04/1992,3243
20/04/1992,3156
21/04/1992,2780
22/04/1992,2613
23/04/1992,2327
24/04/1992,2176
25/04/1992,2263
26/04/1992,2763
27/04/1992,3035
28/04/1992,2950
29/04/1992,2780
30/04/1992,2449
01/05/1992,2105
02/05/1992,1873
03/05/1992,1670
04/05/1992,1501
05/05/1992,1366
06/05/1992,1345
07/05/1992,1567
08/05/1992,1759
09/05/1992,1759
10/05/1992,1759
11/05/1992,1782
12/05/1992,1857
13/05/1992,1896
14/05/1992,2027
15/05/1992,2368
16/05/1992,2805
17/05/1992,3078
18/05/1992,3782
19/05/1992,3619
20/05/1992,3208
21/05/1992,3925
22/05/1992,5523
23/05/1992,5441
24/05/1992,4930
25/05/1992,4722
26/05/1992,6318
27/05/1992,8232
28/05/1992,8660
29/05/1992,8494
30/05/1992,11279
31/05/1992,16172
01/06/1992,20186
02/06/1992,25923
03/06/1992,30293
04/06/1992,31561
05/06/1992,28881
06/06/1992,24990
07/06/1992,20186
08/06/1992,16424
09/06/1992,14410
10/06/1992,9079
11/06/1992,10899
12/06/1992,9475
13/06/1992,8995
14/06/1992,8379
15/06/1992,7989
16/06/1992,7435
17/06/1992,5802
18/06/1992,4800
19/06/1992,4045
20/06/1992,3642
21/06/1992,3261
22/06/1992,2831
23/06/1992,2688
24/06/1992,2822
25/06/1992,2839
26/06/1992,2984
27/06/1992,3596
28/06/1992,4416
29/06/1992,3688
30/06/1992,3122
01/07/1992,2646
02/07/1992,2360
03/07/1992,2984
04/07/1992,9662
05/07/1992,15798
06/07/1992,19727
07/07/1992,20977
08/07/1992,18520
09/07/1992,15860
10/07/1992,13262
11/07/1992,11614
12/07/1992,10233
13/07/1992,8610
14/07/1992,7218
15/07/1992,6043
16/07/1992,4416
17/07/1992,3759
18/07/1992,3607
19/07/1992,3313
20/07/1992,2950
21/07/1992,2907
22/07/1992,2696
23/07/1992,4670
24/07/1992,5103
25/07/1992,4930
26/07/1992,3630
27/07/1992,4229
28/07/1992,2924
29/07/1992,2597
30/07/1992,2303
31/07/1992,2303
01/08/1992,2630
02/08/1992,2531
03/08/1992,2663
04/08/1992,2941
05/08/1992,3035
06/08/1992,3278
07/08/1992,3759
08/08/1992,3642
09/08/1992,3504
10/08/1992,3208
11/08/1992,3061
12/08/1992,5718
13/08/1992,3174
14/08/1992,3550
15/08/1992,4670
16/08/1992,7065
17/08/1992,8006
18/08/1992,7404
19/08/1992,5887
20/08/1992,4542
21/08/1992,3806
22/08/1992,3139
23/08/1992,2580
24/08/1992,2797
25/08/1992,2780
26/08/1992,2763
27/08/1992,2763
28/08/1992,3018
29/08/1992,3331
30/08/1992,3278
31/08/1992,2984
01/09/1992,2696
02/09/1992,2368
03/09/1992,2433
04/09/1992,2482
05/09/1992,3550
06/09/1992,5063
07/09/1992,5718
08/09/1992,5579
09/09/1992,4542
10/09/1992,3665
11/09/1992,3087
12/09/1992,2747
13/09/1992,2327
14/09/1992,2176
15/09/1992,3035
16/09/1992,3596
17/09/1992,3390
18/09/1992,3122
19/09/1992,2865
20/09/1992,2680
21/09/1992,2663
22/09/1992,3018
23/09/1992,3642
24/09/1992,3688
25/09/1992,3331
26/09/1992,3296
27/09/1992,3759
28/09/1992,4353
29/09/1992,6777
30/09/1992,8827
01/10/1992,8232
02/10/1992,6318
03/10/1992,4517
04/10/1992,3349
05/10/1992,2967
06/10/1992,3208
07/10/1992,
08/10/1992,2303
09/10/1992,2168
10/10/1992,2050
11/10/1992,1949
12/10/1992,1819
13/10/1992,1670
14/10/1992,1538
15/10/1992,1437
16/10/1992,1338
17/10/1992,1241
18/10/1992,1193
19/10/1992,
20/10/1992,1234
21/10/1992,1268
22/10/1992,1338
23/10/1992,1759
24/10/1992,2019
25/10/1992,1896
26/10/1992,1767
27/10/1992,2992
28/10/1992,5468
29/10/1992,5958
30/10/1992,5816
31/10/1992,6216
01/11/1992,7592
02/11/1992,8428
03/11/1992,6702
04/11/1992,4904
05/11/1992,3538
06/11/1992,3270
07/11/1992,3413
08/11/1992,5305
09/11/1992,5718
10/11/1992,4800
11/11/1992,3770
12/11/1992,3078
13/11/1992,2613
14/11/1992,2352
15/11/1992,2121
16/11/1992,1965
17/11/1992,1819
18/11/1992,1744
19/11/1992,1865
20/11/1992,2343
21/11/1992,2449
22/11/1992,2231
23/11/1992,1949
24/11/1992,1670
25/11/1992,1494
26/11/1992,1380
27/11/1992,1324
28/11/1992,1538
29/11/1992,2738
30/11/1992,3243
01/12/1992,3243
02/12/1992,2950
03/12/1992,2597
04/12/1992,2368
05/12/1992,3296
06/12/1992,3296
07/12/1992,2865
08/12/1992,2449
09/12/1992,2097
10/12/1992,1865
11/12/1992,1707
12/12/1992,1538
13/12/1992,1380
14/12/1992,1261
15/12/1992,1186
16/12/1992,1145
17/12/1992,1098
18/12/1992,1120
19/12/1992,1118
20/12/1992,1138
21/12/1992,1105
22/12/1992,1401
23/12/1992,1774
24/12/1992,1729
25/12/1992,1480
26/12/1992,1310
27/12/1992,1159
28/12/1992,1107
29/12/1992,994
30/12/1992,981
31/12/1992,994
01/01/1993,962
02/01/1993,900
03/01/1993,894
04/01/1993,839
05/01/1993,809
06/01/1993,809
07/01/1993,839
08/01/1993,701
09/01/1993,857
10/01/1993,851
11/01/1993,1132
12/01/1993,1159
13/01/1993,1145
14/01/1993,1145
15/01/1993,1120
16/01/1993,994
17/01/1993,1052
18/01/1993,1380
19/01/1993,1782
20/01/1993,2050
21/01/1993,2207
22/01/1993,2498
23/01/1993,2605
24/01/1993,2621
25/01/1993,2531
26/01/1993,2223
27/01/1993,1850
28/01/1993,1574
29/01/1993,1633
30/01/1993,2384
31/01/1993,3504
01/02/1993,4774
02/02/1993,4800
03/02/1993,4229
04/02/1993,3458
05/02/1993,2967
06/02/1993,2638
07/02/1993,2449
08/02/1993,
09/02/1993,2449
10/02/1993,2255
11/02/1993,2763
12/02/1993,3770
13/02/1993,3226
14/02/1993,2564
15/02/1993,2128
16/02/1993,1774
17/02/1993,1523
18/02/1993,1380
19/02/1993,1380
20/02/1993,1317
21/02/1993,1241
22/02/1993,1310
23/02/1993,1581
24/02/1993,1596
25/02/1993,1685
26/02/1993,1744
27/02/1993,1896
28/02/1993,1957
01/03/1993,2066
02/03/1993,1888
03/03/1993,1670
04/03/1993,1552
05/03/1993,1444
06/03/1993,1352
07/03/1993,1324
08/03/1993,1415
09/03/1993,1552
10/03/1993,2680
11/03/1993,4957
12/03/1993,6260
13/03/1993,6524
14/03/1993,6260
15/03/1993,5468
16/03/1993,4542
17/03/1993,3712
18/03/1993,2882
19/03/1993,2368
20/03/1993,2319
21/03/1993,2089
22/03/1993,1804
23/03/1993,1633
24/03/1993,1523
25/03/1993,1501
26/03/1993,1567
27/03/1993,1574
28/03/1993,1559
29/03/1993,1559
30/03/1993,1699
31/03/1993,1670
01/04/1993,1538
02/04/1993,1415
03/04/1993,1310
04/04/1993,1296
05/04/1993,1310
06/04/1993,1324
07/04/1993,1317
08/04/1993,1596
09/04/1993,1596
10/04/1993,1487
11/04/1993,1408
12/04/1993,1373
13/04/1993,1473
14/04/1993,1501
15/04/1993,1437
16/04/1993,1380
17/04/1993,1373
18/04/1993,1338
19/04/1993,1261
20/04/1993,1227
21/04/1993,1138
22/04/1993,1052
23/04/1993,1006
24/04/1993,987
25/04/1993,1172
26/04/1993,1199
27/04/1993,1071
28/04/1993,1057
29/04/1993,1057
30/04/1993,1120
01/05/1993,1172
02/05/1993,1324
03/05/1993,1310
04/05/1993,1186
05/05/1993,1394
06/05/1993,1408
07/05/1993,1132
08/05/1993,1165
09/05/1993,1172
10/05/1993,1289
11/05/1993,2089
12/05/1993,2597
13/05/1993,2865
14/05/1993,3078
15/05/1993,3331
16/05/1993,3925
17/05/1993,4696
18/05/1993,6717
19/05/1993,6807
20/05/1993,6029
21/05/1993,4606
22/05/1993,3447
23/05/1993,2780
24/05/1993,2368
25/05/1993,2058
26/05/1993,1842
27/05/1993,1677
28/05/1993,1559
29/05/1993,1552
30/05/1993,1465
31/05/1993,1387
01/06/1993,1380
02/06/1993,1408
03/06/1993,1480
04/06/1993,1934
05/06/1993,2514
06/06/1993,2865
07/06/1993,3174
08/06/1993,5400
09/06/1993,8265
10/06/1993,8135
11/06/1993,7034
12/06/1993,5816
13/06/1993,4619
14/06/1993,3538
15/06/1993,3010
16/06/1993,2597
17/06/1993,2352
18/06/1993,3313
19/06/1993,3313
20/06/1993,3226
21/06/1993,3390
22/06/1993,4094
23/06/1993,3901
24/06/1993,3349
25/06/1993,2992
26/06/1993,2730
27/06/1993,2433
28/06/1993,2207
29/06/1993,2042
30/06/1993,2003
01/07/1993,1972
02/07/1993,1926
03/07/1993,1880
04/07/1993,1774
05/07/1993,1744
06/07/1993,2034
07/07/1993,6717
08/07/1993,11902
09/07/1993,15705
10/07/1993,18250
11/07/1993,17618
12/07/1993,15005
13/07/1993,11640
14/07/1993,8494
15/07/1993,8102
16/07/1993,8022
17/07/1993,7639
18/07/1993,6494
19/07/1993,5373
20/07/1993,4593
21/07/1993,4378
22/07/1993,4441
23/07/1993,4542
24/07/1993,4291
25/07/1993,3665
26/07/1993,3261
27/07/1993,3001
28/07/1993,2713
29/07/1993,2514
30/07/1993,2498
31/07/1993,2580
01/08/1993,2613
02/08/1993,2539
03/08/1993,2441
04/08/1993,2747
05/08/1993,2941
06/08/1993,2789
07/08/1993,2514
08/08/1993,2287
09/08/1993,2066
10/08/1993,1965
11/08/1993,1819
12/08/1993,1640
13/08/1993,1574
14/08/1993,1516
15/08/1993,1444
16/08/1993,1387
17/08/1993,
18/08/1993,1345
19/08/1993,1380
20/08/1993,1359
21/08/1993,1275
22/08/1993,1247
23/08/1993,1234
24/08/1993,1186
25/08/1993,1179
26/08/1993,1152
27/08/1993,1111
28/08/1993,1111
29/08/1993,1058
30/08/1993,1058
31/08/1993,1045
01/09/1993,1120
02/09/1993,1057
03/09/1993,1019
04/09/1993,1006
05/09/1993,994
06/09/1993,956
07/09/1993,956
08/09/1993,931
09/09/1993,950
10/09/1993,950
11/09/1993,900
12/09/1993,870
13/09/1993,845
14/09/1993,833
15/09/1993,809
16/09/1993,809
17/09/1993,791
18/09/1993,779
19/09/1993,743
20/09/1993,743
21/09/1993,876
22/09/1993,1145
23/09/1993,1670
24/09/1993,1850
25/09/1993,2547
26/09/1993,4529
27/09/1993,6001
28/09/1993,6583
29/09/1993,6115
30/09/1993,5196
01/10/1993,3973
02/10/1993,4722
03/10/1993,5972
04/10/1993,8827
05/10/1993,9352
06/10/1993,9803
07/10/1993,10575
08/10/1993,10257
09/10/1993,9993
10/10/1993,9267
11/10/1993,7782
12/10/1993,5830
13/10/1993,4366
14/10/1993,3550
15/10/1993,2449
16/10/1993,3018
17/10/1993,2705
18/10/1993,2531
19/10/1993,2319
20/10/1993,2335
21/10/1993,2822
22/10/1993,3087
23/10/1993,3384
24/10/1993,3712
25/10/1993,3677
26/10/1993,3458
27/10/1993,3208
28/10/1993,3035
29/10/1993,2933
30/10/1993,3174
31/10/1993,3340
01/11/1993,3139
02/11/1993,2831
03/11/1993,2738
04/11/1993,2831
05/11/1993,2950
06/11/1993,2797
07/11/1993,2663
08/11/1993,2473
09/11/1993,2287
10/11/1993,2207
11/11/1993,2514
12/11/1993,2368
13/11/1993,2152
14/11/1993,2027
15/11/1993,2490
16/11/1993,2416
17/11/1993,3104
18/11/1993,3877
19/11/1993,4606
20/11/1993,5250
21/11/1993,5510
22/11/1993,5537
23/11/1993,5277
24/11/1993,4542
25/11/1993,3469
26/11/1993,2696
27/11/1993,2368
28/11/1993,2128
29/11/1993,2058
30/11/1993,1942
01/12/1993,1729
02/12/1993,1759
03/12/1993,2449
04/12/1993,2564
05/12/1993,1957
06/12/1993,2144
07/12/1993,2514
08/12/1993,3492
09/12/1993,4479
10/12/1993,4891
11/12/1993,7187
12/12/1993,8346
13/12/1993,8248
14/12/1993,7311
15/12/1993,6029
16/12/1993,4735
17/12/1993,3747
18/12/1993,3379
19/12/1993,3200
20/12/1993,3122
21/12/1993,3182
22/12/1993,2984
23/12/1993,2638
24/12/1993,2287
25/12/1993,2019
26/12/1993,1835
27/12/1993,1655
28/12/1993,1552
29/12/1993,1451
30/12/1993,1394
31/12/1993,1338
01/01/1994,1261
02/01/1994,1227
03/01/1994,1193
04/01/1994,1159
05/01/1994,1261
06/01/1994,1331
07/01/1994,1275
08/01/1994,1179
09/01/1994,1105
10/01/1994,1120
11/01/1994,1050
12/01/1994,1006
13/01/1994,1000
14/01/1994,994
15/01/1994,925
16/01/1994,925
17/01/1994,1000
18/01/1994,1058
19/01/1994,1076
20/01/1994,987
21/01/1994,913
22/01/1994,864
23/01/1994,803
24/01/1994,773
25/01/1994,809
26/01/1994,975
27/01/1994,1289
28/01/1994,1611
29/01/1994,1618
30/01/1994,1366
31/01/1994,1152
01/02/1994,1050
02/02/1994,975
03/02/1994,894
04/02/1994,1101
05/02/1994,1275
06/02/1994,1465
07/02/1994,1699
08/02/1994,1707
09/02/1994,1589
10/02/1994,1523
11/02/1994,1408
12/02/1994,1670
13/02/1994,2433
14/02/1994,2696
15/02/1994,2747
16/02/1994,4045
17/02/1994,6837
18/02/1994,8726
19/02/1994,9568
20/02/1994,10824
21/02/1994,11253
22/02/1994,11876
23/02/1994,11797
24/02/1994,10575
25/02/1994,10649
26/02/1994,9662
27/02/1994,8626
28/02/1994,8412
01/03/1994,8135
02/03/1994,7019
03/03/1994,5606
04/03/1994,4391
05/03/1994,3949
06/03/1994,3794
07/03/1994,3492
08/03/1994,3139
09/03/1994,2780
10/03/1994,2482
11/03/1994,2184
12/03/1994,2050
13/03/1994,2368
14/03/1994,2696
15/03/1994,2433
16/03/1994,2207
17/03/1994,2081
18/03/1994,1911
19/03/1994,1744
20/03/1994,1625
21/03/1994,1559
22/03/1994,1473
23/03/1994,1501
24/03/1994,1451
25/03/1994,1380
26/03/1994,1415
27/03/1994,1640
28/03/1994,1538
29/03/1994,1359
30/03/1994,1303
31/03/1994,1444
01/04/1994,1552
02/04/1994,1523
03/04/1994,1415
04/04/1994,1282
05/04/1994,1172
06/04/1994,1098
07/04/1994,1044
08/04/1994,1052
09/04/1994,1611
10/04/1994,1880
11/04/1994,1919
12/04/1994,1789
13/04/1994,1596
14/04/1994,1380
15/04/1994,1234
16/04/1994,1138
17/04/1994,1078
18/04/1994,1044
19/04/1994,994
20/04/1994,994
21/04/1994,913
22/04/1994,969
23/04/1994,907
24/04/1994,987
25/04/1994,1118
26/04/1994,3174
27/04/1994,6231
28/04/1994,7750
29/04/1994,8006
30/04/1994,7686
01/05/1994,7925
02/05/1994,6943
03/05/1994,5332
04/05/1994,3865
05/05/1994,3243
06/05/1994,3174
07/05/1994,3165
08/05/1994,2967
09/05/1994,2688
10/05/1994,2368
11/05/1994,2239
12/05/1994,2239
13/05/1994,2223
14/05/1994,2200
15/05/1994,2176
16/05/1994,2572
17/05/1994,4021
18/05/1994,4878
19/05/1994,4229
20/05/1994,3458
21/05/1994,2984
22/05/1994,2780
23/05/1994,2555
24/05/1994,2376
25/05/1994,2192
26/05/1994,2081
27/05/1994,2950
28/05/1994,6101
29/05/1994,7513
30/05/1994,7909
31/05/1994,8200
01/06/1994,8248
02/06/1994,8183
03/06/1994,8281
04/06/1994,8511
05/06/1994,8626
06/06/1994,8494
07/06/1994,8006
08/06/1994,7734
09/06/1994,8102
10/06/1994,8167
11/06/1994,7973
12/06/1994,7342
13/06/1994,6173
14/06/1994,5089
15/06/1994,4106
16/06/1994,3492
17/06/1994,3078
18/06/1994,2873
19/06/1994,2680
20/06/1994,2514
21/06/1994,2449
22/06/1994,3104
23/06/1994,5036
24/06/1994,6406
25/06/1994,8726
26/06/1994,8577
27/06/1994,7065
28/06/1994,6029
29/06/1994,5746
30/06/1994,5746
01/07/1994,5223
02/07/1994,4391
03/07/1994,3997
04/07/1994,5887
05/07/1994,8776
06/07/1994,10551
07/07/1994,13262
08/07/1994,15829
09/07/1994,17916
10/07/1994,19239
11/07/1994,19135
12/07/1994,17421
13/07/1994,15155
14/07/1994,12599
15/07/1994,9475
16/07/1994,7750
17/07/1994,6173
18/07/1994,4930
19/07/1994,4131
20/07/1994,3573
21/07/1994,3208
22/07/1994,2933
23/07/1994,2721
24/07/1994,2797
25/07/1994,2975
26/07/1994,2831
27/07/1994,2755
28/07/1994,2730
29/07/1994,2780
30/07/1994,3997
31/07/1994,6672
01/08/1994,6913
02/08/1994,6029
03/08/1994,5196
04/08/1994,4568
05/08/1994,4057
06/08/1994,3550
07/08/1994,3122
08/08/1994,2814
09/08/1994,2613
10/08/1994,2433
11/08/1994,2368
12/08/1994,2514
13/08/1994,2572
14/08/1994,2473
15/08/1994,2319
16/08/1994,2160
17/08/1994,2034
18/08/1994,2066
19/08/1994,2058
20/08/1994,2011
21/08/1994,1942
22/08/1994,1759
23/08/1994,1625
24/08/1994,1552
25/08/1994,1494
26/08/1994,1380
27/08/1994,1282
28/08/1994,1186
29/08/1994,1186
30/08/1994,1145
31/08/1994,1132
01/09/1994,1118
02/09/1994,1098
03/09/1994,1114
04/09/1994,1045
05/09/1994,1057
06/09/1994,1031
07/09/1994,379
08/09/1994,
09/09/1994,931
10/09/1994,994
11/09/1994,994
12/09/1994,975
13/09/1994,666
14/09/1994,1038
15/09/1994,1091
16/09/1994,2105
17/09/1994,4180
18/09/1994,6913
19/09/1994,8626
20/09/1994,8070
21/09/1994,6494
22/09/1994,4416
23/09/1994,3165
24/09/1994,2531
25/09/1994,2073
26/09/1994,1865
27/09/1994,1640
28/09/1994,1480
29/09/1994,1373
30/09/1994,1275
01/10/1994,1241
02/10/1994,1165
03/10/1994,1199
04/10/1994,1213
05/10/1994,1625
06/10/1994,2814
07/10/1994,3806
08/10/1994,4341
09/10/1994,4057
10/10/1994,3384
11/10/1994,2797
12/10/1994,2335
13/10/1994,2066
14/10/1994,1797
15/10/1994,1774
16/10/1994,2207
17/10/1994,2522
18/10/1994,2630
19/10/1994,2555
20/10/1994,2303
21/10/1994,2400
22/10/1994,4106
23/10/1994,8660
24/10/1994,12194
25/10/1994,13374
26/10/1994,13262
27/10/1994,12274
28/10/1994,11356
29/10/1994,9708
30/10/1994,8478
31/10/1994,6822
01/11/1994,5170
02/11/1994,3913
03/11/1994,3384
04/11/1994,3122
05/11/1994,3296
06/11/1994,4143
07/11/1994,5223
08/11/1994,6420
09/11/1994,8151
10/11/1994,10477
11/11/1994,12194
12/11/1994,11614
13/11/1994,9993
14/11/1994,8894
15/11/1994,7766
16/11/1994,6377
17/11/1994,6377
18/11/1994,4391
19/11/1994,4155
20/11/1994,3688
21/11/1994,3538
22/11/1994,3515
23/11/1994,3515
24/11/1994,3349
25/11/1994,3035
26/11/1994,2747
27/11/1994,2473
28/11/1994,2239
29/11/1994,2058
30/11/1994,1896
01/12/1994,1774
02/12/1994,1744
03/12/1994,1670
04/12/1994,1819
05/12/1994,1919
06/12/1994,2097
07/12/1994,2231
08/12/1994,2848
09/12/1994,2984
10/12/1994,2805
11/12/1994,2207
12/12/1994,2050
13/12/1994,1812
14/12/1994,1611
15/12/1994,1451
16/12/1994,1345
17/12/1994,1268
18/12/1994,1254
19/12/1994,1220
20/12/1994,1359
21/12/1994,1559
22/12/1994,1692
23/12/1994,1827
24/12/1994,1729
25/12/1994,1662
26/12/1994,1530
27/12/1994,1380
28/12/1994,1241
29/12/1994,1159
30/12/1994,1172
31/12/1994,1220
01/01/1995,1261
02/01/1995,1819
03/01/1995,2506
04/01/1995,2899
05/01/1995,3630
06/01/1995,3469
07/01/1995,3191
08/01/1995,3053
09/01/1995,3053
10/01/1995,3322
11/01/1995,3357
12/01/1995,3712
13/01/1995,4944
14/01/1995,6087
15/01/1995,5901
16/01/1995,5010
17/01/1995,4416
18/01/1995,4555
19/01/1995,5264
20/01/1995,5944
21/01/1995,5915
22/01/1995,5441
23/01/1995,4957
24/01/1995,4568
25/01/1995,4517
26/01/1995,4106
27/01/1995,3550
28/01/1995,3087
29/01/1995,2763
30/01/1995,2465
31/01/1995,2223
01/02/1995,2066
02/02/1995,1957
03/02/1995,1957
04/02/1995,2019
05/02/1995,1926
06/02/1995,2121
07/02/1995,2207
08/02/1995,2113
09/02/1995,2027
10/02/1995,1965
11/02/1995,1942
12/02/1995,1857
13/02/1995,1744
14/02/1995,1670
15/02/1995,1655
16/02/1995,1523
17/02/1995,1458
18/02/1995,1465
19/02/1995,1465
20/02/1995,1480
21/02/1995,1458
22/02/1995,1487
23/02/1995,1458
24/02/1995,1338
25/02/1995,1254
26/02/1995,1423
27/02/1995,1596
28/02/1995,1670
01/03/1995,1618
02/03/1995,1729
03/03/1995,1957
04/03/1995,2058
05/03/1995,2327
06/03/1995,2831
07/03/1995,3104
08/03/1995,3122
09/03/1995,3018
10/03/1995,2890
11/03/1995,2984
12/03/1995,3296
13/03/1995,3261
14/03/1995,2730
15/03/1995,2327
16/03/1995,1972
17/03/1995,1714
18/03/1995,1545
19/03/1995,1415
20/03/1995,1289
21/03/1995,1159
22/03/1995,1071
23/03/1995,1038
24/03/1995,994
25/03/1995,1057
26/03/1995,1227
27/03/1995,1670
28/03/1995,1744
29/03/1995,1707
30/03/1995,1552
31/03/1995,1338
01/04/1995,1172
02/04/1995,1120
03/04/1995,1415
04/04/1995,1685
05/04/1995,1523
06/04/1995,1423
07/04/1995,1380
08/04/1995,1289
09/04/1995,1159
10/04/1995,1098
11/04/1995,1107
12/04/1995,1057
13/04/1995,925
14/04/1995,876
15/04/1995,833
16/04/1995,833
17/04/1995,809
18/04/1995,839
19/04/1995,894
20/04/1995,956
21/04/1995,962
22/04/1995,1078
23/04/1995,1268
24/04/1995,2303
25/04/1995,2705
26/04/1995,2279
27/04/1995,1880
28/04/1995,1633
29/04/1995,1401
30/04/1995,1227
01/05/1995,1091
02/05/1995,1095
03/05/1995,1031
04/05/1995,1044
05/05/1995,931
06/05/1995,797
07/05/1995,821
08/05/1995,845
09/05/1995,882
10/05/1995,900
11/05/1995,913
12/05/1995,809
13/05/1995,779
14/05/1995,749
15/05/1995,749
16/05/1995,857
17/05/1995,994
18/05/1995,1050
19/05/1995,937
20/05/1995,821
21/05/1995,743
22/05/1995,743
23/05/1995,725
24/05/1995,672
25/05/1995,642
26/05/1995,602
27/05/1995,562
28/05/1995,527
29/05/1995,516
30/05/1995,505
31/05/1995,505
01/06/1995,483
02/06/1995,461
03/06/1995,461
04/06/1995,449
05/06/1995,433
06/06/1995,417
07/06/1995,395
08/06/1995,379
09/06/1995,275
10/06/1995,379
11/06/1995,422
12/06/1995,556
13/06/1995,1145
14/06/1995,2368
15/06/1995,2933
16/06/1995,2763
17/06/1995,2490
18/06/1995,2128
19/06/1995,1774
20/06/1995,1509
21/06/1995,1310
22/06/1995,1206
23/06/1995,1132
24/06/1995,1098
25/06/1995,1120
26/06/1995,1107
27/06/1995,1069
28/06/1995,1038
29/06/1995,1095
30/06/1995,1437
01/07/1995,1819
02/07/1995,2547
03/07/1995,3200
04/07/1995,3261
05/07/1995,3070
06/07/1995,2638
07/07/1995,2231
08/07/1995,1972
09/07/1995,1819
10/07/1995,1842
11/07/1995,1903
12/07/1995,1896
13/07/1995,1888
14/07/1995,2034
15/07/1995,1972
16/07/1995,1789
17/07/1995,1647
18/07/1995,1545
19/07/1995,1451
20/07/1995,1423
21/07/1995,1559
22/07/1995,1670
23/07/1995,1789
24/07/1995,2003
25/07/1995,2449
26/07/1995,3001
27/07/1995,2822
28/07/1995,2433
29/07/1995,2089
30/07/1995,1911
31/07/1995,2066
01/08/1995,2176
02/08/1995,2176
03/08/1995,2113
04/08/1995,2113
05/08/1995,2498
06/08/1995,2531
07/08/1995,2433
08/08/1995,2384
09/08/1995,2449
10/08/1995,2572
11/08/1995,2696
12/08/1995,2368
13/08/1995,2097
14/08/1995,2128
15/08/1995,2121
16/08/1995,2042
17/08/1995,1934
18/08/1995,1729
19/08/1995,1603
20/08/1995,1451
21/08/1995,1408
22/08/1995,1473
23/08/1995,2239
24/08/1995,2950
25/08/1995,2848
26/08/1995,2506
27/08/1995,2176
28/08/1995,1804
29/08/1995,1655
30/08/1995,1538
31/08/1995,1387
01/09/1995,1254
02/09/1995,1138
03/09/1995,1065
04/09/1995,1057
05/09/1995,994
06/09/1995,956
07/09/1995,882
08/09/1995,851
09/09/1995,821
10/09/1995,749
11/09/1995,785
12/09/1995,737
13/09/1995,731
14/09/1995,666
15/09/1995,666
16/09/1995,719
17/09/1995,791
18/09/1995,931
19/09/1995,894
20/09/1995,803
21/09/1995,851
22/09/1995,797
23/09/1995,725
24/09/1995,725
25/09/1995,713
26/09/1995,677
27/09/1995,689
28/09/1995,2335
29/09/1995,6717
30/09/1995,8412
01/10/1995,9473
02/10/1995,9507
03/10/1995,8544
04/10/1995,6583
05/10/1995,4996
06/10/1995,4328
07/10/1995,6479
08/10/1995,9404
09/10/1995,12194
10/10/1995,12983
11/10/1995,11614
12/10/1995,8743
13/10/1995,6973
14/10/1995,5089
15/10/1995,3782
16/10/1995,3287
17/10/1995,3504
18/10/1995,4366
19/10/1995,4416
20/10/1995,3782
21/10/1995,3226
22/10/1995,2755
23/10/1995,2424
24/10/1995,2176
25/10/1995,2066
26/10/1995,2027
27/10/1995,2113
28/10/1995,2113
29/10/1995,2034
30/10/1995,2081
31/10/1995,2408
01/11/1995,3384
02/11/1995,3677
03/11/1995,3357
04/11/1995,2907
05/11/1995,2482
06/11/1995,2160
07/11/1995,1903
08/11/1995,1655
09/11/1995,1567
10/11/1995,1437
11/11/1995,1366
12/11/1995,1275
13/11/1995,1206
14/11/1995,1125
15/11/1995,1078
16/11/1995,1045
17/11/1995,1098
18/11/1995,1138
19/11/1995,1199
20/11/1995,1352
21/11/1995,1430
22/11/1995,1338
23/11/1995,1234
24/11/1995,1159
25/11/1995,1114
26/11/1995,1038
27/11/1995,1019
28/11/1995,994
29/11/1995,919
30/11/1995,839
01/12/1995,761
02/12/1995,761
03/12/1995,749
04/12/1995,683
05/12/1995,666
06/12/1995,666
07/12/1995,660
08/12/1995,631
09/12/1995,683
10/12/1995,660
11/12/1995,636
12/12/1995,631
13/12/1995,602
14/12/1995,602
15/12/1995,567
16/12/1995,550
17/12/1995,516
18/12/1995,511
19/12/1995,539
20/12/1995,539
21/12/1995,522
22/12/1995,522
23/12/1995,472
24/12/1995,516
25/12/1995,505
26/12/1995,505
27/12/1995,533
28/12/1995,550
29/12/1995,562
30/12/1995,607
31/12/1995,677
01/01/1996,701
02/01/1996,1138
03/01/1996,1530
04/01/1996,1552
05/01/1996,1458
06/01/1996,1247
07/01/1996,1088
08/01/1996,969
09/01/1996,809
10/01/1996,749
11/01/1996,761
12/01/1996,713
13/01/1996,737
14/01/1996,701
15/01/1996,749
16/01/1996,731
17/01/1996,713
18/01/1996,779
19/01/1996,950
20/01/1996,1338
21/01/1996,2352
22/01/1996,4266
23/01/1996,4416
24/01/1996,3573
25/01/1996,3001
26/01/1996,2663
27/01/1996,2580
28/01/1996,2605
29/01/1996,2696
30/01/1996,2839
31/01/1996,3270
01/02/1996,4021
02/02/1996,4944
03/02/1996,5156
04/02/1996,4813
05/02/1996,4391
06/02/1996,3806
07/02/1996,3313
08/02/1996,3182
09/02/1996,3261
10/02/1996,4106
11/02/1996,5676
12/02/1996,7845
13/02/1996,8995
14/02/1996,9756
15/02/1996,9850
16/02/1996,9130
17/02/1996,8054
18/02/1996,6435
19/02/1996,5076
20/02/1996,4216
21/02/1996,3712
22/02/1996,3165
23/02/1996,2696
24/02/1996,2506
25/02/1996,2327
26/02/1996,2873
27/02/1996,3226
28/02/1996,2933
29/02/1996,2907
01/03/1996,2780
02/03/1996,2705
03/03/1996,2539
04/03/1996,2279
05/03/1996,2780
06/03/1996,2933
07/03/1996,3010
08/03/1996,3078
09/03/1996,2882
10/03/1996,2680
11/03/1996,2498
12/03/1996,2400
13/03/1996,2168
14/03/1996,2019
15/03/1996,1926
16/03/1996,1804
17/03/1996,1655
18/03/1996,1523
19/03/1996,1444
20/03/1996,1437
21/03/1996,1415
22/03/1996,1408
23/03/1996,1538
24/03/1996,1559
25/03/1996,1465
26/03/1996,1487
27/03/1996,1640
28/03/1996,1640
29/03/1996,1567
30/03/1996,1509
31/03/1996,1494
01/04/1996,1670
02/04/1996,2113
03/04/1996,2646
04/04/1996,4106
05/04/1996,5156
06/04/1996,5887
07/04/1996,5593
08/04/1996,5277
09/04/1996,4904
10/04/1996,4542
11/04/1996,4403
12/04/1996,3925
13/04/1996,3322
14/04/1996,2848
15/04/1996,2506
16/04/1996,2352
17/04/1996,2223
18/04/1996,2058
19/04/1996,1835
20/04/1996,1670
21/04/1996,1254
22/04/1996,1494
23/04/1996,1437
24/04/1996,1394
25/04/1996,1310
26/04/1996,1296
27/04/1996,1538
28/04/1996,1501
29/04/1996,1394
30/04/1996,1289
01/05/1996,1172
02/05/1996,1085
03/05/1996,1107
04/05/1996,1044
05/05/1996,1000
06/05/1996,1000
07/05/1996,1000
08/05/1996,994
09/05/1996,379
10/05/1996,925
11/05/1996,925
12/05/1996,870
13/05/1996,809
14/05/1996,809
15/05/1996,791
16/05/1996,731
17/05/1996,731
18/05/1996,725
19/05/1996,666
20/05/1996,636
21/05/1996,636
22/05/1996,619
23/05/1996,619
24/05/1996,619
25/05/1996,607
26/05/1996,631
27/05/1996,631
28/05/1996,613
29/05/1996,579
30/05/1996,579
31/05/1996,579
01/06/1996,579
02/06/1996,579
03/06/1996,761
04/06/1996,925
05/06/1996,1065
06/06/1996,1114
07/06/1996,1057
08/06/1996,1025
09/06/1996,1025
10/06/1996,1012
11/06/1996,937
12/06/1996,864
13/06/1996,737
14/06/1996,683
15/06/1996,613
16/06/1996,613
17/06/1996,573
18/06/1996,573
19/06/1996,573
20/06/1996,785
21/06/1996,1310
22/06/1996,2384
23/06/1996,3435
24/06/1996,3492
25/06/1996,3035
26/06/1996,2613
27/06/1996,2319
28/06/1996,2207
29/06/1996,2287
30/06/1996,3384
01/07/1996,5023
02/07/1996,6362
03/07/1996,6043
04/07/1996,4670
05/07/1996,3806
06/07/1996,3078
07/07/1996,2696
08/07/1996,2352
09/07/1996,2207
10/07/1996,2352
11/07/1996,4291
12/07/1996,7529
13/07/1996,9507
14/07/1996,10137
15/07/1996,8793
16/07/1996,6852
17/07/1996,5089
18/07/1996,3865
19/07/1996,3191
20/07/1996,2780
21/07/1996,2506
22/07/1996,2303
23/07/1996,2144
24/07/1996,1972
25/07/1996,1819
26/07/1996,1888
27/07/1996,2255
28/07/1996,2097
29/07/1996,1850
30/07/1996,1662
31/07/1996,1581
01/08/1996,1509
02/08/1996,1509
03/08/1996,1538
04/08/1996,1523
05/08/1996,1401
06/08/1996,1310
07/08/1996,1261
08/08/1996,1206
09/08/1996,1152
10/08/1996,1125
11/08/1996,1186
12/08/1996,1380
13/08/1996,2019
14/08/1996,4045
15/08/1996,5662
16/08/1996,5196
17/08/1996,4670
18/08/1996,6260
19/08/1996,8070
20/08/1996,7845
21/08/1996,6101
22/08/1996,4416
23/08/1996,3296
24/08/1996,2822
25/08/1996,2498
26/08/1996,2207
27/08/1996,2034
28/08/1996,1880
29/08/1996,1767
30/08/1996,1655
31/08/1996,1611
01/09/1996,1567
02/09/1996,1767
03/09/1996,3122
04/09/1996,5887
05/09/1996,7529
06/09/1996,7529
07/09/1996,6613
08/09/1996,5332
09/09/1996,4542
10/09/1996,4070
11/09/1996,3384
12/09/1996,3139
13/09/1996,3806
14/09/1996,4155
15/09/1996,3925
16/09/1996,3208
17/09/1996,2865
18/09/1996,2547
19/09/1996,2287
20/09/1996,2121
21/09/1996,2027
22/09/1996,1919
23/09/1996,1888
24/09/1996,1850
25/09/1996,1759
26/09/1996,1662
27/09/1996,1633
28/09/1996,1655
29/09/1996,1662
30/09/1996,2514
01/10/1996,3122
02/10/1996,4542
03/10/1996,5746
04/10/1996,5887
05/10/1996,4930
06/10/1996,4045
07/10/1996,3619
08/10/1996,3296
09/10/1996,3027
10/10/1996,2950
11/10/1996,3296
12/10/1996,4983
13/10/1996,7373
14/10/1996,7957
15/10/1996,8102
16/10/1996,9369
17/10/1996,9803
18/10/1996,8626
19/10/1996,7065
20/10/1996,5606
21/10/1996,4930
22/10/1996,5830
23/10/1996,8494
24/10/1996,9498
25/10/1996,8843
26/10/1996,7373
27/10/1996,5746
28/10/1996,4800
29/10/1996,5427
30/10/1996,5859
31/10/1996,5455
01/11/1996,4568
02/11/1996,3688
03/11/1996,3165
04/11/1996,2907
05/11/1996,2755
06/11/1996,2696
07/11/1996,3035
08/11/1996,3349
09/11/1996,3296
10/11/1996,3087
11/11/1996,2763
12/11/1996,2531
13/11/1996,2441
14/11/1996,2303
15/11/1996,2335
16/11/1996,2713
17/11/1996,3122
18/11/1996,3973
19/11/1996,4009
20/11/1996,3527
21/11/1996,3122
22/11/1996,2713
23/11/1996,2449
24/11/1996,2144
25/11/1996,2081
26/11/1996,1903
27/11/1996,1729
28/11/1996,1581
29/11/1996,1444
30/11/1996,1324
01/12/1996,1241
02/12/1996,1165
03/12/1996,1105
04/12/1996,1120
05/12/1996,1107
06/12/1996,1057
07/12/1996,1057
08/12/1996,1071
09/12/1996,1241
10/12/1996,1394
11/12/1996,1516
12/12/1996,1965
13/12/1996,2368
14/12/1996,2433
15/12/1996,2247
16/12/1996,2192
17/12/1996,2449
18/12/1996,2465
19/12/1996,2335
20/12/1996,2058
21/12/1996,2050
22/12/1996,2019
23/12/1996,1972
24/12/1996,2531
25/12/1996,5156
26/12/1996,5606
27/12/1996,4542
28/12/1996,3384
29/12/1996,2941
30/12/1996,3035
31/12/1996,2865
01/01/1997,2449
02/01/1997,3296
03/01/1997,2924
04/01/1997,2588
05/01/1997,2311
06/01/1997,2011
07/01/1997,1767
08/01/1997,1611
09/01/1997,1451
10/01/1997,1387
11/01/1997,1387
12/01/1997,1268
13/01/1997,1179
14/01/1997,1186
15/01/1997,1199
16/01/1997,1138
17/01/1997,1105
18/01/1997,1172
19/01/1997,1145
20/01/1997,1172
21/01/1997,1241
22/01/1997,1394
23/01/1997,1352
24/01/1997,1254
25/01/1997,1199
26/01/1997,1213
27/01/1997,1213
28/01/1997,1352
29/01/1997,1465
30/01/1997,1444
31/01/1997,1338
01/02/1997,1345
02/02/1997,1516
03/02/1997,1729
04/02/1997,1345
05/02/1997,5250
06/02/1997,10137
07/02/1997,11928
08/02/1997,10379
09/02/1997,8216
10/02/1997,6173
11/02/1997,4735
12/02/1997,3782
13/02/1997,3165
14/02/1997,2865
15/02/1997,2899
16/02/1997,2992
17/02/1997,2950
18/02/1997,3001
19/02/1997,3390
20/02/1997,5129
21/02/1997,6702
22/02/1997,6494
23/02/1997,5129
24/02/1997,4143
25/02/1997,3424
26/02/1997,3208
27/02/1997,3458
28/02/1997,4045
01/03/1997,4045
02/03/1997,3925
03/03/1997,3458
04/03/1997,3035
05/03/1997,2613
06/03/1997,2263
07/03/1997,2019
08/03/1997,1896
09/03/1997,2034
10/03/1997,2176
11/03/1997,2368
12/03/1997,2327
13/03/1997,2105
14/03/1997,1744
15/03/1997,2368
16/03/1997,1451
17/03/1997,1380
18/03/1997,1310
19/03/1997,1241
20/03/1997,1268
21/03/1997,1324
22/03/1997,1241
23/03/1997,1172
24/03/1997,1091
25/03/1997,1120
26/03/1997,1057
27/03/1997,931
28/03/1997,870
29/03/1997,809
30/03/1997,809
31/03/1997,749
01/04/1997,749
02/04/1997,689
03/04/1997,689
04/04/1997,701
05/04/1997,713
06/04/1997,677
07/04/1997,573
08/04/1997,573
09/04/1997,573
10/04/1997,516
11/04/1997,516
12/04/1997,516
13/04/1997,516
14/04/1997,516
15/04/1997,516
16/04/1997,516
17/04/1997,516
18/04/1997,562
19/04/1997,562
20/04/1997,562
21/04/1997,607
22/04/1997,749
23/04/1997,779
24/04/1997,870
25/04/1997,791
26/04/1997,803
27/04/1997,857
28/04/1997,1044
29/04/1997,1063
30/04/1997,931
01/05/1997,821
02/05/1997,755
03/05/1997,731
04/05/1997,642
05/05/1997,631
06/05/1997,607
07/05/1997,573
08/05/1997,527
09/05/1997,488
10/05/1997,433
11/05/1997,433
12/05/1997,417
13/05/1997,368
14/05/1997,368
15/05/1997,368
16/05/1997,368
17/05/1997,352
18/05/1997,342
19/05/1997,342
20/05/1997,290
21/05/1997,368
22/05/1997,527
23/05/1997,602
24/05/1997,590
25/05/1997,544
26/05/1997,527
27/05/1997,584
28/05/1997,1082
29/05/1997,1241
30/05/1997,1707
31/05/1997,1896
01/06/1997,1759
02/06/1997,1880
03/06/1997,1919
04/06/1997,1714
05/06/1997,1523
06/06/1997,1317
07/06/1997,1227
08/06/1997,1268
09/06/1997,1206
10/06/1997,1098
11/06/1997,1069
12/06/1997,981
13/06/1997,950
14/06/1997,931
15/06/1997,864
16/06/1997,1120
17/06/1997,1317
18/06/1997,1581
19/06/1997,2613
20/06/1997,2882
21/06/1997,3148
22/06/1997,3877
23/06/1997,7373
24/06/1997,9301
25/06/1997,8428
26/06/1997,6762
27/06/1997,4542
28/06/1997,3402
29/06/1997,2865
30/06/1997,2899
01/07/1997,2975
02/07/1997,3104
03/07/1997,2916
04/07/1997,2522
05/07/1997,2200
06/07/1997,1926
07/07/1997,1729
08/07/1997,987
09/07/1997,1655
10/07/1997,1707
11/07/1997,1714
12/07/1997,1633
13/07/1997,1581
14/07/1997,1415
15/07/1997,1352
16/07/1997,1247
17/07/1997,1193
18/07/1997,1111
19/07/1997,1058
20/07/1997,1172
21/07/1997,1857
22/07/1997,3001
23/07/1997,8626
24/07/1997,10113
25/07/1997,10257
26/07/1997,9452
27/07/1997,8297
28/07/1997,6465
29/07/1997,4826
30/07/1997,3712
31/07/1997,3053
01/08/1997,2646
02/08/1997,2376
03/08/1997,2207
04/08/1997,2255
05/08/1997,2950
06/08/1997,7845
07/08/1997,12572
08/08/1997,15095
09/08/1997,15767
10/08/1997,15125
11/08/1997,13743
12/08/1997,11902
13/08/1997,9756
14/08/1997,7845
15/08/1997,6058
16/08/1997,4696
17/08/1997,3830
18/08/1997,3226
19/08/1997,2839
20/08/1997,2588
21/08/1997,2368
22/08/1997,2514
23/08/1997,2924
24/08/1997,2327
25/08/1997,3165
26/08/1997,3156
27/08/1997,3340
28/08/1997,3340
29/08/1997,2730
30/08/1997,2449
31/08/1997,2255
01/09/1997,2089
02/09/1997,1926
03/09/1997,1767
04/09/1997,1640
05/09/1997,1516
06/09/1997,1444
07/09/1997,1444
08/09/1997,1437
09/09/1997,1545
10/09/1997,1789
11/09/1997,1865
12/09/1997,1722
13/09/1997,1523
14/09/1997,1380
15/09/1997,1275
16/09/1997,1165
17/09/1997,1105
18/09/1997,1078
19/09/1997,1052
20/09/1997,1972
21/09/1997,2465
22/09/1997,2128
23/09/1997,1873
24/09/1997,1707
25/09/1997,1759
26/09/1997,1827
27/09/1997,1789
28/09/1997,1677
29/09/1997,1538
30/09/1997,1574
01/10/1997,1722
02/10/1997,2287
03/10/1997,6029
04/10/1997,8511
05/10/1997,9803
06/10/1997,10699
07/10/1997,10379
08/10/1997,9522
09/10/1997,9198
10/10/1997,9147
11/10/1997,9232
12/10/1997,10974
13/10/1997,14176
14/10/1997,17454
15/10/1997,21122
16/10/1997,25030
17/10/1997,28017
18/10/1997,28663
19/10/1997,28447
20/10/1997,28361
21/10/1997,27084
22/10/1997,24116
23/10/1997,20832
24/10/1997,18284
25/10/1997,15860
26/10/1997,13431
27/10/1997,11126
28/10/1997,9029
29/10/1997,7482
30/10/1997,7187
31/10/1997,8248
01/11/1997,9662
02/11/1997,14410
03/11/1997,18452
04/11/1997,21049
05/11/1997,21122
06/11/1997,19727
07/11/1997,18929
08/11/1997,19032
09/11/1997,20257
10/11/1997,25759
11/11/1997,23145
12/11/1997,22270
13/11/1997,19867
14/11/1997,17717
15/11/1997,15767
16/11/1997,15368
17/11/1997,16109
18/11/1997,16455
19/11/1997,15246
20/11/1997,12681
21/11/1997,9850
22/11/1997,8118
23/11/1997,6792
24/11/1997,5760
25/11/1997,5196
26/11/1997,5089
27/11/1997,4800
28/11/1997,4517
29/11/1997,4403
30/11/1997,4644
01/12/1997,5634
02/12/1997,6087
03/12/1997,5620
04/12/1997,4619
05/12/1997,3723
06/12/1997,3243
07/12/1997,3010
08/12/1997,2780
09/12/1997,2522
10/12/1997,2327
11/12/1997,2128
12/12/1997,2034
13/12/1997,1919
14/12/1997,1911
15/12/1997,2215
16/12/1997,2223
17/12/1997,2152
18/12/1997,1996
19/12/1997,1903
20/12/1997,1957
21/12/1997,1996
22/12/1997,2003
23/12/1997,1850
24/12/1997,1842
25/12/1997,2271
26/12/1997,2368
27/12/1997,2465
28/12/1997,2368
29/12/1997,2303
30/12/1997,2646
31/12/1997,4441
01/01/1998,7095
02/01/1998,8743
03/01/1998,9181
04/01/1998,9045
05/01/1998,8693
06/01/1998,8544
07/01/1998,7973
08/01/1998,6913
09/01/1998,5802
10/01/1998,5116
11/01/1998,4970
12/01/1998,5089
13/01/1998,4774
14/01/1998,4057
15/01/1998,3368
16/01/1998,2950
17/01/1998,2638
18/01/1998,2755
19/01/1998,2713
20/01/1998,3296
21/01/1998,3113
22/01/1998,2848
23/01/1998,2465
24/01/1998,2176
25/01/1998,1942
26/01/1998,1797
27/01/1998,1759
28/01/1998,2168
29/01/1998,4241
30/01/1998,5332
31/01/1998,5414
01/02/1998,5830
02/02/1998,5859
03/02/1998,5704
04/02/1998,6943
05/02/1998,11849
06/02/1998,14945
07/02/1998,15798
08/02/1998,15860
09/02/1998,16203
10/02/1998,16455
11/02/1998,16487
12/02/1998,16774
13/02/1998,16582
14/02/1998,16806
15/02/1998,16806
16/02/1998,15337
17/02/1998,12221
18/02/1998,9267
19/02/1998,7576
20/02/1998,6173
21/02/1998,5468
22/02/1998,5414
23/02/1998,5076
24/02/1998,3607
25/02/1998,3841
26/02/1998,3573
27/02/1998,3877
28/02/1998,6101
01/03/1998,8527
02/03/1998,10257
03/03/1998,11433
04/03/1998,11202
05/03/1998,8910
06/03/1998,8330
07/03/1998,6792
08/03/1998,5103
09/03/1998,4045
10/03/1998,3261
11/03/1998,3018
12/03/1998,3053
13/03/1998,3053
14/03/1998,3035
15/03/1998,3278
16/03/1998,3853
17/03/1998,5468
18/03/1998,7295
19/03/1998,8200
20/03/1998,9164
21/03/1998,11126
22/03/1998,11771
23/03/1998,11330
24/03/1998,9779
25/03/1998,8038
26/03/1998,6702
27/03/1998,5359
28/03/1998,4852
29/03/1998,4466
30/03/1998,4082
31/03/1998,3877
01/04/1998,4416
02/04/1998,6115
03/04/1998,7249
04/04/1998,9475
05/04/1998,12463
06/04/1998,11640
07/04/1998,8978
08/04/1998,7295
09/04/1998,6450
10/04/1998,6494
11/04/1998,6406
12/04/1998,5944
13/04/1998,4930
14/04/1998,4479
15/04/1998,4774
16/04/1998,5210
17/04/1998,6043
18/04/1998,7560
19/04/1998,9029
20/04/1998,8961
21/04/1998,8544
22/04/1998,7750
23/04/1998,6882
24/04/1998,7451
25/04/1998,10161
26/04/1998,12114
27/04/1998,13039
28/04/1998,15125
29/04/1998,16078
30/04/1998,16015
01/05/1998,16140
02/05/1998,18082
03/05/1998,20293
04/05/1998,20687
05/05/1998,18385
06/05/1998,15216
07/05/1998,11849
08/05/1998,9079
09/05/1998,7388
10/05/1998,6029
11/05/1998,4800
12/05/1998,4070
13/05/1998,3527
14/05/1998,3357
15/05/1998,3782
16/05/1998,6598
17/05/1998,10137
18/05/1998,14060
19/05/1998,15829
20/05/1998,15216
21/05/1998,12790
22/05/1998,9662
23/05/1998,7686
24/05/1998,6202
25/05/1998,4930
26/05/1998,4131
27/05/1998,3607
28/05/1998,3402
29/05/1998,3357
30/05/1998,3165
31/05/1998,2160
01/06/1998,3010
02/06/1998,2916
03/06/1998,2738
04/06/1998,2498
05/06/1998,2327
06/06/1998,2192
07/06/1998,2073
08/06/1998,1965
09/06/1998,1896
10/06/1998,1812
11/06/1998,1774
12/06/1998,1759
13/06/1998,1926
14/06/1998,2066
15/06/1998,2081
16/06/1998,2019
17/06/1998,1911
18/06/1998,1926
19/06/1998,2034
20/06/1998,2050
21/06/1998,1972
22/06/1998,1819
23/06/1998,1722
24/06/1998,1685
25/06/1998,1880
26/06/1998,2424
27/06/1998,2967
28/06/1998,3139
29/06/1998,4983
30/06/1998,4917
01/07/1998,3806
02/07/1998,3053
03/07/1998,2805
04/07/1998,3200
05/07/1998,3925
06/07/1998,3973
07/07/1998,3619
08/07/1998,3235
09/07/1998,2924
10/07/1998,2882
11/07/1998,2630
12/07/1998,2613
13/07/1998,3122
14/07/1998,3973
15/07/1998,3688
16/07/1998,3156
17/07/1998,2713
18/07/1998,2400
19/07/1998,2192
20/07/1998,2360
21/07/1998,2498
22/07/1998,2473
23/07/1998,2465
24/07/1998,2531
25/07/1998,2738
26/07/1998,3305
27/07/1998,4229
28/07/1998,4428
29/07/1998,4800
30/07/1998,4366
31/07/1998,3747
01/08/1998,3340
02/08/1998,3287
03/08/1998,3889
04/08/1998,4580
05/08/1998,4748
06/08/1998,5223
07/08/1998,5305
08/08/1998,4774
09/08/1998,4033
10/08/1998,3379
11/08/1998,3027
12/08/1998,2780
13/08/1998,2638
14/08/1998,2449
15/08/1998,2319
16/08/1998,2352
17/08/1998,5468
18/08/1998,8910
19/08/1998,11928
20/08/1998,14706
21/08/1998,16487
22/08/1998,17193
23/08/1998,17291
24/08/1998,16015
25/08/1998,14915
26/08/1998,13858
27/08/1998,12626
28/08/1998,11279
29/08/1998,10355
30/08/1998,9404
31/08/1998,7734
01/09/1998,7249
02/09/1998,5802
03/09/1998,4504
04/09/1998,3806
05/09/1998,3527
06/09/1998,3607
07/09/1998,4082
08/09/1998,5036
09/09/1998,5944
10/09/1998,8577
11/09/1998,11356
12/09/1998,12818
13/09/1998,12274
14/09/1998,9732
15/09/1998,8281
16/09/1998,7466
17/09/1998,7080
18/09/1998,7560
19/09/1998,7861
20/09/1998,7592
21/09/1998,8135
22/09/1998,8827
23/09/1998,9452
24/09/1998,9779
25/09/1998,9301
26/09/1998,8151
27/09/1998,6867
28/09/1998,5386
29/09/1998,4787
30/09/1998,4670
01/10/1998,5010
02/10/1998,5972
03/10/1998,6538
04/10/1998,5523
05/10/1998,4491
06/10/1998,4045
07/10/1998,5196
08/10/1998,6553
09/10/1998,7187
10/10/1998,7156
11/10/1998,6435
12/10/1998,5606
13/10/1998,6583
14/10/1998,7973
15/10/1998,8877
16/10/1998,7545
17/10/1998,6928
18/10/1998,4722
19/10/1998,4891
20/10/1998,5802
21/10/1998,6777
22/10/1998,6435
23/10/1998,5089
24/10/1998,4021
25/10/1998,3469
26/10/1998,3217
27/10/1998,3630
28/10/1998,5523
29/10/1998,7126
30/10/1998,7357
31/10/1998,6553
01/11/1998,4904
02/11/1998,3877
03/11/1998,3235
04/11/1998,2924
05/11/1998,2630
06/11/1998,2384
07/11/1998,2176
08/11/1998,2089
09/11/1998,2058
10/11/1998,1965
11/11/1998,1819
12/11/1998,1789
13/11/1998,1662
14/11/1998,1655
15/11/1998,1509
16/11/1998,1437
17/11/1998,1387
18/11/1998,1437
19/11/1998,1437
20/11/1998,1359
21/11/1998,1282
22/11/1998,1213
23/11/1998,1193
24/11/1998,1186
25/11/1998,1118
26/11/1998,1111
27/11/1998,1091
28/11/1998,1120
29/11/1998,1082
30/11/1998,1082
01/12/1998,1019
02/12/1998,981
03/12/1998,944
04/12/1998,907
05/12/1998,857
06/12/1998,833
07/12/1998,809
08/12/1998,773
09/12/1998,767
10/12/1998,767
11/12/1998,864
12/12/1998,1088
13/12/1998,1120
14/12/1998,1071
15/12/1998,1025
16/12/1998,1038
17/12/1998,1125
18/12/1998,1268
19/12/1998,1574
20/12/1998,1589
21/12/1998,1423
22/12/1998,1387
23/12/1998,1782
24/12/1998,2011
25/12/1998,1888
26/12/1998,1685
27/12/1998,1530
28/12/1998,1352
29/12/1998,1206
30/12/1998,1120
31/12/1998,1031
01/01/1999,907
02/01/1999,864
03/01/1999,815
04/01/1999,791
05/01/1999,761
06/01/1999,737
07/01/1999,719
08/01/1999,579
09/01/1999,579
10/01/1999,579
11/01/1999,683
12/01/1999,767
13/01/1999,755
14/01/1999,749
15/01/1999,731
16/01/1999,743
17/01/1999,743
18/01/1999,737
19/01/1999,701
20/01/1999,833
21/01/1999,937
22/01/1999,900
23/01/1999,839
24/01/1999,785
25/01/1999,1052
26/01/1999,1647
27/01/1999,1692
28/01/1999,1559
29/01/1999,1387
30/01/1999,1303
31/01/1999,1296
01/02/1999,1380
02/02/1999,1352
03/02/1999,1352
04/02/1999,1352
05/02/1999,1275
06/02/1999,1186
07/02/1999,1138
08/02/1999,1111
09/02/1999,1111
10/02/1999,1065
11/02/1999,1057
12/02/1999,944
13/02/1999,1152
14/02/1999,1729
15/02/1999,2011
16/02/1999,2019
17/02/1999,1957
18/02/1999,1186
19/02/1999,2003
20/02/1999,2200
21/02/1999,2034
22/02/1999,1827
23/02/1999,1707
24/02/1999,1625
25/02/1999,1516
26/02/1999,1366
27/02/1999,1241
28/02/1999,1206
01/03/1999,1206
02/03/1999,1125
03/03/1999,1125
04/03/1999,1145
05/03/1999,1145
06/03/1999,1159
07/03/1999,1247
08/03/1999,1206
09/03/1999,1159
10/03/1999,1105
11/03/1999,1088
12/03/1999,994
13/03/1999,913
14/03/1999,815
15/03/1999,797
16/03/1999,743
17/03/1999,701
18/03/1999,695
19/03/1999,666
20/03/1999,631
21/03/1999,596
22/03/1999,625
23/03/1999,619
24/03/1999,590
25/03/1999,573
26/03/1999,550
27/03/1999,533
28/03/1999,522
29/03/1999,511
30/03/1999,511
31/03/1999,511
01/04/1999,527
02/04/1999,539
03/04/1999,573
04/04/1999,689
05/04/1999,845
06/04/1999,931
07/04/1999,1088
08/04/1999,1165
09/04/1999,1487
10/04/1999,1618
11/04/1999,1655
12/04/1999,1670
13/04/1999,2247
14/04/1999,2555
15/04/1999,2780
16/04/1999,2780
17/04/1999,3165
18/04/1999,4865
19/04/1999,6897
20/04/1999,7249
21/04/1999,6274
22/04/1999,4761
23/04/1999,3653
24/04/1999,2992
25/04/1999,2531
26/04/1999,2105
27/04/1999,1842
28/04/1999,1655
29/04/1999,1473
30/04/1999,1331
01/05/1999,1241
02/05/1999,1172
03/05/1999,1118
04/05/1999,1071
05/05/1999,1045
06/05/1999,1052
07/05/1999,1480
08/05/1999,1692
09/05/1999,1729
10/05/1999,1581
11/05/1999,1359
12/05/1999,1138
13/05/1999,1107
14/05/1999,1057
15/05/1999,969
16/05/1999,931
17/05/1999,882
18/05/1999,797
19/05/1999,797
20/05/1999,749
21/05/1999,767
22/05/1999,737
23/05/1999,737
24/05/1999,695
25/05/1999,666
26/05/1999,631
27/05/1999,631
28/05/1999,1296
29/05/1999,1896
30/05/1999,2433
31/05/1999,3208
01/06/1999,3830
02/06/1999,3925
03/06/1999,3997
04/06/1999,3901
05/06/1999,3481
06/06/1999,2831
07/06/1999,2327
08/06/1999,1926
09/06/1999,1685
10/06/1999,1487
11/06/1999,1722
12/06/1999,2597
13/06/1999,2992
14/06/1999,3278
15/06/1999,3515
16/06/1999,3973
17/06/1999,4403
18/06/1999,3937
19/06/1999,3413
20/06/1999,2916
21/06/1999,2506
22/06/1999,2416
23/06/1999,3027
24/06/1999,2890
25/06/1999,2531
26/06/1999,2303
27/06/1999,2081
28/06/1999,1919
29/06/1999,2192
30/06/1999,2335
01/07/1999,2271
02/07/1999,2105
03/07/1999,2034
04/07/1999,2176
05/07/1999,3642
06/07/1999,8927
07/07/1999,13829
08/07/1999,15953
09/07/1999,16078
10/07/1999,13544
11/07/1999,10065
12/07/1999,7813
13/07/1999,6173
14/07/1999,4748
15/07/1999,3806
16/07/1999,3208
17/07/1999,2856
18/07/1999,2621
19/07/1999,2449
20/07/1999,2368
21/07/1999,2490
22/07/1999,3148
23/07/1999,3584
24/07/1999,3619
25/07/1999,3642
26/07/1999,3357
27/07/1999,3104
28/07/1999,2848
29/07/1999,2696
30/07/1999,2814
31/07/1999,3018
01/08/1999,3322
02/08/1999,3481
03/08/1999,3642
04/08/1999,3243
05/08/1999,2780
06/08/1999,2449
07/08/1999,2271
08/08/1999,2105
09/08/1999,2019
10/08/1999,1888
11/08/1999,1797
12/08/1999,1729
13/08/1999,1640
14/08/1999,1596
15/08/1999,1581
16/08/1999,1465
17/08/1999,1408
18/08/1999,1345
19/08/1999,1275
20/08/1999,1213
21/08/1999,1206
22/08/1999,1179
23/08/1999,1165
24/08/1999,1152
25/08/1999,1111
26/08/1999,1078
27/08/1999,1045
28/08/1999,1045
29/08/1999,1082
30/08/1999,1044
31/08/1999,994
01/09/1999,994
02/09/1999,962
03/09/1999,907
04/09/1999,907
05/09/1999,913
06/09/1999,969
07/09/1999,1373
08/09/1999,2416
09/09/1999,2941
10/09/1999,2967
11/09/1999,2738
12/09/1999,2400
13/09/1999,2113
14/09/1999,1789
15/09/1999,1699
16/09/1999,2531
17/09/1999,4033
18/09/1999,4316
19/09/1999,3961
20/09/1999,4070
21/09/1999,3001
22/09/1999,2630
23/09/1999,2271
24/09/1999,1957
25/09/1999,1707
26/09/1999,1530
27/09/1999,1359
28/09/1999,1261
29/09/1999,1179
30/09/1999,1085
01/10/1999,1085
02/10/1999,1045
03/10/1999,1052
04/10/1999,1552
05/10/1999,1567
06/10/1999,1359
07/10/1999,2368
08/10/1999,3925
09/10/1999,3961
10/10/1999,3806
11/10/1999,4070
12/10/1999,4057
13/10/1999,4479
14/10/1999,4696
15/10/1999,3985
16/10/1999,3913
17/10/1999,4852
18/10/1999,6260
19/10/1999,8022
20/10/1999,9826
21/10/1999,10306
22/10/1999,8961
23/10/1999,7187
24/10/1999,5116
25/10/1999,3770
26/10/1999,3096
27/10/1999,2688
28/10/1999,2490
29/10/1999,2327
30/10/1999,2121
31/10/1999,2176
01/11/1999,2239
02/11/1999,1972
03/11/1999,1865
04/11/1999,1737
05/11/1999,1699
06/11/1999,1957
07/11/1999,2433
08/11/1999,2433
09/11/1999,2433
10/11/1999,2465
11/11/1999,2207
12/11/1999,2433
13/11/1999,2271
14/11/1999,1919
15/11/1999,1662
16/11/1999,1567
17/11/1999,1473
18/11/1999,1423
19/11/1999,1331
20/11/1999,1268
21/11/1999,1186
22/11/1999,1111
23/11/1999,1058
24/11/1999,1082
25/11/1999,1057
26/11/1999,975
27/11/1999,919
28/11/1999,888
29/11/1999,882
30/11/1999,851
01/12/1999,839
02/12/1999,839
03/12/1999,839
04/12/1999,821
05/12/1999,809
06/12/1999,809
07/12/1999,809
08/12/1999,809
09/12/1999,809
10/12/1999,845
11/12/1999,845
12/12/1999,864
13/12/1999,1057
14/12/1999,1111
15/12/1999,1366
16/12/1999,1835
17/12/1999,2073
18/12/1999,2011
19/12/1999,1804
20/12/1999,1625
21/12/1999,1581
22/12/1999,1227
23/12/1999,1012
24/12/1999,821
25/12/1999,701
26/12/1999,654
27/12/1999,619
28/12/1999,619
29/12/1999,584
30/12/1999,573
31/12/1999,573
01/01/2000,
02/01/2000,573
03/01/2000,539
04/01/2000,539
05/01/2000,539
06/01/2000,539
07/01/2000,539
08/01/2000,539
09/01/2000,499
10/01/2000,477
11/01/2000,472
12/01/2000,461
13/01/2000,461
14/01/2000,461
15/01/2000,461
16/01/2000,511
17/01/2000,642
18/01/2000,839
19/01/2000,1019
20/01/2000,1366
21/01/2000,1567
22/01/2000,1611
23/01/2000,1423
24/01/2000,1193
25/01/2000,1082
26/01/2000,925
27/01/2000,833
28/01/2000,809
29/01/2000,767
30/01/2000,749
31/01/2000,749
01/02/2000,731
02/02/2000,719
03/02/2000,719
04/02/2000,642
05/02/2000,642
06/02/2000,719
07/02/2000,767
08/02/2000,900
09/02/2000,1111
10/02/2000,1145
11/02/2000,1082
12/02/2000,931
13/02/2000,815
14/02/2000,719
15/02/2000,677
16/02/2000,602
17/02/2000,562
18/02/2000,516
19/02/2000,488
20/02/2000,477
21/02/2000,461
22/02/2000,449
23/02/2000,449
24/02/2000,477
25/02/2000,477
26/02/2000,477
27/02/2000,477
28/02/2000,461
29/02/2000,461
01/03/2000,499
02/03/2000,533
03/03/2000,590
04/03/2000,660
05/03/2000,845
06/03/2000,931
07/03/2000,1088
08/03/2000,1159
09/03/2000,1199
10/03/2000,1275
11/03/2000,1714
12/03/2000,1662
13/03/2000,1552
14/03/2000,1152
15/03/2000,1000
16/03/2000,827
17/03/2000,767
18/03/2000,636
19/03/2000,567
20/03/2000,505
21/03/2000,488
22/03/2000,461
23/03/2000,461
24/03/2000,477
25/03/2000,461
26/03/2000,461
27/03/2000,461
28/03/2000,573
29/03/2000,1401
30/03/2000,2042
31/03/2000,2392
01/04/2000,2352
02/04/2000,2441
03/04/2000,2865
04/04/2000,2747
05/04/2000,2441
06/04/2000,2239
07/04/2000,2066
08/04/2000,1737
09/04/2000,1338
10/04/2000,1114
11/04/2000,944
12/04/2000,833
13/04/2000,779
14/04/2000,779
15/04/2000,919
16/04/2000,870
17/04/2000,821
18/04/2000,755
19/04/2000,845
20/04/2000,1050
21/04/2000,1098
22/04/2000,1850
23/04/2000,2547
24/04/2000,2352
25/04/2000,1980
26/04/2000,1603
27/04/2000,1380
28/04/2000,1152
29/04/2000,1052
30/04/2000,969
01/05/2000,937
02/05/2000,919
03/05/2000,907
04/05/2000,1152
05/05/2000,1903
06/05/2000,2384
07/05/2000,2646
08/05/2000,2646
09/05/2000,3287
10/05/2000,3997
11/05/2000,4045
12/05/2000,3794
13/05/2000,3165
14/05/2000,2646
15/05/2000,2192
16/05/2000,1888
17/05/2000,1707
18/05/2000,1789
19/05/2000,1670
20/05/2000,1494
21/05/2000,1509
22/05/2000,1699
23/05/2000,1487
24/05/2000,1310
25/05/2000,1268
26/05/2000,1091
27/05/2000,1120
28/05/2000,1082
29/05/2000,1213
30/05/2000,1227
31/05/2000,1199
01/06/2000,1165
02/06/2000,1098
03/06/2000,1019
04/06/2000,981
05/06/2000,956
06/06/2000,870
07/06/2000,857
08/06/2000,1152
09/06/2000,4479
10/06/2000,7110
11/06/2000,7203
12/06/2000,6928
13/06/2000,6115
14/06/2000,5049
15/06/2000,4143
16/06/2000,3447
17/06/2000,2865
18/06/2000,2168
19/06/2000,3447
20/06/2000,1819
21/06/2000,1804
22/06/2000,1873
23/06/2000,1972
24/06/2000,2223
25/06/2000,2400
26/06/2000,2400
27/06/2000,2287
28/06/2000,2121
29/06/2000,1888
30/06/2000,1759
01/07/2000,1744
02/07/2000,2152
03/07/2000,2984
04/07/2000,4254
05/07/2000,5010
06/07/2000,5116
07/07/2000,4970
08/07/2000,4366
09/07/2000,3712
10/07/2000,3104
11/07/2000,2730
12/07/2000,2721
13/07/2000,3384
14/07/2000,8281
15/07/2000,9969
16/07/2000,9826
17/07/2000,8412
18/07/2000,6538
19/07/2000,4787
20/07/2000,3653
21/07/2000,3235
22/07/2000,2797
23/07/2000,2630
24/07/2000,2498
25/07/2000,2215
26/07/2000,2027
27/07/2000,1942
28/07/2000,1996
29/07/2000,1919
30/07/2000,2160
31/07/2000,2019
01/08/2000,1789
02/08/2000,1729
03/08/2000,1670
04/08/2000,1699
05/08/2000,1707
06/08/2000,1707
07/08/2000,839
08/08/2000,1408
09/08/2000,1380
10/08/2000,1373
11/08/2000,1415
12/08/2000,1451
13/08/2000,1451
14/08/2000,1387
15/08/2000,1408
16/08/2000,1437
17/08/2000,1289
18/08/2000,1268
19/08/2000,1268
20/08/2000,1352
21/08/2000,1714
22/08/2000,2279
23/08/2000,2572
24/08/2000,2449
25/08/2000,2152
26/08/2000,1842
27/08/2000,1670
28/08/2000,1670
29/08/2000,1670
30/08/2000,1647
31/08/2000,1647
01/09/2000,2424
02/09/2000,2865
03/09/2000,2522
04/09/2000,2295
05/09/2000,2097
06/09/2000,1942
07/09/2000,1596
08/09/2000,1373
09/09/2000,1227
10/09/2000,1227
11/09/2000,1199
12/09/2000,1058
13/09/2000,1045
14/09/2000,1494
15/09/2000,2924
16/09/2000,8560
17/09/2000,11588
18/09/2000,12626
19/09/2000,12845
20/09/2000,11771
21/09/2000,9164
22/09/2000,7049
23/09/2000,8265
24/09/2000,9545
25/09/2000,9079
26/09/2000,7218
27/09/2000,7172
28/09/2000,8995
29/09/2000,9591
30/09/2000,8610
01/10/2000,6732
02/10/2000,4761
03/10/2000,3841
04/10/2000,3252
05/10/2000,2789
06/10/2000,3402
07/10/2000,3841
08/10/2000,3841
09/10/2000,4416
10/10/2000,4683
11/10/2000,3925
12/10/2000,3217
13/10/2000,2763
14/10/2000,3550
15/10/2000,6289
16/10/2000,9545
17/10/2000,13829
18/10/2000,16838
19/10/2000,18016
20/10/2000,16424
21/10/2000,14915
22/10/2000,13094
23/10/2000,11050
24/10/2000,9662
25/10/2000,9335
26/10/2000,9164
27/10/2000,8265
28/10/2000,7734
29/10/2000,7019
30/10/2000,6687
31/10/2000,7435
01/11/2000,7782
02/11/2000,7172
03/11/2000,5648
04/11/2000,4696
05/11/2000,4291
06/11/2000,4082
07/11/2000,3853
08/11/2000,3340
09/11/2000,2975
10/11/2000,2789
11/11/2000,2713
12/11/2000,2696
13/11/2000,2856
14/11/2000,2958
15/11/2000,2899
16/11/2000,2747
17/11/2000,2555
18/11/2000,2490
19/11/2000,2279
20/11/2000,2160
21/11/2000,1980
22/11/2000,1873
23/11/2000,1812
24/11/2000,1647
25/11/2000,1647
26/11/2000,1647
27/11/2000,1596
28/11/2000,1596
29/11/2000,1552
30/11/2000,1581
01/12/2000,1722
02/12/2000,1699
03/12/2000,1699
04/12/2000,1487
05/12/2000,1387
06/12/2000,1282
07/12/2000,1220
08/12/2000,1254
09/12/2000,1247
10/12/2000,1125
11/12/2000,1125
12/12/2000,1078
13/12/2000,1114
14/12/2000,1132
15/12/2000,1193
16/12/2000,1380
17/12/2000,1797
18/12/2000,1722
19/12/2000,1530
20/12/2000,1494
21/12/2000,1401
22/12/2000,1324
23/12/2000,1186
24/12/2000,1199
25/12/2000,1752
26/12/2000,2343
27/12/2000,2416
28/12/2000,2113
29/12/2000,1774
30/12/2000,2144
31/12/2000,2873
01/01/2001,3001
02/01/2001,3000
03/01/2001,4090
04/01/2001,3950
05/01/2001,3380
06/01/2001,2740
07/01/2001,2340
08/01/2001,2160
09/01/2001,2090
10/01/2001,2330
11/01/2001,3230
12/01/2001,3720
13/01/2001,4610
14/01/2001,4980
15/01/2001,5300
16/01/2001,5630
17/01/2001,5220
18/01/2001,4590
19/01/2001,4140
20/01/2001,3910
21/01/2001,3910
22/01/2001,3840
23/01/2001,3830
24/01/2001,3930
25/01/2001,4140
26/01/2001,4710
27/01/2001,4020
28/01/2001,3450
29/01/2001,3300
30/01/2001,3150
31/01/2001,3080
01/02/2001,3190
02/02/2001,3570
03/02/2001,4570
04/02/2001,5730
05/02/2001,6950
06/02/2001,7000
07/02/2001,6260
08/02/2001,6530
09/02/2001,6610
10/02/2001,7120
11/02/2001,6710
12/02/2001,5520
13/02/2001,4140
14/02/2001,3380
15/02/2001,3150
16/02/2001,3090
17/02/2001,3150
18/02/2001,3010
19/02/2001,3370
20/02/2001,3260
21/02/2001,3060
22/02/2001,2860
23/02/2001,3150
24/02/2001,4690
25/02/2001,4770
26/02/2001,4550
27/02/2001,4670
28/02/2001,4860
01/03/2001,4620
02/03/2001,4450
03/03/2001,4140
04/03/2001,3600
05/03/2001,3240
06/03/2001,2800
07/03/2001,2380
08/03/2001,2310
09/03/2001,2130
10/03/2001,2060
11/03/2001,1970
12/03/2001,1920
13/03/2001,2010
14/03/2001,2020
15/03/2001,1970
16/03/2001,1810
17/03/2001,1750
18/03/2001,1930
19/03/2001,2050
20/03/2001,2110
21/03/2001,2160
22/03/2001,2160
23/03/2001,2190
24/03/2001,2140
25/03/2001,2870
26/03/2001,3300
27/03/2001,3790
28/03/2001,3830
29/03/2001,3840
30/03/2001,3200
31/03/2001,2860
01/04/2001,2450
02/04/2001,2100
03/04/2001,1950
04/04/2001,1780
05/04/2001,1680
06/04/2001,1680
07/04/2001,1950
08/04/2001,2040
09/04/2001,2040
10/04/2001,2000
11/04/2001,1980
12/04/2001,1980
13/04/2001,1980
14/04/2001,2200
15/04/2001,2740
16/04/2001,2590
17/04/2001,2340
18/04/2001,2070
19/04/2001,1890
20/04/2001,1760
21/04/2001,1690
22/04/2001,1740
23/04/2001,1810
24/04/2001,1790
25/04/2001,1950
26/04/2001,2210
27/04/2001,2380
28/04/2001,3040
29/04/2001,4740
30/04/2001,5160
01/05/2001,6170
02/05/2001,6530
03/05/2001,6029
04/05/2001,5320
05/05/2001,5050
06/05/2001,4710
07/05/2001,4610
08/05/2001,4810
09/05/2001,5890
10/05/2001,6140
11/05/2001,4750
12/05/2001,3690
13/05/2001,3070
14/05/2001,2810
15/05/2001,2650
16/05/2001,2550
17/05/2001,2460
18/05/2001,2340
19/05/2001,2300
20/05/2001,2300
21/05/2001,2230
22/05/2001,2280
23/05/2001,2490
24/05/2001,2910
25/05/2001,4520
26/05/2001,6670
27/05/2001,6140
28/05/2001,4790
29/05/2001,4070
30/05/2001,3700
31/05/2001,4310
01/06/2001,4970
02/06/2001,4350
03/06/2001,3910
04/06/2001,3860
05/06/2001,3790
06/06/2001,3530
07/06/2001,3260
08/06/2001,3020
09/06/2001,2850
10/06/2001,2800
11/06/2001,3870
12/06/2001,3940
13/06/2001,3620
14/06/2001,3050
15/06/2001,2500
16/06/2001,2380
17/06/2001,2400
18/06/2001,2380
19/06/2001,2370
20/06/2001,3250
21/06/2001,4700
22/06/2001,4450
23/06/2001,3920
24/06/2001,3400
25/06/2001,3130
26/06/2001,2940
27/06/2001,2780
28/06/2001,2520
29/06/2001,2300
30/06/2001,2620
01/07/2001,3630
02/07/2001,4090
03/07/2001,3780
04/07/2001,3570
05/07/2001,3040
06/07/2001,2750
07/07/2001,2650
08/07/2001,2470
09/07/2001,2300
10/07/2001,2140
11/07/2001,1920
12/07/2001,1820
13/07/2001,1910
14/07/2001,2310
15/07/2001,3160
16/07/2001,4100
17/07/2001,3850
18/07/2001,3240
19/07/2001,2730
20/07/2001,2460
21/07/2001,2570
22/07/2001,2880
23/07/2001,4670
24/07/2001,5990
25/07/2001,6710
26/07/2001,7100
27/07/2001,6000
28/07/2001,4330
29/07/2001,3130
30/07/2001,2770
31/07/2001,2840
01/08/2001,3330
02/08/2001,3440
03/08/2001,3040
04/08/2001,2610
05/08/2001,2270
06/08/2001,2220
07/08/2001,2090
08/08/2001,2090
09/08/2001,1800
10/08/2001,1610
11/08/2001,1470
12/08/2001,1660
13/08/2001,1660
14/08/2001,1630
15/08/2001,1630
16/08/2001,1570
17/08/2001,1360
18/08/2001,1250
19/08/2001,1250
20/08/2001,1380
21/08/2001,1450
22/08/2001,1590
23/08/2001,1610
24/08/2001,1460
25/08/2001,1250
26/08/2001,1250
27/08/2001,1270
28/08/2001,1160
29/08/2001,1020
30/08/2001,1130
31/08/2001,1140
01/09/2001,1050
02/09/2001,1170
03/09/2001,1400
04/09/2001,1490
05/09/2001,1400
06/09/2001,1270
07/09/2001,1150
08/09/2001,1040
09/09/2001,950
10/09/2001,1030
11/09/2001,1190
12/09/2001,1230
13/09/2001,1130
14/09/2001,1330
15/09/2001,1290
16/09/2001,1400
17/09/2001,1540
18/09/2001,1570
19/09/2001,1570
20/09/2001,1490
21/09/2001,1360
22/09/2001,1230
23/09/2001,1120
24/09/2001,1100
25/09/2001,1050
26/09/2001,1050
27/09/2001,1050
28/09/2001,1290
29/09/2001,1460
30/09/2001,1630
01/10/2001,3760
02/10/2001,6560
03/10/2001,7020
04/10/2001,6920
05/10/2001,9560
06/10/2001,12860
07/10/2001,12860
08/10/2001,10400
09/10/2001,8880
10/10/2001,8530
11/10/2001,10970
12/10/2001,14680
13/10/2001,15480
14/10/2001,12670
15/10/2001,9400
16/10/2001,6710
17/10/2001,4690
18/10/2001,3610
19/10/2001,3020
20/10/2001,3340
21/10/2001,5500
22/10/2001,5620
23/10/2001,4790
24/10/2001,4530
25/10/2001,4210
26/10/2001,3280
27/10/2001,2680
28/10/2001,2210
29/10/2001,2110
30/10/2001,2070
31/10/2001,2190
01/11/2001,2050
02/11/2001,1850
03/11/2001,1950
04/11/2001,2070
05/11/2001,1990
06/11/2001,2010
07/11/2001,1660
08/11/2001,1570
09/11/2001,1510
10/11/2001,1450
11/11/2001,1520
12/11/2001,1450
13/11/2001,1480
14/11/2001,1850
15/11/2001,2190
16/11/2001,2490
17/11/2001,2630
18/11/2001,2490
19/11/2001,2300
20/11/2001,2010
21/11/2001,1730
22/11/2001,1610
23/11/2001,1610
24/11/2001,1490
25/11/2001,1570
26/11/2001,1650
27/11/2001,1610
28/11/2001,1460
29/11/2001,1350
30/11/2001,1310
01/12/2001,1400
02/12/2001,1560
03/12/2001,1570
04/12/2001,1530
05/12/2001,1510
06/12/2001,1490
07/12/2001,1610
08/12/2001,1500
09/12/2001,1410
10/12/2001,1420
11/12/2001,1490
12/12/2001,1520
13/12/2001,1510
14/12/2001,1490
15/12/2001,1320
16/12/2001,1460
17/12/2001,1610
18/12/2001,1700
19/12/2001,1810
20/12/2001,1630
21/12/2001,1400
22/12/2001,1320
23/12/2001,1570
24/12/2001,1540
25/12/2001,1570
26/12/2001,1630
27/12/2001,1540
28/12/2001,1360
29/12/2001,1180
30/12/2001,1167
31/12/2001,1110
01/01/2002,1190
02/01/2002,1291
03/01/2002,1190
04/01/2002,1032
05/01/2002,980
06/01/2002,930
07/01/2002,890
08/01/2002,820
09/01/2002,770
10/01/2002,770
11/01/2002,770
12/01/2002,690
13/01/2002,690
14/01/2002,690
15/01/2002,750
16/01/2002,800
17/01/2002,710
18/01/2002,710
19/01/2002,710
20/01/2002,750
21/01/2002,860
22/01/2002,740
23/01/2002,700
24/01/2002,670
25/01/2002,630
26/01/2002,600
27/01/2002,600
28/01/2002,750
29/01/2002,920
30/01/2002,1090
31/01/2002,1750
01/02/2002,1650
02/02/2002,1520
03/02/2002,1490
04/02/2002,1490
05/02/2002,1340
06/02/2002,1200
07/02/2002,1140
08/02/2002,1030
09/02/2002,910
10/02/2002,830
11/02/2002,770
12/02/2002,770
13/02/2002,700
14/02/2002,700
15/02/2002,700
16/02/2002,700
17/02/2002,660
18/02/2002,660
19/02/2002,660
20/02/2002,660
21/02/2002,624
22/02/2002,790
23/02/2002,870
24/02/2002,850
25/02/2002,770
26/02/2002,700
27/02/2002,700
28/02/2002,670
01/03/2002,570
02/03/2002,590
03/03/2002,640
04/03/2002,700
05/03/2002,770
06/03/2002,730
07/03/2002,710
08/03/2002,800
09/03/2002,990
10/03/2002,1040
11/03/2002,1040
12/03/2002,1040
13/03/2002,1040
14/03/2002,1040
15/03/2002,1040
16/03/2002,1220
17/03/2002,1610
18/03/2002,1710
19/03/2002,1370
20/03/2002,1240
21/03/2002,1380
22/03/2002,1300
23/03/2002,1160
24/03/2002,1090
25/03/2002,1260
26/03/2002,1260
27/03/2002,1160
28/03/2002,1040
29/03/2002,1040
30/03/2002,840
31/03/2002,750
01/04/2002,750
02/04/2002,820
03/04/2002,1110
04/04/2002,1360
05/04/2002,1250
06/04/2002,1170
07/04/2002,1070
08/04/2002,970
09/04/2002,930
10/04/2002,890
11/04/2002,860
12/04/2002,890
13/04/2002,1250
14/04/2002,1330
15/04/2002,1330
16/04/2002,1320
17/04/2002,1300
18/04/2002,1270
19/04/2002,1200
20/04/2002,1110
21/04/2002,1050
22/04/2002,1430
23/04/2002,2130
24/04/2002,2170
25/04/2002,1810
26/04/2002,1570
27/04/2002,1400
28/04/2002,1340
29/04/2002,1510
30/04/2002,1650
01/05/2002,2020
02/05/2002,2360
03/05/2002,2340
04/05/2002,2130
05/05/2002,1810
06/05/2002,1600
07/05/2002,1430
08/05/2002,1380
09/05/2002,1320
10/05/2002,1300
11/05/2002,1260
12/05/2002,1210
13/05/2002,1290
14/05/2002,1290
15/05/2002,1290
16/05/2002,1270
17/05/2002,1230
18/05/2002,1450
19/05/2002,2480
20/05/2002,3700
21/05/2002,5900
22/05/2002,6260
23/05/2002,6900
24/05/2002,6620
25/05/2002,6050
26/05/2002,5160
27/05/2002,4100
28/05/2002,3280
29/05/2002,2890
30/05/2002,2570
31/05/2002,2270
01/06/2002,2370
02/06/2002,2650
03/06/2002,2800
04/06/2002,2380
05/06/2002,2320
06/06/2002,2100
07/06/2002,1930
08/06/2002,1730
09/06/2002,2010
10/06/2002,2060
11/06/2002,2680
12/06/2002,7100
13/06/2002,8350
14/06/2002,7790
15/06/2002,7770
16/06/2002,7850
17/06/2002,7760
18/06/2002,7360
19/06/2002,7160
20/06/2002,6820
21/06/2002,6820
22/06/2002,6780
23/06/2002,6040
24/06/2002,4930
25/06/2002,4160
26/06/2002,3520
27/06/2002,3080
28/06/2002,2840
29/06/2002,2590
30/06/2002,2380
01/07/2002,2380
02/07/2002,2300
03/07/2002,2300
04/07/2002,2680
05/07/2002,2700
06/07/2002,3110
07/07/2002,3300
08/07/2002,3280
09/07/2002,3160
10/07/2002,2980
11/07/2002,2880
12/07/2002,2810
13/07/2002,2650
14/07/2002,2550
15/07/2002,2340
16/07/2002,2160
17/07/2002,2160
18/07/2002,2160
19/07/2002,2050
20/07/2002,1950
21/07/2002,2150
22/07/2002,2080
23/07/2002,2190
24/07/2002,2620
25/07/2002,3000
26/07/2002,3260
27/07/2002,3410
28/07/2002,3590
29/07/2002,3960
30/07/2002,4060
31/07/2002,4090
01/08/2002,4080
02/08/2002,4010
03/08/2002,3310
04/08/2002,3330
05/08/2002,3290
06/08/2002,3800
07/08/2002,3800
08/08/2002,3610
09/08/2002,3340
10/08/2002,3240
11/08/2002,3700
12/08/2002,4090
13/08/2002,4290
14/08/2002,4550
15/08/2002,4380
16/08/2002,3500
17/08/2002,3260
18/08/2002,3200
19/08/2002,3050
20/08/2002,2910
21/08/2002,2830
22/08/2002,3640
23/08/2002,5980
24/08/2002,7200
25/08/2002,7290
26/08/2002,7100
27/08/2002,7000
28/08/2002,6790
29/08/2002,5890
30/08/2002,5250
31/08/2002,4670
01/09/2002,4430
02/09/2002,4130
03/09/2002,3850
04/09/2002,3520
05/09/2002,2920
06/09/2002,3060
07/09/2002,2740
08/09/2002,2680
09/09/2002,2930
10/09/2002,2930
11/09/2002,2970
12/09/2002,3050
13/09/2002,2650
14/09/2002,3040
15/09/2002,3780
16/09/2002,4230
17/09/2002,5000
18/09/2002,5590
19/09/2002,6260
20/09/2002,9520
21/09/2002,12080
22/09/2002,14580
23/09/2002,15830
24/09/2002,15930
25/09/2002,14300
26/09/2002,11650
27/09/2002,8820
28/09/2002,6620
29/09/2002,5670
30/09/2002,4580
01/10/2002,3890
02/10/2002,4000
03/10/2002,4810
04/10/2002,4880
05/10/2002,5170
06/10/2002,5950
07/10/2002,7480
08/10/2002,8920
09/10/2002,9220
10/10/2002,10720
11/10/2002,11450
12/10/2002,11900
13/10/2002,13500
14/10/2002,14520
15/10/2002,14100
16/10/2002,13370
17/10/2002,11800
18/10/2002,12160
19/10/2002,10400
20/10/2002,9160
21/10/2002,8220
22/10/2002,7720
23/10/2002,7840
24/10/2002,8460
25/10/2002,9260
26/10/2002,9960
27/10/2002,9660
28/10/2002,8960
29/10/2002,9480
30/10/2002,11050
31/10/2002,12020
01/11/2002,11000
02/11/2002,11000
03/11/2002,11000
04/11/2002,10080
05/11/2002,9120
06/11/2002,8490
07/11/2002,7720
08/11/2002,7550
09/11/2002,6650
10/11/2002,6110
11/11/2002,4920
12/11/2002,4810
13/11/2002,5190
14/11/2002,3930
15/11/2002,6760
16/11/2002,7130
17/11/2002,5450
18/11/2002,4310
19/11/2002,3600
20/11/2002,3480
21/11/2002,3690
22/11/2002,3760
23/11/2002,5270
24/11/2002,5340
25/11/2002,5000
26/11/2002,4580
27/11/2002,3930
28/11/2002,3650
29/11/2002,3100
30/11/2002,3560
01/12/2002,4530
02/12/2002,4970
03/12/2002,6670
04/12/2002,8440
05/12/2002,8860
06/12/2002,8640
07/12/2002,7940
08/12/2002,8760
09/12/2002,9900
10/12/2002,11000
11/12/2002,11650
12/12/2002,11000
13/12/2002,9660
14/12/2002,8490
15/12/2002,6680
16/12/2002,5500
17/12/2002,4590
18/12/2002,4430
19/12/2002,3930
20/12/2002,3160
21/12/2002,2910
22/12/2002,3130
23/12/2002,4880
24/12/2002,5990
25/12/2002,6150
26/12/2002,6740
27/12/2002,7820
28/12/2002,10580
29/12/2002,11350
30/12/2002,10000
31/12/2002,7710
01/01/2003,5700
02/01/2003,4400
03/01/2003,3300
04/01/2003,3050
05/01/2003,2920
06/01/2003,2920
07/01/2003,2820
08/01/2003,2770
09/01/2003,2580
10/01/2003,2580
11/01/2003,2580
12/01/2003,2560
13/01/2003,2560
14/01/2003,2740
15/01/2003,3230
16/01/2003,3000
17/01/2003,2620
18/01/2003,2310
19/01/2003,2310
20/01/2003,2450
21/01/2003,2360
22/01/2003,2380
23/01/2003,2470
24/01/2003,2470
25/01/2003,2830
26/01/2003,4270
27/01/2003,4410
28/01/2003,3760
29/01/2003,3180
30/01/2003,2420
31/01/2003,2140
01/02/2003,1630
02/02/2003,1630
03/02/2003,1630
04/02/2003,1630
05/02/2003,1630
06/02/2003,1630
07/02/2003,1480
08/02/2003,1210
09/02/2003,1300
10/02/2003,1550
11/02/2003,1440
12/02/2003,1670
13/02/2003,1950
14/02/2003,2140
15/02/2003,2460
16/02/2003,2990
17/02/2003,2650
18/02/2003,2600
19/02/2003,2460
20/02/2003,2200
21/02/2003,1980
22/02/2003,2250
23/02/2003,3870
24/02/2003,5290
25/02/2003,5670
26/02/2003,5840
27/02/2003,5740
28/02/2003,4400
01/03/2003,3840
02/03/2003,3110
03/03/2003,2880
04/03/2003,2600
05/03/2003,2460
06/03/2003,2460
07/03/2003,2310
08/03/2003,1940
09/03/2003,2130
10/03/2003,2320
11/03/2003,3020
12/03/2003,3930
13/03/2003,4190
14/03/2003,3630
15/03/2003,3320
16/03/2003,3000
17/03/2003,3160
18/03/2003,3540
19/03/2003,3370
20/03/2003,2810
21/03/2003,2560
22/03/2003,2250
23/03/2003,2580
24/03/2003,2480
25/03/2003,2390
26/03/2003,2330
27/03/2003,2020
28/03/2003,1790
29/03/2003,1620
30/03/2003,1620
31/03/2003,1880
01/04/2003,1920
02/04/2003,1830
03/04/2003,1910
04/04/2003,1580
05/04/2003,1430
06/04/2003,1490
07/04/2003,1650
08/04/2003,2280
09/04/2003,2490
10/04/2003,2070
11/04/2003,1820
12/04/2003,1640
13/04/2003,1520
14/04/2003,1430
15/04/2003,1400
16/04/2003,1370
17/04/2003,1370
18/04/2003,1210
19/04/2003,1010
20/04/2003,1140
21/04/2003,1500
22/04/2003,1730
23/04/2003,1620
24/04/2003,1620
25/04/2003,1580
26/04/2003,1460
27/04/2003,1420
28/04/2003,1200
29/04/2003,1360
30/04/2003,1330
01/05/2003,1730
02/05/2003,2620
03/05/2003,3860
04/05/2003,4520
05/05/2003,4980
06/05/2003,5270
07/05/2003,4830
08/05/2003,3910
09/05/2003,3020
10/05/2003,2150
11/05/2003,1760
12/05/2003,1730
13/05/2003,1730
14/05/2003,1640
15/05/2003,1640
16/05/2003,1500
17/05/2003,1320
18/05/2003,1300
19/05/2003,1660
20/05/2003,1700
21/05/2003,1700
22/05/2003,1630
23/05/2003,1400
24/05/2003,1210
25/05/2003,1050
26/05/2003,1050
27/05/2003,1050
28/05/2003,1290
29/05/2003,1290
30/05/2003,1290
31/05/2003,1180
01/06/2003,1110
02/06/2003,1110
03/06/2003,1110
04/06/2003,1110
05/06/2003,1110
06/06/2003,1110
07/06/2003,1200
08/06/2003,1200
09/06/2003,1620
10/06/2003,1830
11/06/2003,2160
12/06/2003,2000
13/06/2003,1780
14/06/2003,1630
15/06/2003,1900
16/06/2003,2040
17/06/2003,1930
18/06/2003,1810
19/06/2003,2140
20/06/2003,2590
21/06/2003,2550
22/06/2003,2540
23/06/2003,2560
24/06/2003,2450
25/06/2003,2240
26/06/2003,2190
27/06/2003,1880
28/06/2003,1580
29/06/2003,1570
30/06/2003,1610
01/07/2003,1750
02/07/2003,1630
03/07/2003,1630
04/07/2003,1280
05/07/2003,1240
06/07/2003,1140
07/07/2003,1200
08/07/2003,1200
09/07/2003,1200
10/07/2003,1320
11/07/2003,1490
12/07/2003,1660
13/07/2003,1920
14/07/2003,2330
15/07/2003,2510
16/07/2003,2050
17/07/2003,1800
18/07/2003,1580
19/07/2003,1580
20/07/2003,2050
21/07/2003,2770
22/07/2003,2790
23/07/2003,2480
24/07/2003,2260
25/07/2003,1870
26/07/2003,1680
27/07/2003,1760
28/07/2003,1930
29/07/2003,1930
30/07/2003,1930
31/07/2003,1780
01/08/2003,1610
02/08/2003,1370
03/08/2003,1490
04/08/2003,1570
05/08/2003,1410
06/08/2003,1200
07/08/2003,1140
08/08/2003,1140
09/08/2003,1140
10/08/2003,1050
11/08/2003,1040
12/08/2003,1040
13/08/2003,1040
14/08/2003,960
15/08/2003,960
16/08/2003,910
17/08/2003,910
18/08/2003,910
19/08/2003,910
20/08/2003,950
21/08/2003,950
22/08/2003,950
23/08/2003,950
24/08/2003,950
25/08/2003,950
26/08/2003,950
27/08/2003,1160
28/08/2003,1340
29/08/2003,1340
30/08/2003,1340
31/08/2003,1210
01/09/2003,1160
02/09/2003,1020
03/09/2003,940
04/09/2003,940
05/09/2003,940
06/09/2003,820
07/09/2003,800
08/09/2003,800
09/09/2003,800
10/09/2003,850
11/09/2003,1210
12/09/2003,1360
13/09/2003,1310
14/09/2003,1310
15/09/2003,1250
16/09/2003,1250
17/09/2003,1190
18/09/2003,1050
19/09/2003,970
20/09/2003,910
21/09/2003,820
22/09/2003,820
23/09/2003,920
24/09/2003,1030
25/09/2003,1030
26/09/2003,1030
27/09/2003,840
28/09/2003,840
29/09/2003,740
30/09/2003,740
01/10/2003,740
02/10/2003,740
03/10/2003,740
04/10/2003,740
05/10/2003,740
06/10/2003,740
07/10/2003,740
08/10/2003,740
09/10/2003,740
10/10/2003,740
11/10/2003,850
12/10/2003,1350
13/10/2003,1400
14/10/2003,2010
15/10/2003,2070
16/10/2003,1680
17/10/2003,1490
18/10/2003,1240
19/10/2003,1080
20/10/2003,940
21/10/2003,930
22/10/2003,970
23/10/2003,990
24/10/2003,1160
25/10/2003,1350
26/10/2003,1650
27/10/2003,1820
28/10/2003,2000
29/10/2003,3100
30/10/2003,4460
31/10/2003,5240
01/11/2003,4470
02/11/2003,3750
03/11/2003,3200
04/11/2003,2400
05/11/2003,2030
06/11/2003,1800
07/11/2003,1600
08/11/2003,1430
09/11/2003,1440
10/11/2003,1510
11/11/2003,1510
12/11/2003,1510
13/11/2003,1511
14/11/2003,1290
15/11/2003,1140
16/11/2003,1260
17/11/2003,1480
18/11/2003,1870
19/11/2003,2500
20/11/2003,2910
21/11/2003,4330
22/11/2003,5850
23/11/2003,5900
24/11/2003,3980
25/11/2003,3040
26/11/2003,2800
27/11/2003,3960
28/11/2003,3560
29/11/2003,3680
30/11/2003,3930
01/12/2003,3720
02/12/2003,3270
03/12/2003,2955
04/12/2003,2600
05/12/2003,2120
06/12/2003,1700
07/12/2003,1830
08/12/2003,1740
09/12/2003,1650
10/12/2003,1630
11/12/2003,1520
12/12/2003,1720
13/12/2003,1930
14/12/2003,4130
15/12/2003,5780
16/12/2003,7070
17/12/2003,10850
18/12/2003,13850
19/12/2003,14360
20/12/2003,15060
21/12/2003,15450
22/12/2003,14740
23/12/2003,12860
24/12/2003,12320
25/12/2003,13560
26/12/2003,15190
27/12/2003,15640
28/12/2003,12700
29/12/2003,10200
30/12/2003,7580
31/12/2003,6030
01/01/2004,4860
02/01/2004,4350
03/01/2004,3880
04/01/2004,5950
05/01/2004,7020
06/01/2004,6080
07/01/2004,4380
08/01/2004,3540
09/01/2004,3080
10/01/2004,2820
11/01/2004,2870
12/01/2004,2870
13/01/2004,2870
14/01/2004,2710
15/01/2004,2400
16/01/2004,1990
17/01/2004,1860
18/01/2004,1940
19/01/2004,1750
20/01/2004,1800
21/01/2004,1950
22/01/2004,1900
23/01/2004,1880
24/01/2004,1770
25/01/2004,1730
26/01/2004,1680
27/01/2004,1680
28/01/2004,1770
29/01/2004,2070
30/01/2004,1920
31/01/2004,1740
01/02/2004,1680
02/02/2004,1470
03/02/2004,1350
04/02/2004,1380
05/02/2004,1450
06/02/2004,1420
07/02/2004,1410
08/02/2004,1550
09/02/2004,1670
10/02/2004,1670
11/02/2004,1670
12/02/2004,1610
13/02/2004,1380
14/02/2004,1250
15/02/2004,1180
16/02/2004,1090
17/02/2004,940
18/02/2004,930
19/02/2004,970
20/02/2004,1040
21/02/2004,1040
22/02/2004,1040
23/02/2004,1040
24/02/2004,1040
25/02/2004,1710
26/02/2004,1760
27/02/2004,1310
28/02/2004,1020
29/02/2004,880
01/03/2004,830
02/03/2004,760
03/03/2004,750
04/03/2004,750
05/03/2004,680
06/03/2004,680
07/03/2004,680
08/03/2004,680
09/03/2004,680
10/03/2004,680
11/03/2004,680
12/03/2004,680
13/03/2004,680
14/03/2004,680
15/03/2004,770
16/03/2004,830
17/03/2004,830
18/03/2004,830
19/03/2004,830
20/03/2004,870
21/03/2004,870
22/03/2004,870
23/03/2004,810
24/03/2004,690
25/03/2004,690
26/03/2004,690
27/03/2004,630
28/03/2004,560
29/03/2004,550
30/03/2004,550
31/03/2004,550
01/04/2004,550
02/04/2004,550
03/04/2004,550
04/04/2004,660
05/04/2004,750
06/04/2004,750
07/04/2004,750
08/04/2004,750
09/04/2004,680
10/04/2004,680
11/04/2004,620
12/04/2004,510
13/04/2004,510
14/04/2004,670
15/04/2004,740
16/04/2004,650
17/04/2004,650
18/04/2004,590
19/04/2004,550
20/04/2004,670
21/04/2004,670
22/04/2004,670
23/04/2004,710
24/04/2004,760
25/04/2004,1050
26/04/2004,1370
27/04/2004,1440
28/04/2004,1510
29/04/2004,1600
30/04/2004,1440
01/05/2004,1300
02/05/2004,1120
03/05/2004,970
04/05/2004,960
05/05/2004,1210
06/05/2004,1340
07/05/2004,1310
08/05/2004,1130
09/05/2004,1060
10/05/2004,1290
11/05/2004,1290
12/05/2004,1290
13/05/2004,1750
14/05/2004,1630
15/05/2004,1530
16/05/2004,1600
17/05/2004,2110
18/05/2004,2340
19/05/2004,2340
20/05/2004,2190
21/05/2004,1920
22/05/2004,1560
23/05/2004,1560
24/05/2004,1560
25/05/2004,1560
26/05/2004,1480
27/05/2004,1480
28/05/2004,1480
29/05/2004,1580
30/05/2004,2160
31/05/2004,2510
01/06/2004,2420
02/06/2004,1990
03/06/2004,1780
04/06/2004,1580
05/06/2004,1380
06/06/2004,1220
07/06/2004,1220
08/06/2004,1120
09/06/2004,1130
10/06/2004,1130
11/06/2004,1060
12/06/2004,950
13/06/2004,940
14/06/2004,1030
15/06/2004,1380
16/06/2004,1550
17/06/2004,1750
18/06/2004,1600
19/06/2004,1430
20/06/2004,1300
21/06/2004,1280
22/06/2004,1280
23/06/2004,1250
24/06/2004,1170
25/06/2004,1170
26/06/2004,1170
27/06/2004,1390
28/06/2004,1470
29/06/2004,1550
30/06/2004,1600
01/07/2004,1600
02/07/2004,1450
03/07/2004,1320
04/07/2004,1310
05/07/2004,1410
06/07/2004,1410
07/07/2004,1410
08/07/2004,1720
09/07/2004,3120
10/07/2004,2900
11/07/2004,2280
12/07/2004,2140
13/07/2004,2140
14/07/2004,2450
15/07/2004,2460
16/07/2004,2360
17/07/2004,2090
18/07/2004,1990
19/07/2004,2320
20/07/2004,4450
21/07/2004,5510
22/07/2004,4790
23/07/2004,3800
24/07/2004,3310
25/07/2004,2600
26/07/2004,2290
27/07/2004,2010
28/07/2004,1920
29/07/2004,1800
30/07/2004,1570
31/07/2004,1530
01/08/2004,1530
02/08/2004,1430
03/08/2004,1350
04/08/2004,1350
05/08/2004,1530
06/08/2004,1530
07/08/2004,1380
08/08/2004,1260
09/08/2004,1230
10/08/2004,1370
11/08/2004,1460
12/08/2004,1460
13/08/2004,1330
14/08/2004,1200
15/08/2004,980
16/08/2004,1310
17/08/2004,1330
18/08/2004,1410
19/08/2004,1410
20/08/2004,1250
21/08/2004,1040
22/08/2004,900
23/08/2004,1010
24/08/2004,1010
25/08/2004,960
26/08/2004,960
27/08/2004,960
28/08/2004,960
29/08/2004,880
30/08/2004,850
31/08/2004,1240
01/09/2004,1320
02/09/2004,1270
03/09/2004,1200
04/09/2004,1050
05/09/2004,980
06/09/2004,980
07/09/2004,980
08/09/2004,950
09/09/2004,930
10/09/2004,880
11/09/2004,790
12/09/2004,760
13/09/2004,680
14/09/2004,680
15/09/2004,680
16/09/2004,740
17/09/2004,850
18/09/2004,920
19/09/2004,1990
20/09/2004,1970
21/09/2004,1960
22/09/2004,1960
23/09/2004,1930
24/09/2004,1700
25/09/2004,1610
26/09/2004,2090
27/09/2004,2070
28/09/2004,1950
29/09/2004,1840
30/09/2004,2190
01/10/2004,2870
02/10/2004,4790
03/10/2004,6860
04/10/2004,6290
05/10/2004,4110
06/10/2004,3320
07/10/2004,2630
08/10/2004,2230
09/10/2004,2040
10/10/2004,1850
11/10/2004,1680
12/10/2004,1670
13/10/2004,1630
14/10/2004,1590
15/10/2004,1520
16/10/2004,1670
17/10/2004,2640
18/10/2004,4400
19/10/2004,1680
20/10/2004,4640
21/10/2004,5330
22/10/2004,5470
23/10/2004,5980
24/10/2004,5250
25/10/2004,4570
26/10/2004,4460
27/10/2004,5170
28/10/2004,5600
29/10/2004,5510
30/10/2004,5510
31/10/2004,5010
01/11/2004,4010
02/11/2004,3140
03/11/2004,2690
04/11/2004,2300
05/11/2004,2430
06/11/2004,2660
07/11/2004,3310
08/11/2004,4490
09/11/2004,5430
10/11/2004,4640
11/11/2004,4080
12/11/2004,3980
13/11/2004,4370
14/11/2004,4440
15/11/2004,5220
16/11/2004,5790
17/11/2004,5400
18/11/2004,4950
19/11/2004,4350
20/11/2004,4490
21/11/2004,4260
22/11/2004,3600
23/11/2004,3080
24/11/2004,2550
25/11/2004,2270
26/11/2004,2080
27/11/2004,1980
28/11/2004,1830
29/11/2004,1650
30/11/2004,1730
01/12/2004,1920
02/12/2004,2100
03/12/2004,2010
04/12/2004,1910
05/12/2004,1840
06/12/2004,1800
07/12/2004,1630
08/12/2004,1910
09/12/2004,1950
10/12/2004,1770
11/12/2004,1600
12/12/2004,1560
13/12/2004,1620
14/12/2004,1600
15/12/2004,1480
16/12/2004,820
17/12/2004,1340
18/12/2004,1200
19/12/2004,1160
20/12/2004,1210
21/12/2004,1340
22/12/2004,1340
23/12/2004,1310
24/12/2004,1300
25/12/2004,1250
26/12/2004,1180
27/12/2004,1150
28/12/2004,1150
29/12/2004,1150
30/12/2004,1150
31/12/2004,1000
01/01/2005,810
02/01/2005,800
03/01/2005,800
04/01/2005,800
05/01/2005,830
06/01/2005,920
07/01/2005,920
08/01/2005,780
09/01/2005,710
10/01/2005,850
11/01/2005,940
12/01/2005,940
13/01/2005,980
14/01/2005,980
15/01/2005,1100
16/01/2005,1100
17/01/2005,1170
18/01/2005,1170
19/01/2005,1140
20/01/2005,1070
21/01/2005,990
22/01/2005,940
23/01/2005,830
24/01/2005,830
25/01/2005,830
26/01/2005,890
27/01/2005,930
28/01/2005,930
29/01/2005,790
30/01/2005,1000
31/01/2005,1410
01/02/2005,1360
02/02/2005,1230
03/02/2005,1210
04/02/2005,1090
05/02/2005,1010
06/02/2005,930
07/02/2005,930
08/02/2005,930
09/02/2005,930
10/02/2005,930
11/02/2005,930
12/02/2005,840
13/02/2005,790
14/02/2005,640
15/02/2005,620
16/02/2005,620
17/02/2005,700
18/02/2005,770
19/02/2005,700
20/02/2005,560
21/02/2005,560
22/02/2005,560
23/02/2005,870
24/02/2005,910
25/02/2005,910
26/02/2005,800
27/02/2005,700
28/02/2005,820
01/03/2005,990
02/03/2005,920
03/03/2005,850
04/03/2005,760
05/03/2005,620
06/03/2005,560
07/03/2005,480
08/03/2005,480
09/03/2005,480
10/03/2005,480
11/03/2005,480
12/03/2005,480
13/03/2005,480
14/03/2005,480
15/03/2005,510
16/03/2005,630
17/03/2005,630
18/03/2005,680
19/03/2005,770
20/03/2005,730
21/03/2005,580
22/03/2005,570
23/03/2005,570
24/03/2005,570
25/03/2005,610
26/03/2005,640
27/03/2005,580
28/03/2005,450
29/03/2005,450
30/03/2005,500
31/03/2005,510
01/04/2005,510
02/04/2005,460
03/04/2005,450
04/04/2005,588
05/04/2005,726
06/04/2005,1420
07/04/2005,2840
08/04/2005,3420
09/04/2005,2880
10/04/2005,2550
11/04/2005,2620
12/04/2005,2920
13/04/2005,3100
14/04/2005,3100
15/04/2005,2710
16/04/2005,2490
17/04/2005,2270
18/04/2005,1980
19/04/2005,1800
20/04/2005,1590
21/04/2005,1580
22/04/2005,1580
23/04/2005,1580
24/04/2005,1860
25/04/2005,1920
26/04/2005,2050
27/04/2005,2430
28/04/2005,2950
29/04/2005,2620
30/04/2005,2510
01/05/2005,2420
02/05/2005,2090
03/05/2005,1990
04/05/2005,1830
05/05/2005,1610
06/05/2005,1480
07/05/2005,1270
08/05/2005,1310
09/05/2005,1370
10/05/2005,1700
11/05/2005,1800
12/05/2005,1950
13/05/2005,2040
14/05/2005,1980
15/05/2005,1980
16/05/2005,2140
17/05/2005,3340
18/05/2005,3620
19/05/2005,3630
20/05/2005,4330
21/05/2005,5780
22/05/2005,6790
23/05/2005,12430
24/05/2005,16310
25/05/2005,19150
26/05/2005,18230
27/05/2005,16120
28/05/2005,11350
29/05/2005,9340
30/05/2005,7500
31/05/2005,5560
01/06/2005,4710
02/06/2005,4080
03/06/2005,3130
04/06/2005,2910
05/06/2005,2770
06/06/2005,2460
07/06/2005,2270
08/06/2005,2100
09/06/2005,2010
10/06/2005,1910
11/06/2005,1850
12/06/2005,1830
13/06/2005,1900
14/06/2005,2620
15/06/2005,5700
16/06/2005,10400
17/06/2005,14010
18/06/2005,16600
19/06/2005,19150
20/06/2005,22130
21/06/2005,24950
22/06/2005,26680
23/06/2005,25580
24/06/2005,21650
25/06/2005,17350
26/06/2005,12700
27/06/2005,9460
28/06/2005,7950
29/06/2005,6830
30/06/2005,5520
01/07/2005,4880
02/07/2005,4230
03/07/2005,3770
04/07/2005,3240
05/07/2005,3000
06/07/2005,2780
07/07/2005,2570
08/07/2005,2360
09/07/2005,2170
10/07/2005,2120
11/07/2005,1990
12/07/2005,1950
13/07/2005,1810
14/07/2005,1630
15/07/2005,1490
16/07/2005,1490
17/07/2005,1490
18/07/2005,1490
19/07/2005,1600
20/07/2005,1600
21/07/2005,1830
22/07/2005,2410
23/07/2005,2600
24/07/2005,2920
25/07/2005,2970
26/07/2005,2850
27/07/2005,2940
28/07/2005,3510
29/07/2005,3650
30/07/2005,3270
31/07/2005,2780
01/08/2005,2360
02/08/2005,2230
03/08/2005,2020
04/08/2005,1840
05/08/2005,1580
06/08/2005,1430
07/08/2005,1430
08/08/2005,1430
09/08/2005,680
10/08/2005,1430
11/08/2005,1330
12/08/2005,1280
13/08/2005,1250
14/08/2005,1180
15/08/2005,1250
16/08/2005,1280
17/08/2005,1310
18/08/2005,1310
19/08/2005,1250
20/08/2005,1230
21/08/2005,1230
22/08/2005,1230
23/08/2005,1380
24/08/2005,1650
25/08/2005,1820
26/08/2005,2020
27/08/2005,2040
28/08/2005,2040
29/08/2005,1770
30/08/2005,1690
31/08/2005,1630
01/09/2005,1510
02/09/2005,1470
03/09/2005,1430
04/09/2005,1490
05/09/2005,4330
06/09/2005,5400
07/09/2005,4210
08/09/2005,4760
09/09/2005,8900
10/09/2005,8550
11/09/2005,2790
12/09/2005,4690
13/09/2005,3850
14/09/2005,3630
15/09/2005,3330
16/09/2005,3210
17/09/2005,3100
18/09/2005,3420
19/09/2005,4790
20/09/2005,4980
21/09/2005,4440
22/09/2005,3840
23/09/2005,3540
24/09/2005,3100
25/09/2005,2990
26/09/2005,3240
27/09/2005,3500
28/09/2005,3340
29/09/2005,3680
30/09/2005,3980
01/10/2005,3540
02/10/2005,3060
03/10/2005,2980
04/10/2005,3090
05/10/2005,2960
06/10/2005,3410
07/10/2005,5290
08/10/2005,7450
09/10/2005,11950
10/10/2005,13100
11/10/2005,12400
12/10/2005,11450
13/10/2005,10500
14/10/2005,9200
15/10/2005,6680
16/10/2005,5050
17/10/2005,4090
18/10/2005,4500
19/10/2005,5600
20/10/2005,7600
21/10/2005,11800
22/10/2005,13690
23/10/2005,12780
24/10/2005,10360
25/10/2005,8440
26/10/2005,6820
27/10/2005,5320
28/10/2005,4030
29/10/2005,4030
30/10/2005,3720
31/10/2005,3780
01/11/2005,5330
02/11/2005,8880
03/11/2005,8150
04/11/2005,6960
05/11/2005,5170
06/11/2005,4080
07/11/2005,3370
08/11/2005,3320
09/11/2005,2520
10/11/2005,2380
11/11/2005,2640
12/11/2005,2650
13/11/2005,2840
14/11/2005,2720
15/11/2005,2150
16/11/2005,2130
17/11/2005,1890
18/11/2005,1800
19/11/2005,1830
20/11/2005,1800
21/11/2005,1870
22/11/2005,1740
23/11/2005,1740
24/11/2005,1630
25/11/2005,1530
26/11/2005,1380
27/11/2005,1700
28/11/2005,2130
29/11/2005,2480
30/11/2005,2330
01/12/2005,1970
02/12/2005,1750
03/12/2005,1620
04/12/2005,1800
05/12/2005,1840
06/12/2005,1680
07/12/2005,1610
08/12/2005,1550
09/12/2005,1380
10/12/2005,1360
11/12/2005,1360
12/12/2005,1360
13/12/2005,1310
14/12/2005,1210
15/12/2005,1100
16/12/2005,1030
17/12/2005,1030
18/12/2005,920
19/12/2005,1010
20/12/2005,1230
21/12/2005,1140
22/12/2005,1140
23/12/2005,1100
24/12/2005,950
25/12/2005,1040
26/12/2005,1040
27/12/2005,1060
28/12/2005,1060
29/12/2005,1200
30/12/2005,1100
31/12/2005,980
01/01/2006,940
02/01/2006,920
03/01/2006,990
04/01/2006,1050
05/01/2006,1050
06/01/2006,940
07/01/2006,890
08/01/2006,890
09/01/2006,890
10/01/2006,890
11/01/2006,890
12/01/2006,850
13/01/2006,850
14/01/2006,790
15/01/2006,740
16/01/2006,800
17/01/2006,810
18/01/2006,810
19/01/2006,910
20/01/2006,990
21/01/2006,850
22/01/2006,850
23/01/2006,850
24/01/2006,990
25/01/2006,990
26/01/2006,990
27/01/2006,990
28/01/2006,1100
29/01/2006,1130
30/01/2006,1260
31/01/2006,1350
01/02/2006,1380
02/02/2006,1270
03/02/2006,1060
04/02/2006,990
05/02/2006,870
06/02/2006,870
07/02/2006,870
08/02/2006,750
09/02/2006,690
10/02/2006,770
11/02/2006,790
12/02/2006,790
13/02/2006,900
14/02/2006,900
15/02/2006,900
16/02/2006,900
17/02/2006,760
18/02/2006,670
19/02/2006,670
20/02/2006,670
21/02/2006,730
22/02/2006,760
23/02/2006,760
24/02/2006,760
25/02/2006,760
26/02/2006,760
27/02/2006,760
28/02/2006,990
01/03/2006,1030
02/03/2006,1030
03/03/2006,950
04/03/2006,850
05/03/2006,740
06/03/2006,700
07/03/2006,740
08/03/2006,820
09/03/2006,930
10/03/2006,930
11/03/2006,980
12/03/2006,980
13/03/2006,920
14/03/2006,830
15/03/2006,830
16/03/2006,940
17/03/2006,890
18/03/2006,800
19/03/2006,640
20/03/2006,640
21/03/2006,750
22/03/2006,750
23/03/2006,860
24/03/2006,940
25/03/2006,980
26/03/2006,980
27/03/2006,1270
28/03/2006,1380
29/03/2006,1380
30/03/2006,1380
31/03/2006,1380
01/04/2006,1380
02/04/2006,1630
03/04/2006,1710
04/04/2006,1570
05/04/2006,1380
06/04/2006,1290
07/04/2006,1200
08/04/2006,1060
09/04/2006,1010
10/04/2006,1060
11/04/2006,1120
12/04/2006,1150
13/04/2006,1150
14/04/2006,1152.34
15/04/2006,980
16/04/2006,1070
17/04/2006,1420
18/04/2006,1510
19/04/2006,1400
20/04/2006,1270
21/04/2006,1190
22/04/2006,1190
23/04/2006,1050
24/04/2006,1040
25/04/2006,1040
26/04/2006,1040
27/04/2006,1040
28/04/2006,920
29/04/2006,920
30/04/2006,920
01/05/2006,920
02/05/2006,920
03/05/2006,920
04/05/2006,920
05/05/2006,920
06/05/2006,790
07/05/2006,700
08/05/2006,620
09/05/2006,590
10/05/2006,590
11/05/2006,590
12/05/2006,590
13/05/2006,590
14/05/2006,590
15/05/2006,490
16/05/2006,490
17/05/2006,490
18/05/2006,490
19/05/2006,530
20/05/2006,570
21/05/2006,570
22/05/2006,610
23/05/2006,760
24/05/2006,730
25/05/2006,780
26/05/2006,780
27/05/2006,780
28/05/2006,730
29/05/2006,620
30/05/2006,620
31/05/2006,620
01/06/2006,620
02/06/2006,610
03/06/2006,620
04/06/2006,620
05/06/2006,560
06/06/2006,590
07/06/2006,630
08/06/2006,630
09/06/2006,630
10/06/2006,630
11/06/2006,710
12/06/2006,710
13/06/2006,710
14/06/2006,710
15/06/2006,710
16/06/2006,710
17/06/2006,710
18/06/2006,710
19/06/2006,710
20/06/2006,710
21/06/2006,710
22/06/2006,710
23/06/2006,710
24/06/2006,710
25/06/2006,710
26/06/2006,710
27/06/2006,950
28/06/2006,1250
29/06/2006,1340
30/06/2006,1430
01/07/2006,1430
02/07/2006,1430
03/07/2006,1360
04/07/2006,1200
05/07/2006,1060
06/07/2006,1060
07/07/2006,880
08/07/2006,790
09/07/2006,790
10/07/2006,750
11/07/2006,750
12/07/2006,700
13/07/2006,700
14/07/2006,640
15/07/2006,640
16/07/2006,730
17/07/2006,750
18/07/2006,1050
19/07/2006,1050
20/07/2006,1050
21/07/2006,1050
22/07/2006,920
23/07/2006,790
24/07/2006,750
25/07/2006,750
26/07/2006,750
27/07/2006,980
28/07/2006,750
29/07/2006,800
30/07/2006,980
31/07/2006,1560
01/08/2006,1770
02/08/2006,1840
03/08/2006,1630
04/08/2006,1450
05/08/2006,1260
06/08/2006,1070
07/08/2006,1070
08/08/2006,1070
09/08/2006,1070
10/08/2006,1070
11/08/2006,1070
12/08/2006,1010
13/08/2006,920
14/08/2006,1060
15/08/2006,1110
16/08/2006,1110
17/08/2006,1110
18/08/2006,1110
19/08/2006,1760
20/08/2006,3830
21/08/2006,4830
22/08/2006,4210
23/08/2006,3180
24/08/2006,2310
25/08/2006,1800
26/08/2006,1520
27/08/2006,1420
28/08/2006,1420
29/08/2006,1490
30/08/2006,1490
31/08/2006,1530
01/09/2006,1530
02/09/2006,1360
03/09/2006,1110
04/09/2006,1390
05/09/2006,1420
06/09/2006,1570
07/09/2006,2110
08/09/2006,2030
09/09/2006,1890
10/09/2006,1890
11/09/2006,1890
12/09/2006,1890
13/09/2006,1660
14/09/2006,1930
15/09/2006,1800
16/09/2006,1630
17/09/2006,1870
18/09/2006,2080
19/09/2006,2080
20/09/2006,2130
21/09/2006,2080
22/09/2006,1810
23/09/2006,1680
24/09/2006,2070
25/09/2006,2590
26/09/2006,2640
27/09/2006,2430
28/09/2006,1920
29/09/2006,1570
30/09/2006,1490
01/10/2006,1710
02/10/2006,1740
03/10/2006,1740
04/10/2006,1740
05/10/2006,1650
06/10/2006,1380
07/10/2006,2410
08/10/2006,3800
09/10/2006,3480
10/10/2006,3120
11/10/2006,2680
12/10/2006,2090
13/10/2006,1820
14/10/2006,1820
15/10/2006,1630
16/10/2006,1600
17/10/2006,1800
18/10/2006,2470
19/10/2006,3090
20/10/2006,2960
21/10/2006,3230
22/10/2006,3270
23/10/2006,2740
24/10/2006,2430
25/10/2006,2030
26/10/2006,1890
27/10/2006,1550
28/10/2006,1510
29/10/2006,1240
30/10/2006,1350
31/10/2006,1420
01/11/2006,1420
02/11/2006,1420
03/11/2006,1510
04/11/2006,1570
05/11/2006,1750
06/11/2006,1850
07/11/2006,1600
08/11/2006,1830
09/11/2006,2820
10/11/2006,3000
11/11/2006,3320
12/11/2006,3060
13/11/2006,2480
14/11/2006,1920
15/11/2006,1580
16/11/2006,1420
17/11/2006,1250
18/11/2006,1250
19/11/2006,1240
20/11/2006,1370
21/11/2006,1660
22/11/2006,5830
23/11/2006,7260
24/11/2006,6890
25/11/2006,5320
26/11/2006,4040
27/11/2006,3570
28/11/2006,3840
29/11/2006,3840
30/11/2006,3080
01/12/2006,2570
02/12/2006,2320
03/12/2006,2390
04/12/2006,2600
05/12/2006,2500
06/12/2006,2100
07/12/2006,1920
08/12/2006,1590
09/12/2006,1530
10/12/2006,1640
11/12/2006,1640
12/12/2006,1640
13/12/2006,1640
14/12/2006,1520
15/12/2006,1380
16/12/2006,1250
17/12/2006,1250
18/12/2006,1250
19/12/2006,1250
20/12/2006,1250
21/12/2006,1250
22/12/2006,1250
23/12/2006,1360
24/12/2006,1550
25/12/2006,1900
26/12/2006,2080
27/12/2006,4250
28/12/2006,6680
29/12/2006,6580
30/12/2006,5290
31/12/2006,3860
01/01/2007,3860
02/01/2007,2750
03/01/2007,1070
04/01/2007,1750
05/01/2007,1750
06/01/2007,1650
07/01/2007,1530
08/01/2007,1530
09/01/2007,1700
10/01/2007,1740
11/01/2007,1740
12/01/2007,1580
13/01/2007,1570
14/01/2007,1640
15/01/2007,1960
16/01/2007,1960
17/01/2007,1680
18/01/2007,1600
19/01/2007,1450
20/01/2007,1320
21/01/2007,1230
22/01/2007,1530
23/01/2007,1650
24/01/2007,1650
25/01/2007,2010
26/01/2007,1770
27/01/2007,1490
28/01/2007,1370
29/01/2007,1480
30/01/2007,2100
31/01/2007,2230
01/02/2007,2160
02/02/2007,2180
03/02/2007,1980
04/02/2007,1800
05/02/2007,1630
06/02/2007,1540
07/02/2007,1600
08/02/2007,1540
09/02/2007,1400
10/02/2007,1270
11/02/2007,1200
12/02/2007,1200
13/02/2007,1340
14/02/2007,1340
15/02/2007,1340
16/02/2007,1200
17/02/2007,990
18/02/2007,910
19/02/2007,1050
20/02/2007,1130
21/02/2007,1050
22/02/2007,1160
23/02/2007,1110
24/02/2007,980
25/02/2007,970
26/02/2007,1250
27/02/2007,1430
28/02/2007,1980
01/03/2007,2060
02/03/2007,2210
03/03/2007,2350
04/03/2007,2350
05/03/2007,2560
06/03/2007,2300
07/03/2007,2130
08/03/2007,2080
09/03/2007,1860
10/03/2007,1420
11/03/2007,1390
12/03/2007,2100
13/03/2007,2590
14/03/2007,2670
15/03/2007,2300
16/03/2007,1830
17/03/2007,1540
18/03/2007,1690
19/03/2007,1790
20/03/2007,1790
21/03/2007,1860
22/03/2007,1780
23/03/2007,1780
24/03/2007,1850
25/03/2007,2010
26/03/2007,2010
27/03/2007,1760
28/03/2007,1600
29/03/2007,1580
30/03/2007,1430
31/03/2007,1300
01/04/2007,1230
02/04/2007,1350
03/04/2007,1410
04/04/2007,1410
05/04/2007,1510
06/04/2007,1370
07/04/2007,1240
08/04/2007,1310
09/04/2007,1610
10/04/2007,1850
11/04/2007,2100
12/04/2007,1820
13/04/2007,1530
14/04/2007,1430
15/04/2007,1530
16/04/2007,2140
17/04/2007,3790
18/04/2007,4510
19/04/2007,6290
20/04/2007,6380
21/04/2007,4910
22/04/2007,3930
23/04/2007,2920
24/04/2007,2480
25/04/2007,2330
26/04/2007,1950
27/04/2007,1990
28/04/2007,1830
29/04/2007,3020
30/04/2007,5900
01/05/2007,4980
02/05/2007,3470
03/05/2007,2680
04/05/2007,2230
05/05/2007,2010
06/05/2007,2000
07/05/2007,2390
08/05/2007,2930
09/05/2007,3250
10/05/2007,3750
11/05/2007,3980
12/05/2007,5430
13/05/2007,5600
14/05/2007,4270
15/05/2007,3710
16/05/2007,3090
17/05/2007,2870
18/05/2007,3200
19/05/2007,6330
20/05/2007,10020
21/05/2007,10800
22/05/2007,11250
23/05/2007,10000
24/05/2007,10380
25/05/2007,12860
26/05/2007,14490
27/05/2007,13400
28/05/2007,10440
29/05/2007,8580
30/05/2007,6050
31/05/2007,5000
01/06/2007,4430
02/06/2007,3300
03/06/2007,3000
04/06/2007,2660
05/06/2007,2470
06/06/2007,2470
07/06/2007,2470
08/06/2007,1990
09/06/2007,1810
10/06/2007,1940
11/06/2007,2040
12/06/2007,2040
13/06/2007,2040
14/06/2007,1830
15/06/2007,1620
16/06/2007,1580
17/06/2007,1810
18/06/2007,1810
19/06/2007,1900
20/06/2007,1980
21/06/2007,1910
22/06/2007,1730
23/06/2007,1550
24/06/2007,1920
25/06/2007,1970
26/06/2007,1970
27/06/2007,1970
28/06/2007,1800
29/06/2007,1310
30/06/2007,1130
01/07/2007,1490
02/07/2007,1780
03/07/2007,1840
04/07/2007,1800
05/07/2007,1750
06/07/2007,1320
07/07/2007,1100
08/07/2007,1400
09/07/2007,1630
10/07/2007,1710
11/07/2007,2010
12/07/2007,2240
13/07/2007,4330
14/07/2007,6020
15/07/2007,5730
16/07/2007,4310
17/07/2007,3760
18/07/2007,3510
19/07/2007,3360
20/07/2007,2270
21/07/2007,2270
22/07/2007,2880
23/07/2007,3200
24/07/2007,3200
25/07/2007,3200
26/07/2007,5290
27/07/2007,10200
28/07/2007,9620
29/07/2007,7090
30/07/2007,5360
31/07/2007,4150
01/08/2007,3050
02/08/2007,2820
03/08/2007,2520
04/08/2007,2410
05/08/2007,2410
06/08/2007,2520
07/08/2007,3800
08/08/2007,4810
09/08/2007,4520
10/08/2007,3400
11/08/2007,3220
12/08/2007,2980
13/08/2007,2710
14/08/2007,2410
15/08/2007,2360
16/08/2007,2280
17/08/2007,2130
18/08/2007,2020
19/08/2007,2020
20/08/2007,2020
21/08/2007,2020
22/08/2007,2020
23/08/2007,1960
24/08/2007,1960
25/08/2007,1780
26/08/2007,1610
27/08/2007,1610
28/08/2007,1610
29/08/2007,1610
30/08/2007,1870
31/08/2007,1700
01/09/2007,1530
02/09/2007,1920
03/09/2007,1920
04/09/2007,1970
05/09/2007,1970
06/09/2007,1920
07/09/2007,1530
08/09/2007,1390
09/09/2007,1390
10/09/2007,1460
11/09/2007,1460
12/09/2007,1320
13/09/2007,1240
14/09/2007,1200
15/09/2007,1060
16/09/2007,1140
17/09/2007,1250
18/09/2007,1300
19/09/2007,1370
20/09/2007,1840
21/09/2007,2110
22/09/2007,2230
23/09/2007,2430
24/09/2007,3650
25/09/2007,6455
26/09/2007,7090
27/09/2007,7790
28/09/2007,7760
29/09/2007,7360
30/09/2007,6900
01/10/2007,6560
02/10/2007,5450
03/10/2007,3800
04/10/2007,3060
05/10/2007,2230
06/10/2007,2270
07/10/2007,2310
08/10/2007,2190
09/10/2007,2070
10/10/2007,2070
11/10/2007,2010
12/10/2007,2000
13/10/2007,2110
14/10/2007,3560
15/10/2007,5950
16/10/2007,6520
17/10/2007,6880
18/10/2007,6550
19/10/2007,7500
20/10/2007,10100
21/10/2007,10500
22/10/2007,8900
23/10/2007,6590
24/10/2007,6560
25/10/2007,6150
26/10/2007,5940
27/10/2007,4940
28/10/2007,3880
29/10/2007,3200
30/10/2007,3070
31/10/2007,2900
01/11/2007,3130
02/11/2007,3290
03/11/2007,4990
04/11/2007,6440
05/11/2007,7180
06/11/2007,10200
07/11/2007,11300
08/11/2007,9960
09/11/2007,7790
10/11/2007,5980
11/11/2007,4560
12/11/2007,3720
13/11/2007,3920
14/11/2007,5500
15/11/2007,5300
16/11/2007,5010
17/11/2007,4770
18/11/2007,9100
19/11/2007,9760
20/11/2007,8800
21/11/2007,8260
22/11/2007,7150
23/11/2007,6080
24/11/2007,4820
25/11/2007,3830
26/11/2007,3240
27/11/2007,2970
28/11/2007,2800
29/11/2007,2800
30/11/2007,2710
01/12/2007,2530
02/12/2007,2330
03/12/2007,2330
04/12/2007,2330
05/12/2007,2280
06/12/2007,2190
07/12/2007,2190
08/12/2007,2190
09/12/2007,2300
10/12/2007,2300
11/12/2007,2520
12/12/2007,2520
13/12/2007,2560
14/12/2007,2240
15/12/2007,2230
16/12/2007,2440
17/12/2007,2490
18/12/2007,2300
19/12/2007,2140
20/12/2007,1820
21/12/2007,1540
22/12/2007,1400
23/12/2007,1610
24/12/2007,1650
25/12/2007,1650
26/12/2007,1600
27/12/2007,1460
28/12/2007,1190
29/12/2007,1140
30/12/2007,1202
31/12/2007,
01/01/2008,1450
02/01/2008,1690
03/01/2008,2060
04/01/2008,2080
05/01/2008,1790
06/01/2008,1600
07/01/2008,1460
08/01/2008,1510
09/01/2008,1660
10/01/2008,1670
11/01/2008,1510
12/01/2008,1430
13/01/2008,1490
14/01/2008,1650
15/01/2008,1690
16/01/2008,1690
17/01/2008,1620
18/01/2008,1570
19/01/2008,1300
20/01/2008,1490
21/01/2008,1520
22/01/2008,1610
23/01/2008,1610
24/01/2008,1530
25/01/2008,1390
26/01/2008,1100
27/01/2008,1190
28/01/2008,1240
29/01/2008,1240
30/01/2008,1180
31/01/2008,1120
01/02/2008,1020
02/02/2008,950
03/02/2008,870
04/02/2008,870
05/02/2008,1080
06/02/2008,1080
07/02/2008,1210
08/02/2008,1160
09/02/2008,1020
10/02/2008,880
11/02/2008,730
12/02/2008,690
13/02/2008,1040
14/02/2008,1180
15/02/2008,1090
16/02/2008,940
17/02/2008,850
18/02/2008,1210
19/02/2008,1350
20/02/2008,1490
21/02/2008,1480
22/02/2008,1210
23/02/2008,950
24/02/2008,1120
25/02/2008,1340
26/02/2008,1340
27/02/2008,1370
28/02/2008,1360
29/02/2008,1120
01/03/2008,910
02/03/2008,690
03/03/2008,1190
04/03/2008,1140
05/03/2008,1050
06/03/2008,1000
07/03/2008,960
08/03/2008,950
09/03/2008,850
10/03/2008,990
11/03/2008,1060
12/03/2008,1060
13/03/2008,1060
14/03/2008,960
15/03/2008,760
16/03/2008,710
17/03/2008,820
18/03/2008,870
19/03/2008,950
20/03/2008,830
21/03/2008,730
22/03/2008,630
23/03/2008,630
24/03/2008,560
25/03/2008,560
26/03/2008,560
27/03/2008,720
28/03/2008,830
29/03/2008,790
30/03/2008,650
31/03/2008,650
01/04/2008,590
02/04/2008,640
03/04/2008,700
04/04/2008,700
05/04/2008,700
06/04/2008,580
07/04/2008,470
08/04/2008,470
09/04/2008,560
10/04/2008,630
11/04/2008,630
12/04/2008,630
13/04/2008,520
14/04/2008,760
15/04/2008,1200
16/04/2008,1710
17/04/2008,5120
18/04/2008,4710
19/04/2008,3360
20/04/2008,2300
21/04/2008,2440
22/04/2008,3030
23/04/2008,2780
24/04/2008,2130
25/04/2008,1770
26/04/2008,1550
27/04/2008,1350
28/04/2008,1330
29/04/2008,1320
30/04/2008,1290
01/05/2008,1450
02/05/2008,1490
03/05/2008,2250
04/05/2008,4160
05/05/2008,3700
06/05/2008,3160
07/05/2008,2810
08/05/2008,2660
09/05/2008,2450
10/05/2008,2380
11/05/2008,2420
12/05/2008,2250
13/05/2008,1940
14/05/2008,1760
15/05/2008,1600
16/05/2008,1510
17/05/2008,1350
18/05/2008,1280
19/05/2008,1350
20/05/2008,1400
21/05/2008,1400
22/05/2008,1340
23/05/2008,1340
24/05/2008,1170
25/05/2008,1310
26/05/2008,1420
27/05/2008,1380
28/05/2008,1250
29/05/2008,1230
30/05/2008,1190
31/05/2008,1230
01/06/2008,1460
02/06/2008,1720
03/06/2008,1850
04/06/2008,1850
05/06/2008,2180
06/06/2008,2370
07/06/2008,2270
08/06/2008,3430
09/06/2008,3470
10/06/2008,3180
11/06/2008,3330
12/06/2008,3790
13/06/2008,3720
14/06/2008,3530
15/06/2008,3380
16/06/2008,3130
17/06/2008,2870
18/06/2008,2840
19/06/2008,2660
20/06/2008,2380
21/06/2008,2090
22/06/2008,2090
23/06/2008,1980
24/06/2008,1980
25/06/2008,1910
26/06/2008,1780
27/06/2008,1610
28/06/2008,1550
29/06/2008,1920
30/06/2008,3170
01/07/2008,5590
02/07/2008,6380
03/07/2008,6040
04/07/2008,5100
05/07/2008,4090
06/07/2008,3530
07/07/2008,3170
08/07/2008,2940
09/07/2008,2650
10/07/2008,2580
11/07/2008,2570
12/07/2008,2360
13/07/2008,2170
14/07/2008,1990
15/07/2008,1930
16/07/2008,1920
17/07/2008,1700
18/07/2008,1530
19/07/2008,1400
20/07/2008,1600
21/07/2008,1640
22/07/2008,1640
23/07/2008,1610
24/07/2008,1650
25/07/2008,1610
26/07/2008,1430
27/07/2008,1610
28/07/2008,1760
29/07/2008,1760
30/07/2008,1760
31/07/2008,1670
01/08/2008,1520
02/08/2008,1300
03/08/2008,1380
04/08/2008,1630
05/08/2008,1750
06/08/2008,1920
07/08/2008,1920
08/08/2008,1750
09/08/2008,1480
10/08/2008,1470
11/08/2008,1470
12/08/2008,1470
13/08/2008,1470
14/08/2008,1470
15/08/2008,1470
16/08/2008,1470
17/08/2008,1620
18/08/2008,2050
19/08/2008,2110
20/08/2008,2380
21/08/2008,2710
22/08/2008,2710
23/08/2008,2330
24/08/2008,2800
25/08/2008,2800
26/08/2008,2610
27/08/2008,2210
28/08/2008,2190
29/08/2008,1710
30/08/2008,1480
31/08/2008,1650
01/09/2008,1830
02/09/2008,1590
03/09/2008,1590
04/09/2008,1590
05/09/2008,1450
06/09/2008,1320
07/09/2008,1340
08/09/2008,1730
09/09/2008,1980
10/09/2008,1810
11/09/2008,1730
12/09/2008,1590
13/09/2008,1450
14/09/2008,1390
15/09/2008,1600
16/09/2008,1840
17/09/2008,3630
18/09/2008,3370
19/09/2008,2380
20/09/2008,2300
21/09/2008,2300
22/09/2008,2160
23/09/2008,2060
24/09/2008,2000
25/09/2008,2000
26/09/2008,1820
27/09/2008,1710
28/09/2008,1710
29/09/2008,1590
30/09/2008,1590
01/10/2008,1590
02/10/2008,1590
03/10/2008,1570
04/10/2008,1470
05/10/2008,1470
06/10/2008,1640
07/10/2008,1810
08/10/2008,2260
09/10/2008,4030
10/10/2008,3370
11/10/2008,2870
12/10/2008,2460
13/10/2008,2270
14/10/2008,2070
15/10/2008,2130
16/10/2008,3200
17/10/2008,4320
18/10/2008,5190
19/10/2008,5190
20/10/2008,
21/10/2008,5430
22/10/2008,5430
23/10/2008,5150
24/10/2008,5090
25/10/2008,5470
26/10/2008,5950
27/10/2008,6620
28/10/2008,8670
29/10/2008,11800
30/10/2008,13850
31/10/2008,16410
01/11/2008,17820
02/11/2008,19660
03/11/2008,20810
04/11/2008,19660
05/11/2008,17960
06/11/2008,16700
07/11/2008,16630
08/11/2008,14140
09/11/2008,11350
10/11/2008,9340
11/11/2008,8240
12/11/2008,6460
13/11/2008,5620
14/11/2008,4620
15/11/2008,4400
16/11/2008,4970
17/11/2008,6290
18/11/2008,5590
19/11/2008,4700
20/11/2008,4000
21/11/2008,3390
22/11/2008,2750
23/11/2008,2460
24/11/2008,2430
25/11/2008,2300
26/11/2008,2250
27/11/2008,2080
28/11/2008,2020
29/11/2008,2070
30/11/2008,2190
01/12/2008,2190
02/12/2008,2140
03/12/2008,2140
04/12/2008,1960
05/12/2008,1830
06/12/2008,1640
07/12/2008,1920
08/12/2008,1860
09/12/2008,1860
10/12/2008,1860
11/12/2008,1740
12/12/2008,1640
13/12/2008,1640
14/12/2008,1830
15/12/2008,1830
16/12/2008,1830
17/12/2008,1830
18/12/2008,1830
19/12/2008,1520
20/12/2008,1520
21/12/2008,1800
22/12/2008,1800
23/12/2008,1620
24/12/2008,1610
25/12/2008,1570
26/12/2008,1420
27/12/2008,1380
28/12/2008,1540
29/12/2008,1540
30/12/2008,1340
31/12/2008,1200
01/01/2009,1060
02/01/2009,1060
03/01/2009,990
04/01/2009,990
05/01/2009,990
06/01/2009,1130
07/01/2009,990
08/01/2009,970
09/01/2009,970
10/01/2009,970
11/01/2009,1030
12/01/2009,1100
13/01/2009,900
14/01/2009,1010
15/01/2009,1340
16/01/2009,1290
17/01/2009,1130
18/01/2009,1620
19/01/2009,1570
20/01/2009,1980
21/01/2009,2120
22/01/2009,1910
23/01/2009,1570
24/01/2009,1310
25/01/2009,1430
26/01/2009,1590
27/01/2009,1610
28/01/2009,1440
29/01/2009,1340
30/01/2009,1210
31/01/2009,1030
01/02/2009,1010
02/02/2009,1310
03/02/2009,1270
04/02/2009,1270
05/02/2009,1270
06/02/2009,1270
07/02/2009,1010
08/02/2009,1110
09/02/2009,1290
10/02/2009,1290
11/02/2009,1210
12/02/2009,1210
13/02/2009,1070
14/02/2009,920
15/02/2009,780
16/02/2009,940
17/02/2009,940
18/02/2009,1090
19/02/2009,1090
20/02/2009,900
21/02/2009,890
22/02/2009,840
23/02/2009,1010
24/02/2009,1240
25/02/2009,1340
26/02/2009,1300
27/02/2009,1280
28/02/2009,1120
01/03/2009,1060
02/03/2009,920
03/03/2009,970
04/03/2009,1110
05/03/2009,1230
06/03/2009,1200
07/03/2009,1080
08/03/2009,1100
09/03/2009,1250
10/03/2009,1270
11/03/2009,1210
12/03/2009,1160
13/03/2009,1010
14/03/2009,880
15/03/2009,860
16/03/2009,860
17/03/2009,1010
18/03/2009,1110
19/03/2009,1120
20/03/2009,1060
21/03/2009,770
22/03/2009,750
23/03/2009,850
24/03/2009,960
25/03/2009,960
26/03/2009,870
27/03/2009,810
28/03/2009,770
29/03/2009,680
30/03/2009,720
31/03/2009,900
01/04/2009,970
02/04/2009,930
03/04/2009,920
04/04/2009,800
05/04/2009,760
06/04/2009,770
07/04/2009,870
08/04/2009,800
09/04/2009,670
10/04/2009,670
11/04/2009,560
12/04/2009,560
13/04/2009,500
14/04/2009,700
15/04/2009,760
16/04/2009,690
17/04/2009,560
18/04/2009,460
19/04/2009,460
20/04/2009,440
21/04/2009,620
22/04/2009,670
23/04/2009,670
24/04/2009,640
25/04/2009,540
26/04/2009,490
27/04/2009,440
28/04/2009,440
29/04/2009,440
30/04/2009,440
01/05/2009,420
02/05/2009,420
03/05/2009,420
04/05/2009,420
05/05/2009,420
06/05/2009,520
07/05/2009,520
08/05/2009,450
09/05/2009,390
10/05/2009,360
11/05/2009,300
12/05/2009,300
13/05/2009,400
14/05/2009,440
15/05/2009,470
16/05/2009,470
17/05/2009,470
18/05/2009,640
19/05/2009,1030
20/05/2009,1360
21/05/2009,1260
22/05/2009,1120
23/05/2009,920
24/05/2009,790
25/05/2009,720
26/05/2009,650
27/05/2009,620
28/05/2009,590
29/05/2009,590
30/05/2009,590
31/05/2009,590
01/06/2009,880
02/06/2009,1130
03/06/2009,2770
04/06/2009,3240
05/06/2009,2740
06/06/2009,2190
07/06/2009,1750
08/06/2009,1490
09/06/2009,1280
10/06/2009,1140
11/06/2009,1050
12/06/2009,930
13/06/2009,870
14/06/2009,800
15/06/2009,780
16/06/2009,780
17/06/2009,880
18/06/2009,780
19/06/2009,760
20/06/2009,850
21/06/2009,1020
22/06/2009,1230
23/06/2009,1400
24/06/2009,1450
25/06/2009,1460
26/06/2009,1590
27/06/2009,2010
28/06/2009,2340
29/06/2009,2360
30/06/2009,2080
01/07/2009,1750
02/07/2009,1630
03/07/2009,1420
04/07/2009,1290
05/07/2009,1150
06/07/2009,1230
07/07/2009,1230
08/07/2009,1270
09/07/2009,1240
10/07/2009,1360
11/07/2009,1490
12/07/2009,1900
13/07/2009,2400
14/07/2009,2620
15/07/2009,2700
16/07/2009,2670
17/07/2009,2460
18/07/2009,2320
19/07/2009,2380
20/07/2009,4380
21/07/2009,5930
22/07/2009,5290
23/07/2009,4350
24/07/2009,3780
25/07/2009,3980
26/07/2009,4090
27/07/2009,3630
28/07/2009,3390
29/07/2009,3080
30/07/2009,2830
31/07/2009,2590
01/08/2009,2530
02/08/2009,2380
03/08/2009,2330
04/08/2009,2390
05/08/2009,2820
06/08/2009,6850
07/08/2009,7390
08/08/2009,5940
09/08/2009,4550
10/08/2009,4070
11/08/2009,5890
12/08/2009,7820
13/08/2009,9620
14/08/2009,9980
15/08/2009,9160
16/08/2009,7660
17/08/2009,5890
18/08/2009,4390
19/08/2009,3690
20/08/2009,3660
21/08/2009,3660
22/08/2009,3990
23/08/2009,4800
24/08/2009,5920
25/08/2009,5170
26/08/2009,4020
27/08/2009,3650
28/08/2009,3100
29/08/2009,2770
30/08/2009,2590
31/08/2009,2480
01/09/2009,2380
02/09/2009,2380
03/09/2009,2300
04/09/2009,2230
05/09/2009,2530
06/09/2009,3180
07/09/2009,4880
08/09/2009,5600
09/09/2009,5250
10/09/2009,4320
11/09/2009,3560
12/09/2009,5360
13/09/2009,8310
14/09/2009,9760
15/09/2009,11900
16/09/2009,14360
17/09/2009,15260
18/09/2009,14010
19/09/2009,11000
20/09/2009,9320
21/09/2009,8570
22/09/2009,8370
23/09/2009,8840
24/09/2009,8240
25/09/2009,6500
26/09/2009,5100
27/09/2009,5000
28/09/2009,4890
29/09/2009,4570
30/09/2009,4270
01/10/2009,5230
02/10/2009,11800
03/10/2009,14140
04/10/2009,13430
05/10/2009,10620
06/10/2009,8350
07/10/2009,7030
08/10/2009,6750
09/10/2009,6750
10/10/2009,7240
11/10/2009,6930
12/10/2009,5850
13/10/2009,4860
14/10/2009,4690
15/10/2009,4220
16/10/2009,5850
17/10/2009,7260
18/10/2009,7030
19/10/2009,6470
20/10/2009,6350
21/10/2009,6110
22/10/2009,6070
23/10/2009,5390
24/10/2009,4380
25/10/2009,3750
26/10/2009,3780
27/10/2009,4090
28/10/2009,4510
29/10/2009,4940
30/10/2009,4090
31/10/2009,3380
01/11/2009,3040
02/11/2009,2770
03/11/2009,2620
04/11/2009,2510
05/11/2009,2340
06/11/2009,2070
07/11/2009,1890
08/11/2009,2130
09/11/2009,2390
10/11/2009,2910
11/11/2009,3220
12/11/2009,3750
13/11/2009,4210
14/11/2009,5220
15/11/2009,5170
16/11/2009,5920
17/11/2009,7520
18/11/2009,8550
19/11/2009,8670
20/11/2009,8100
21/11/2009,7360
22/11/2009,6830
23/11/2009,6430
24/11/2009,7000
25/11/2009,9800
26/11/2009,13460
27/11/2009,15510
28/11/2009,16220
29/11/2009,15190
30/11/2009,12640
01/12/2009,10500
02/12/2009,9960
03/12/2009,10000
04/12/2009,10260
05/12/2009,9700
06/12/2009,8980
07/12/2009,8820
08/12/2009,8130
09/12/2009,7260
10/12/2009,5810
11/12/2009,5120
12/12/2009,5040
13/12/2009,5230
14/12/2009,5360
15/12/2009,5150
16/12/2009,4790
17/12/2009,4140
18/12/2009,3400
19/12/2009,3020
20/12/2009,2780
21/12/2009,2770
22/12/2009,2550
23/12/2009,2250
24/12/2009,2070
25/12/2009,1950
26/12/2009,1770
27/12/2009,2030
28/12/2009,2270
29/12/2009,2540
30/12/2009,2340
31/12/2009,2230
01/01/2010,1970
02/01/2010,1890
03/01/2010,
04/01/2010,
05/01/2010,
06/01/2010,
07/01/2010,
08/01/2010,
09/01/2010,
10/01/2010,
11/01/2010,
12/01/2010,
13/01/2010,
14/01/2010,
15/01/2010,
16/01/2010,
17/01/2010,
18/01/2010,
19/01/2010,
20/01/2010,
21/01/2010,
22/01/2010,
23/01/2010,
24/01/2010,
25/01/2010,
26/01/2010,
27/01/2010,
28/01/2010,
29/01/2010,
30/01/2010,
31/01/2010,
01/02/2010,
02/02/2010,2760
03/02/2010,2380
04/02/2010,2160
05/02/2010,2050
06/02/2010,2020
07/02/2010,1980
08/02/2010,1920
09/02/2010,1920
10/02/2010,2050
11/02/2010,1960
12/02/2010,1780
13/02/2010,1620
14/02/2010,1740
15/02/2010,1650
16/02/2010,2210
17/02/2010,2960
18/02/2010,3590
19/02/2010,3990
20/02/2010,4550
21/02/2010,5480
22/02/2010,5050
23/02/2010,4080
24/02/2010,3180
25/02/2010,2740
26/02/2010,2720
27/02/2010,2940
28/02/2010,3240
01/03/2010,3210
02/03/2010,2460
03/03/2010,2060
04/03/2010,1830
05/03/2010,1610
06/03/2010,1460
07/03/2010,1600
08/03/2010,1640
09/03/2010,1650
10/03/2010,1640
11/03/2010,1560
12/03/2010,1420
13/03/2010,1300
14/03/2010,1440
15/03/2010,1440
16/03/2010,1620
17/03/2010,1610
18/03/2010,1550
19/03/2010,1510
20/03/2010,1570
21/03/2010,1710
22/03/2010,1710
23/03/2010,1630
24/03/2010,1730
25/03/2010,1950
26/03/2010,1920
27/03/2010,3190
28/03/2010,4280
29/03/2010,3500
30/03/2010,3020
31/03/2010,3030
01/04/2010,2610
02/04/2010,2300
03/04/2010,2160
04/04/2010,2070
05/04/2010,1920
06/04/2010,1690
07/04/2010,1520
08/04/2010,1260
09/04/2010,1130
10/04/2010,1050
11/04/2010,1200
12/04/2010,1360
13/04/2010,1360
14/04/2010,1360
15/04/2010,1290
16/04/2010,1120
17/04/2010,970
18/04/2010,1050
19/04/2010,1230
20/04/2010,1320
21/04/2010,1360
22/04/2010,1370
23/04/2010,1340
24/04/2010,1600
25/04/2010,2600
26/04/2010,7420
27/04/2010,10100
28/04/2010,10260
29/04/2010,12190
30/04/2010,15960
01/05/2010,18270
02/05/2010,17860
03/05/2010,14040
04/05/2010,9920
05/05/2010,7580
06/05/2010,5630
07/05/2010,3920
08/05/2010,3410
09/05/2010,3060
10/05/2010,2620
11/05/2010,2600
12/05/2010,4750
13/05/2010,6400
14/05/2010,5560
15/05/2010,4150
16/05/2010,3990
17/05/2010,5050
18/05/2010,4450
19/05/2010,3750
20/05/2010,3750
21/05/2010,7740
22/05/2010,11930
23/05/2010,13590
24/05/2010,12400
25/05/2010,10100
26/05/2010,8010
27/05/2010,7070
28/05/2010,6580
29/05/2010,5290
30/05/2010,4280
31/05/2010,3860
01/06/2010,3430
02/06/2010,2910
03/06/2010,2630
04/06/2010,2400
05/06/2010,2700
06/06/2010,2790
07/06/2010,2860
08/06/2010,2870
09/06/2010,2860
10/06/2010,2930
11/06/2010,2930
12/06/2010,2890
13/06/2010,2460
14/06/2010,2370
15/06/2010,2190
16/06/2010,2270
17/06/2010,2200
18/06/2010,1990
19/06/2010,2090
20/06/2010,2210
21/06/2010,3630
22/06/2010,4030
23/06/2010,4330
24/06/2010,3960
25/06/2010,3370
26/06/2010,3100
27/06/2010,3000
28/06/2010,2830
29/06/2010,2830
30/06/2010,2730
01/07/2010,2570
02/07/2010,2230
03/07/2010,2130
04/07/2010,2170
05/07/2010,2170
06/07/2010,2130
07/07/2010,2050
08/07/2010,1980
09/07/2010,1890
10/07/2010,1780
11/07/2010,1940
12/07/2010,1350
13/07/2010,2070
14/07/2010,2430
15/07/2010,3230
16/07/2010,3990
17/07/2010,4670
18/07/2010,4430
19/07/2010,3750
20/07/2010,4470
21/07/2010,6530
22/07/2010,7020
23/07/2010,7200
24/07/2010,7390
25/07/2010,7100
26/07/2010,7710
27/07/2010,7800
28/07/2010,6620
29/07/2010,5390
30/07/2010,4640
31/07/2010,4060
01/08/2010,3630
02/08/2010,3370
03/08/2010,3230
04/08/2010,3190
05/08/2010,3480
06/08/2010,3520
07/08/2010,3660
08/08/2010,3860
09/08/2010,3490
10/08/2010,2960
11/08/2010,2790
12/08/2010,2630
13/08/2010,2420
14/08/2010,2310
15/08/2010,2190
16/08/2010,2190
17/08/2010,2190
18/08/2010,2230
19/08/2010,2170
20/08/2010,2010
21/08/2010,1730
22/08/2010,1980
23/08/2010,2190
24/08/2010,2150
25/08/2010,2130
26/08/2010,2050
27/08/2010,1770
28/08/2010,1730
29/08/2010,1920
30/08/2010,1820
31/08/2010,1380
01/09/2010,1060
02/09/2010,850
03/09/2010,850
04/09/2010,1300
05/09/2010,2040
06/09/2010,2360
07/09/2010,2340
08/09/2010,2230
09/09/2010,2050
10/09/2010,1630
11/09/2010,1380
12/09/2010,1160
13/09/2010,1100
14/09/2010,990
15/09/2010,1450
16/09/2010,1900
17/09/2010,2590
18/09/2010,3100
19/09/2010,3040
20/09/2010,2640
21/09/2010,2340
22/09/2010,1830
23/09/2010,1630
24/09/2010,2610
25/09/2010,3860
26/09/2010,6560
27/09/2010,8490
28/09/2010,8390
29/09/2010,6820
30/09/2010,5030
01/10/2010,3530
02/10/2010,2630
03/10/2010,2790
04/10/2010,2880
05/10/2010,2540
06/10/2010,2350
07/10/2010,2230
08/10/2010,2100
09/10/2010,1720
10/10/2010,1870
11/10/2010,3250
12/10/2010,3190
13/10/2010,3180
14/10/2010,2960
15/10/2010,2490
16/10/2010,1840
17/10/2010,1670
18/10/2010,1830
19/10/2010,3110
20/10/2010,3860
21/10/2010,3310
22/10/2010,2890
23/10/2010,2640
24/10/2010,2280
25/10/2010,2270
26/10/2010,2270
27/10/2010,2300
28/10/2010,1970
29/10/2010,1570
30/10/2010,1840
31/10/2010,1980
01/11/2010,1780
02/11/2010,1930
03/11/2010,2120
04/11/2010,1920
05/11/2010,1840
06/11/2010,1630
07/11/2010,1480
08/11/2010,1390
09/11/2010,1600
10/11/2010,1630
11/11/2010,1530
12/11/2010,1340
13/11/2010,1260
14/11/2010,1620
15/11/2010,1700
16/11/2010,1710
17/11/2010,1580
18/11/2010,1490
19/11/2010,1290
20/11/2010,1120
21/11/2010,1130
22/11/2010,1240
23/11/2010,1470
24/11/2010,1380
25/11/2010,1230
26/11/2010,1380
27/11/2010,1360
28/11/2010,1240
29/11/2010,1100
30/11/2010,1100
01/12/2010,1110
02/12/2010,1180
03/12/2010,1180
04/12/2010,1290
05/12/2010,1350
06/12/2010,1350
07/12/2010,1650
08/12/2010,2030
09/12/2010,4450
10/12/2010,4640
11/12/2010,3530
12/12/2010,3110
13/12/2010,3110
14/12/2010,4470
15/12/2010,9100
16/12/2010,12400
17/12/2010,13320
18/12/2010,11750
19/12/2010,8620
20/12/2010,6030
21/12/2010,4880
22/12/2010,3720
23/12/2010,3220
24/12/2010,3060
25/12/2010,3140
26/12/2010,3140
27/12/2010,2970
28/12/2010,2730
29/12/2010,2460
30/12/2010,2200
31/12/2010,1950
01/01/2011,2080
02/01/2011,2080
03/01/2011,2170
04/01/2011,2170
05/01/2011,1990
06/01/2011,1680
07/01/2011,1670
08/01/2011,2110
09/01/2011,1460
10/01/2011,2320
11/01/2011,2380
12/01/2011,2260
13/01/2011,2040
14/01/2011,1870
15/01/2011,1930
16/01/2011,1990
17/01/2011,1930
18/01/2011,1730
19/01/2011,1610
20/01/2011,1380
21/01/2011,1270
22/01/2011,1400
23/01/2011,1570
24/01/2011,1570
25/01/2011,1430
26/01/2011,1410
27/01/2011,1500
28/01/2011,1530
29/01/2011,1890
30/01/2011,2200
31/01/2011,2430
01/02/2011,2640
02/02/2011,2820
03/02/2011,2860
04/02/2011,2600
05/02/2011,2930
06/02/2011,3140
07/02/2011,3260
08/02/2011,3020
09/02/2011,2660
10/02/2011,2630
11/02/2011,3150
12/02/2011,3410
13/02/2011,3500
14/02/2011,3880
15/02/2011,4250
16/02/2011,4990
17/02/2011,6410
18/02/2011,5990
19/02/2011,4640
20/02/2011,3930
21/02/2011,3250
22/02/2011,2870
23/02/2011,2650
24/02/2011,2730
25/02/2011,2800
26/02/2011,3140
27/02/2011,3170
28/02/2011,3490
01/03/2011,4070
02/03/2011,4940
03/03/2011,5620
04/03/2011,4910
05/03/2011,3320
06/03/2011,3140
07/03/2011,2610
08/03/2011,2270
09/03/2011,2040
10/03/2011,1630
11/03/2011,1650
12/03/2011,1650
13/03/2011,1470
14/03/2011,1660
15/03/2011,1820
16/03/2011,1820
17/03/2011,1630
18/03/2011,1480
19/03/2011,1790
20/03/2011,2010
21/03/2011,2010
22/03/2011,1870
23/03/2011,1870
24/03/2011,1900
25/03/2011,1370
26/03/2011,1520
27/03/2011,1660
28/03/2011,1890
29/03/2011,2000
30/03/2011,2420
31/03/2011,2750
01/04/2011,3300
02/04/2011,5110
03/04/2011,8310
04/04/2011,10220
05/04/2011,9160
06/04/2011,8490
07/04/2011,6810
08/04/2011,4980
09/04/2011,4110
10/04/2011,3240
11/04/2011,2730
12/04/2011,2530
13/04/2011,2340
14/04/2011,2130
15/04/2011,1890
16/04/2011,1980
17/04/2011,2270
18/04/2011,2830
19/04/2011,3750
20/04/2011,3860
21/04/2011,3300
22/04/2011,2920
23/04/2011,3280
24/04/2011,3790
25/04/2011,6080
26/04/2011,7610
27/04/2011,7500
28/04/2011,6400
29/04/2011,5550
30/04/2011,4800
01/05/2011,3700
02/05/2011,3140
03/05/2011,2900
04/05/2011,2600
05/05/2011,2120
06/05/2011,1910
07/05/2011,2330
08/05/2011,2300
09/05/2011,2240
10/05/2011,2200
11/05/2011,2100
12/05/2011,2100
13/05/2011,2100
14/05/2011,2450
15/05/2011,2810
16/05/2011,3090
17/05/2011,3090
18/05/2011,2870
19/05/2011,2620
20/05/2011,2310
21/05/2011,2380
22/05/2011,2350
23/05/2011,2190
24/05/2011,2190
25/05/2011,2160
26/05/2011,2040
27/05/2011,1930
28/05/2011,2100
29/05/2011,2100
30/05/2011,2110
31/05/2011,2070
01/06/2011,2070
02/06/2011,2040
03/06/2011,1770
04/06/2011,1730
05/06/2011,1800
06/06/2011,1870
07/06/2011,1920
08/06/2011,1920
09/06/2011,1800
10/06/2011,1610
11/06/2011,2090
12/06/2011,2200
13/06/2011,2250
14/06/2011,2280
15/06/2011,2050
16/06/2011,1700
17/06/2011,1630
18/06/2011,1700
19/06/2011,1590
20/06/2011,1780
21/06/2011,2040
22/06/2011,2010
23/06/2011,1850
24/06/2011,1920
25/06/2011,7740
26/06/2011,13400
27/06/2011,14680
28/06/2011,13080
29/06/2011,11000
30/06/2011,9420
01/07/2011,7640
02/07/2011,6020
03/07/2011,4770
04/07/2011,4870
05/07/2011,8670
06/07/2011,9160
07/07/2011,7580
08/07/2011,5760
09/07/2011,4820
10/07/2011,4150
11/07/2011,3500
12/07/2011,3090
13/07/2011,2830
14/07/2011,2950
15/07/2011,3020
16/07/2011,3220
17/07/2011,3160
18/07/2011,3060
19/07/2011,2530
20/07/2011,4510
21/07/2011,7020
22/07/2011,7920
23/07/2011,10800
24/07/2011,14200
25/07/2011,17420
26/07/2011,19860
27/07/2011,18200
28/07/2011,14460
29/07/2011,10720
30/07/2011,8280
31/07/2011,6530
01/08/2011,4990
02/08/2011,4520
03/08/2011,6140
04/08/2011,6760
05/08/2011,7210
06/08/2011,6820
07/08/2011,6140
08/08/2011,5300
09/08/2011,4350
10/08/2011,3840
11/08/2011,3410
12/08/2011,4980
13/08/2011,9560
14/08/2011,10970
15/08/2011,8370
16/08/2011,6990
17/08/2011,4930
18/08/2011,3960
19/08/2011,3860
20/08/2011,3610
21/08/2011,4010
22/08/2011,4820
23/08/2011,5240
24/08/2011,5670
25/08/2011,5620
26/08/2011,4640
27/08/2011,4740
28/08/2011,5150
29/08/2011,4630
30/08/2011,4320
31/08/2011,4320
01/09/2011,4140
02/09/2011,3470
03/09/2011,12050
04/09/2011,13130
05/09/2011,10600
06/09/2011,8510
07/09/2011,6750
08/09/2011,5030
09/09/2011,3980
10/09/2011,3320
11/09/2011,3450
12/09/2011,8620
13/09/2011,11650
14/09/2011,10620
15/09/2011,8620
16/09/2011,6560
17/09/2011,4870
18/09/2011,3980
19/09/2011,3690
20/09/2011,3370
21/09/2011,3260
22/09/2011,3510
23/09/2011,3400
24/09/2011,3890
25/09/2011,3220
26/09/2011,3220
27/09/2011,3330
28/09/2011,4060
29/09/2011,3280
30/09/2011,3000
01/10/2011,2810
02/10/2011,2600
03/10/2011,3050
04/10/2011,3170
05/10/2011,3050
06/10/2011,2740
07/10/2011,2550
08/10/2011,2600
09/10/2011,2430
10/10/2011,2680
11/10/2011,2920
12/10/2011,2820
13/10/2011,2490
14/10/2011,2520
15/10/2011,3150
16/10/2011,5670
17/10/2011,8620
18/10/2011,7660
19/10/2011,5730
20/10/2011,4210
21/10/2011,3320
22/10/2011,2940
23/10/2011,2620
24/10/2011,2500
25/10/2011,2350
26/10/2011,2480
27/10/2011,2770
28/10/2011,2740
29/10/2011,3060
30/10/2011,2730
31/10/2011,2740
01/11/2011,3750
02/11/2011,4590
03/11/2011,4690
04/11/2011,4060
05/11/2011,3220
06/11/2011,2800
07/11/2011,2560
08/11/2011,2390
09/11/2011,2480
10/11/2011,2170
11/11/2011,2050
12/11/2011,2050
13/11/2011,2050
14/11/2011,2130
15/11/2011,2340
16/11/2011,2410
17/11/2011,2460
18/11/2011,2140
19/11/2011,2270
20/11/2011,2410
21/11/2011,2240
22/11/2011,2160
23/11/2011,2010
24/11/2011,1850
25/11/2011,1630
26/11/2011,2080
27/11/2011,2280
28/11/2011,2250
29/11/2011,2070
30/11/2011,1970
01/12/2011,1830
02/12/2011,1630
03/12/2011,1750
04/12/2011,1700
05/12/2011,1580
06/12/2011,1420
07/12/2011,1230
08/12/2011,1090
09/12/2011,900
10/12/2011,900
11/12/2011,970
12/12/2011,1340
13/12/2011,1200
14/12/2011,950
15/12/2011,940
16/12/2011,880
17/12/2011,800
18/12/2011,1290
19/12/2011,1310
20/12/2011,1120
21/12/2011,900
22/12/2011,900
23/12/2011,770
24/12/2011,750
25/12/2011,890
26/12/2011,990
27/12/2011,1100
28/12/2011,1100
29/12/2011,1000
30/12/2011,860
31/12/2011,710
01/01/2012,690
02/01/2012,690
03/01/2012,690
04/01/2012,690
05/01/2012,650
06/01/2012,630
07/01/2012,630
08/01/2012,630
09/01/2012,630
10/01/2012,630
11/01/2012,630
12/01/2012,630
13/01/2012,630
14/01/2012,630
15/01/2012,910
16/01/2012,1100
17/01/2012,1250
18/01/2012,1210
19/01/2012,980
20/01/2012,810
21/01/2012,820
22/01/2012,920
23/01/2012,920
24/01/2012,920
25/01/2012,1000
26/01/2012,920
27/01/2012,850
28/01/2012,710
29/01/2012,1010
30/01/2012,970
31/01/2012,910
01/02/2012,870
02/02/2012,780
03/02/2012,670
04/02/2012,620
05/02/2012,570
06/02/2012,740
07/02/2012,890
08/02/2012,1060
09/02/2012,1120
10/02/2012,870
11/02/2012,970
12/02/2012,1030
13/02/2012,970
14/02/2012,970
15/02/2012,1110
16/02/2012,980
17/02/2012,760
18/02/2012,620
19/02/2012,770
20/02/2012,940
21/02/2012,1270
22/02/2012,1360
23/02/2012,1230
24/02/2012,1150
25/02/2012,1160
26/02/2012,1300
27/02/2012,1280
28/02/2012,1270
29/02/2012,1270
01/03/2012,1110
02/03/2012,1030
03/03/2012,1120
04/03/2012,1440
05/03/2012,1570
06/03/2012,1610
07/03/2012,1380
08/03/2012,1230
09/03/2012,980
10/03/2012,1110
11/03/2012,1420
12/03/2012,1420
13/03/2012,1420
14/03/2012,1420
15/03/2012,1230
16/03/2012,890
17/03/2012,800
18/03/2012,1140
19/03/2012,1210
20/03/2012,1210
21/03/2012,1100
22/03/2012,1000
23/03/2012,830
24/03/2012,650
25/03/2012,730
26/03/2012,930
27/03/2012,1130
28/03/2012,1070
29/03/2012,1000
30/03/2012,700
31/03/2012,660
01/04/2012,700
02/04/2012,760
03/04/2012,630
04/04/2012,630
05/04/2012,610
06/04/2012,610
07/04/2012,610
08/04/2012,610
09/04/2012,660
10/04/2012,660
11/04/2012,660
12/04/2012,530
13/04/2012,460
14/04/2012,450
15/04/2012,500
16/04/2012,660
17/04/2012,740
18/04/2012,880
19/04/2012,880
20/04/2012,750
21/04/2012,580
22/04/2012,450
23/04/2012,570
24/04/2012,650
25/04/2012,650
26/04/2012,650
27/04/2012,570
28/04/2012,450
29/04/2012,450
30/04/2012,450
01/05/2012,910
02/05/2012,1340
03/05/2012,1240
04/05/2012,1090
05/05/2012,1030
06/05/2012,900
07/05/2012,850
08/05/2012,990
09/05/2012,890
10/05/2012,880
11/05/2012,630
12/05/2012,550
13/05/2012,510
14/05/2012,660
15/05/2012,710
16/05/2012,710
17/05/2012,650
18/05/2012,570
19/05/2012,500
20/05/2012,430
21/05/2012,550
22/05/2012,590
23/05/2012,620
24/05/2012,580
25/05/2012,570
26/05/2012,570
27/05/2012,500
28/05/2012,500
29/05/2012,470
30/05/2012,570
31/05/2012,650
01/06/2012,510
02/06/2012,490
03/06/2012,440
04/06/2012,440
05/06/2012,560
06/06/2012,640
07/06/2012,640
08/06/2012,640
09/06/2012,570
10/06/2012,1010
11/06/2012,1070
12/06/2012,1010
13/06/2012,810
14/06/2012,630
15/06/2012,570
16/06/2012,1320
17/06/2012,1720
18/06/2012,1510
19/06/2012,1320
20/06/2012,1310
21/06/2012,1120
22/06/2012,1200
23/06/2012,1460
24/06/2012,1700
25/06/2012,1660
26/06/2012,1410
27/06/2012,1290
28/06/2012,1230
29/06/2012,1120
30/06/2012,1060
01/07/2012,1060
02/07/2012,1060
03/07/2012,1060
04/07/2012,960
05/07/2012,910
06/07/2012,840
07/07/2012,840
08/07/2012,840
09/07/2012,840
10/07/2012,1640
11/07/2012,2550
12/07/2012,2220
13/07/2012,1810
14/07/2012,1550
15/07/2012,1430
16/07/2012,1530
17/07/2012,1510
18/07/2012,1340
19/07/2012,1190
20/07/2012,1100
21/07/2012,930
22/07/2012,1090
23/07/2012,1270
24/07/2012,1170
25/07/2012,1170
26/07/2012,1090
27/07/2012,910
28/07/2012,910
29/07/2012,1090
30/07/2012,1350
31/07/2012,1750
01/08/2012,2450
02/08/2012,4210
03/08/2012,5760
04/08/2012,5510
05/08/2012,4470
06/08/2012,3560
07/08/2012,3040
08/08/2012,2690
09/08/2012,2300
10/08/2012,2210
11/08/2012,2070
12/08/2012,2270
13/08/2012,2200
14/08/2012,2020
15/08/2012,1860
16/08/2012,1480
17/08/2012,1270
18/08/2012,1420
19/08/2012,1960
20/08/2012,1970
21/08/2012,1890
22/08/2012,1830
23/08/2012,1400
24/08/2012,1200
25/08/2012,1160
26/08/2012,1480
27/08/2012,1490
28/08/2012,1420
29/08/2012,1420
30/08/2012,1240
31/08/2012,1050
01/09/2012,880
02/09/2012,880
03/09/2012,850
04/09/2012,880
05/09/2012,910
06/09/2012,910
07/09/2012,880
08/09/2012,880
09/09/2012,790
10/09/2012,890
11/09/2012,1040
12/09/2012,1040
13/09/2012,1010
14/09/2012,1010
15/09/2012,1100
16/09/2012,1410
17/09/2012,1580
18/09/2012,1600
19/09/2012,1600
20/09/2012,1470
21/09/2012,1140
22/09/2012,1290
23/09/2012,1770
24/09/2012,2100
25/09/2012,2380
26/09/2012,2220
27/09/2012,1610
28/09/2012,1360
29/09/2012,1270
30/09/2012,1410
01/10/2012,1200
02/10/2012,1060
03/10/2012,1060
04/10/2012,1510
05/10/2012,2100
06/10/2012,3920
07/10/2012,6150
08/10/2012,6350
09/10/2012,5450
10/10/2012,4700
11/10/2012,3480
12/10/2012,3300
13/10/2012,3940
14/10/2012,3730
15/10/2012,3850
16/10/2012,3280
17/10/2012,2390
18/10/2012,2080
19/10/2012,1900
20/10/2012,2110
21/10/2012,2100
22/10/2012,1920
23/10/2012,1890
24/10/2012,2230
25/10/2012,2390
26/10/2012,2560
27/10/2012,2880
28/10/2012,3840
29/10/2012,3840
30/10/2012,4930
31/10/2012,2740
01/11/2012,8460
02/11/2012,8820
03/11/2012,8600
04/11/2012,7940
05/11/2012,6970
06/11/2012,4870
07/11/2012,3780
08/11/2012,3060
09/11/2012,2840
10/11/2012,2640
11/11/2012,2460
12/11/2012,2340
13/11/2012,2190
14/11/2012,2140
15/11/2012,1800
16/11/2012,1590
17/11/2012,1840
18/11/2012,1860
19/11/2012,1670
20/11/2012,1450
21/11/2012,1410
22/11/2012,1390
23/11/2012,1300
24/11/2012,1300
25/11/2012,1300
26/11/2012,1360
27/11/2012,1580
28/11/2012,1730
29/11/2012,1390
30/11/2012,1160
01/12/2012,1060
02/12/2012,1150
03/12/2012,1260
04/12/2012,1610
05/12/2012,1550
06/12/2012,1280
07/12/2012,1040
08/12/2012,1020
09/12/2012,1570
10/12/2012,1610
11/12/2012,1610
12/12/2012,1310
13/12/2012,1380
14/12/2012,1380
15/12/2012,2100
16/12/2012,3300
17/12/2012,4090
18/12/2012,4620
19/12/2012,3940
20/12/2012,3200
21/12/2012,2940
22/12/2012,4310
23/12/2012,7000
24/12/2012,7900
25/12/2012,6960
26/12/2012,5780
27/12/2012,4500
28/12/2012,3480
29/12/2012,3260
30/12/2012,3930
31/12/2012,4270
01/01/2013,4270
02/01/2013,5100
03/01/2013,5300
04/01/2013,4710
05/01/2013,4000
06/01/2013,3220
07/01/2013,3570
08/01/2013,4560
09/01/2013,5030
10/01/2013,5560
11/01/2013,6050
12/01/2013,8960
13/01/2013,8080
14/01/2013,6380
15/01/2013,4430
16/01/2013,3200
17/01/2013,2540
18/01/2013,2130
19/01/2013,2130
20/01/2013,2230
21/01/2013,2190
22/01/2013,2140
23/01/2013,1990
24/01/2013,1610
25/01/2013,1470
26/01/2013,1430
27/01/2013,1600
28/01/2013,1730
29/01/2013,1820
30/01/2013,1730
31/01/2013,1480
01/02/2013,1230
02/02/2013,1190
03/02/2013,1270
04/02/2013,1420
05/02/2013,1420
06/02/2013,1610
07/02/2013,1260
08/02/2013,1030
09/02/2013,870
10/02/2013,870
11/02/2013,1370
12/02/2013,1480
13/02/2013,1420
14/02/2013,1250
15/02/2013,1030
16/02/2013,860
17/02/2013,790
18/02/2013,1030
19/02/2013,1400
20/02/2013,1630
21/02/2013,1590
22/02/2013,1330
23/02/2013,1610
24/02/2013,2410
25/02/2013,2410
26/02/2013,2330
27/02/2013,1990
28/02/2013,1580
01/03/2013,1420
02/03/2013,1580
03/03/2013,1700
04/03/2013,1570
05/03/2013,1570
06/03/2013,1680
07/03/2013,1430
08/03/2013,1070
09/03/2013,1000
10/03/2013,1890
11/03/2013,2620
12/03/2013,3360
13/03/2013,5600
14/03/2013,6750
15/03/2013,7640
16/03/2013,10520
17/03/2013,10720
18/03/2013,8440
19/03/2013,6620
20/03/2013,5070
21/03/2013,4020
22/03/2013,4590
23/03/2013,5580
24/03/2013,5590
25/03/2013,5220
26/03/2013,4460
27/03/2013,3620
28/03/2013,2830
29/03/2013,2890
30/03/2013,3010
31/03/2013,2480
01/04/2013,2340
02/04/2013,2040
03/04/2013,1900
04/04/2013,2750
05/04/2013,3120
06/04/2013,4100
07/04/2013,5660
08/04/2013,6470
09/04/2013,6200
10/04/2013,4930
11/04/2013,3120
12/04/2013,3170
13/04/2013,2910
14/04/2013,3370
15/04/2013,5710
16/04/2013,7290
17/04/2013,8300
18/04/2013,5890
19/04/2013,4710
20/04/2013,3830
21/04/2013,3090
22/04/2013,2730
23/04/2013,2550
24/04/2013,2290
25/04/2013,2110
26/04/2013,1650
27/04/2013,1630
28/04/2013,1630
29/04/2013,1770
30/04/2013,1770
01/05/2013,1960
02/05/2013,1990
03/05/2013,1740
04/05/2013,1770
05/05/2013,1910
06/05/2013,1750
07/05/2013,1680
08/05/2013,1660
09/05/2013,1440
10/05/2013,1220
11/05/2013,1140
12/05/2013,1160
13/05/2013,1290
14/05/2013,1290
15/05/2013,1370
16/05/2013,1310
17/05/2013,1430
18/05/2013,1530
19/05/2013,1570
20/05/2013,2170
21/05/2013,3080
22/05/2013,2760
23/05/2013,2260
24/05/2013,1930
25/05/2013,1830
26/05/2013,1830
27/05/2013,1920
28/05/2013,1890
29/05/2013,1740
30/05/2013,1530
31/05/2013,1440
01/06/2013,1340
02/06/2013,1460
03/06/2013,1610
04/06/2013,1580
05/06/2013,1510
06/06/2013,2820
07/06/2013,3380
08/06/2013,2930
09/06/2013,2590
10/06/2013,2070
11/06/2013,1860
12/06/2013,1650
13/06/2013,1600
14/06/2013,1390
15/06/2013,1520
16/06/2013,1590
17/06/2013,1650
18/06/2013,1650
19/06/2013,1650
20/06/2013,1430
21/06/2013,1230
22/06/2013,1340
23/06/2013,1850
24/06/2013,3860
25/06/2013,4280
26/06/2013,4260
27/06/2013,3680
28/06/2013,3630
29/06/2013,5100
30/06/2013,5110
01/07/2013,4350
02/07/2013,3750
03/07/2013,3430
04/07/2013,3100
05/07/2013,3040
06/07/2013,3450
07/07/2013,3230
08/07/2013,3060
09/07/2013,3160
10/07/2013,3300
11/07/2013,2800
12/07/2013,2910
13/07/2013,2820
14/07/2013,2640
15/07/2013,2640
16/07/2013,2750
17/07/2013,2910
18/07/2013,2680
19/07/2013,2160
20/07/2013,2070
21/07/2013,2210
22/07/2013,2370
23/07/2013,2200
24/07/2013,2070
25/07/2013,2150
26/07/2013,1740
27/07/2013,1880
28/07/2013,1780
29/07/2013,1740
30/07/2013,1720
31/07/2013,1540
01/08/2013,1360
02/08/2013,1280
03/08/2013,1230
04/08/2013,1510
05/08/2013,1700
06/08/2013,1700
07/08/2013,1660
08/08/2013,1490
09/08/2013,1510
10/08/2013,2680
11/08/2013,4220
12/08/2013,3520
13/08/2013,3720
14/08/2013,6080
15/08/2013,9400
16/08/2013,8620
17/08/2013,6380
18/08/2013,5000
19/08/2013,4280
20/08/2013,3610
21/08/2013,3290
22/08/2013,2820
23/08/2013,2680
24/08/2013,2540
25/08/2013,2540
26/08/2013,2540
27/08/2013,3280
28/08/2013,5320
29/08/2013,9600
30/08/2013,11300
31/08/2013,11300
01/09/2013,10320
02/09/2013,7580
03/09/2013,5470
04/09/2013,4150
05/09/2013,3980
06/09/2013,3790
07/09/2013,3190
08/09/2013,2870
09/09/2013,2660
10/09/2013,2660
11/09/2013,2550
12/09/2013,2380
13/09/2013,2370
14/09/2013,2380
15/09/2013,2380
16/09/2013,2270
17/09/2013,2230
18/09/2013,2230
19/09/2013,2130
20/09/2013,2030
21/09/2013,2740
22/09/2013,2790
23/09/2013,2820
24/09/2013,3260
25/09/2013,6330
26/09/2013,11000
27/09/2013,11700
28/09/2013,10480
29/09/2013,9080
30/09/2013,6180
01/10/2013,4950
02/10/2013,4450
03/10/2013,4080
04/10/2013,4000
05/10/2013,4470
06/10/2013,4410
07/10/2013,3600
08/10/2013,3810
09/10/2013,3410
10/10/2013,2820
11/10/2013,2670
12/10/2013,2610
13/10/2013,2270
14/10/2013,2240
15/10/2013,2220
16/10/2013,2010
17/10/2013,1650
18/10/2013,1580
19/10/2013,1990
20/10/2013,2100
21/10/2013,2100
22/10/2013,1990
23/10/2013,2420
24/10/2013,3100
25/10/2013,4020
26/10/2013,5360
27/10/2013,7500
28/10/2013,10280
29/10/2013,10600
30/10/2013,8530
31/10/2013,6440
01/11/2013,4870
02/11/2013,4140
03/11/2013,3610
04/11/2013,3340
05/11/2013,3110
06/11/2013,2950
07/11/2013,2490
08/11/2013,2310
09/11/2013,2310
10/11/2013,2220
11/11/2013,2150
12/11/2013,2130
13/11/2013,2070
14/11/2013,1790
15/11/2013,1610
16/11/2013,1970
17/11/2013,2140
18/11/2013,2140
19/11/2013,2090
20/11/2013,1920
21/11/2013,1910
22/11/2013,1800
23/11/2013,2190
24/11/2013,2530
25/11/2013,2620
26/11/2013,3390
27/11/2013,3400
28/11/2013,2680
29/11/2013,2130
30/11/2013,2110
01/12/2013,2050
02/12/2013,2050
03/12/2013,2310
04/12/2013,2360
05/12/2013,2310
06/12/2013,2140
07/12/2013,3280
08/12/2013,4530
09/12/2013,5830
10/12/2013,5850
11/12/2013,4880
12/12/2013,3520
13/12/2013,3320
14/12/2013,3240
15/12/2013,3030
16/12/2013,2740
17/12/2013,2450
18/12/2013,2470
19/12/2013,2240
20/12/2013,1980
21/12/2013,2030
22/12/2013,2110
23/12/2013,2110
24/12/2013,1950
25/12/2013,1800
26/12/2013,1520
27/12/2013,1280
28/12/2013,1380
29/12/2013,1470
30/12/2013,1230
31/12/2013,1260
01/01/2014,1530
02/01/2014,1550
03/01/2014,1480
04/01/2014,1300
05/01/2014,3240
06/01/2014,7600
07/01/2014,8900
08/01/2014,7640
09/01/2014,5190
10/01/2014,3980
11/01/2014,3500
12/01/2014,3270
13/01/2014,2800
14/01/2014,2630
15/01/2014,2510
16/01/2014,1920
17/01/2014,2000
18/01/2014,2340
19/01/2014,2410
20/01/2014,2600
21/01/2014,2600
22/01/2014,2600
23/01/2014,2080
24/01/2014,2130
25/01/2014,2040
26/01/2014,2110
27/01/2014,1630
28/01/2014,2110
29/01/2014,2080
30/01/2014,1950
31/01/2014,1610
01/02/2014,1800
02/02/2014,1960
03/02/2014,1960
04/02/2014,1960
05/02/2014,1740
06/02/2014,1530
07/02/2014,1310
08/02/2014,1410
09/02/2014,1900
10/02/2014,1770
11/02/2014,1650
12/02/2014,1630
13/02/2014,1280
14/02/2014,1050
15/02/2014,1100
16/02/2014,1420
17/02/2014,1500
18/02/2014,1480
19/02/2014,1200
20/02/2014,1090
21/02/2014,980
22/02/2014,970
23/02/2014,1180
24/02/2014,1530
25/02/2014,1230
26/02/2014,1230
27/02/2014,1230
28/02/2014,1230
01/03/2014,1470
02/03/2014,1654
03/03/2014,1619
04/03/2014,1619
05/03/2014,1530
06/03/2014,1310
07/03/2014,1010
08/03/2014,970
09/03/2014,930
10/03/2014,1410
11/03/2014,2050
12/03/2014,1960
13/03/2014,1410
14/03/2014,1240
15/03/2014,1570
16/03/2014,1780
17/03/2014,1780
18/03/2014,1640
19/03/2014,1639
20/03/2014,1640
21/03/2014,1640
22/03/2014,3050
23/03/2014,4140
24/03/2014,4950
25/03/2014,5400
26/03/2014,4520
27/03/2014,3130
28/03/2014,2620
29/03/2014,2320
30/03/2014,2130
31/03/2014,2130
01/04/2014,2250
02/04/2014,2710
03/04/2014,2570
04/04/2014,2330
05/04/2014,2860
06/04/2014,2840
07/04/2014,2680
08/04/2014,2460
09/04/2014,2070
10/04/2014,1950
11/04/2014,1700
12/04/2014,1850
13/04/2014,2600
14/04/2014,5230
15/04/2014,9240
16/04/2014,10120
17/04/2014,8350
18/04/2014,5890
19/04/2014,4230
20/04/2014,3500
21/04/2014,3160
22/04/2014,2820
23/04/2014,2380
24/04/2014,2430
25/04/2014,2020
26/04/2014,2020
27/04/2014,2150
28/04/2014,2150
29/04/2014,2070
30/04/2014,1730
01/05/2014,1560
02/05/2014,1550
03/05/2014,3860
04/05/2014,11800
05/05/2014,12730
06/05/2014,10800
07/05/2014,9300
08/05/2014,6680
09/05/2014,5190
10/05/2014,4910
11/05/2014,3610
12/05/2014,3200
13/05/2014,2850
14/05/2014,2610
15/05/2014,2060
16/05/2014,1900
17/05/2014,1980
18/05/2014,2010
19/05/2014,2070
20/05/2014,2030
21/05/2014,1900
22/05/2014,1840
23/05/2014,2070
24/05/2014,5500
25/05/2014,6490
26/05/2014,7130
27/05/2014,7470
28/05/2014,6900
29/05/2014,6530
30/05/2014,6200
31/05/2014,5520
01/06/2014,4990
02/06/2014,5270
03/06/2014,6350
04/06/2014,7740
05/06/2014,8280
06/06/2014,7610
07/06/2014,6680
08/06/2014,5670
09/06/2014,5100
10/06/2014,5560
11/06/2014,5450
12/06/2014,5690
13/06/2014,6670
14/06/2014,6930
15/06/2014,6360
16/06/2014,6080
17/06/2014,6080
18/06/2014,6030
19/06/2014,5620
20/06/2014,5120
21/06/2014,4400
22/06/2014,4330
23/06/2014,3890
24/06/2014,3470
25/06/2014,3990
26/06/2014,5230
27/06/2014,7660
28/06/2014,12270
29/06/2014,17760
30/06/2014,24000
01/07/2014,30200
02/07/2014,35650
03/07/2014,38652
04/07/2014,36300
05/07/2014,30780
06/07/2014,24840
07/07/2014,20220
08/07/2014,16280
09/07/2014,13240
10/07/2014,11250
11/07/2014,9740
12/07/2014,8210
13/07/2014,7090
14/07/2014,5930
15/07/2014,5040
16/07/2014,4440
17/07/2014,3860
18/07/2014,3480
19/07/2014,3480
20/07/2014,3640
21/07/2014,3840
22/07/2014,3390
23/07/2014,3260
24/07/2014,3220
25/07/2014,3260
26/07/2014,5000
27/07/2014,6780
28/07/2014,8120
29/07/2014,7900
30/07/2014,6790
31/07/2014,5600
01/08/2014,4640
02/08/2014,4110
03/08/2014,3960
04/08/2014,3920
05/08/2014,3720
06/08/2014,3480
07/08/2014,3090
08/08/2014,3010
09/08/2014,3080
10/08/2014,3050
11/08/2014,2810
12/08/2014,2610
13/08/2014,2450
14/08/2014,2300
15/08/2014,1970
16/08/2014,2090
17/08/2014,2130
18/08/2014,2300
19/08/2014,2470
20/08/2014,2430
21/08/2014,2330
22/08/2014,2270
23/08/2014,2360
24/08/2014,2360
25/08/2014,2360
26/08/2014,2270
27/08/2014,2180
28/08/2014,1920
29/08/2014,1610
30/08/2014,1950
31/08/2014,2000
01/09/2014,2010
02/09/2014,2010
03/09/2014,1980
04/09/2014,2020
05/09/2014,2540
06/09/2014,2950
07/09/2014,4750
08/09/2014,6230
09/09/2014,6820
10/09/2014,6690
11/09/2014,6020
12/09/2014,5170
13/09/2014,4750
14/09/2014,4690
15/09/2014,4520
16/09/2014,4250
17/09/2014,4080
18/09/2014,3510
19/09/2014,3310
20/09/2014,3220
21/09/2014,3290
22/09/2014,4510
23/09/2014,6080
24/09/2014,5580
25/09/2014,4430
26/09/2014,3630
27/09/2014,3260
28/09/2014,3170
29/09/2014,3540
30/09/2014,3390
01/10/2014,5730
02/10/2014,11800
03/10/2014,18470
04/10/2014,23780
05/10/2014,26370
06/10/2014,24030
07/10/2014,20370
08/10/2014,16090
09/10/2014,12450
10/10/2014,10520
11/10/2014,9140
12/10/2014,7500
13/10/2014,6170
14/10/2014,5710
15/10/2014,4930
16/10/2014,4310
17/10/2014,4090
18/10/2014,3770
19/10/2014,3500
20/10/2014,3100
21/10/2014,3710
22/10/2014,4390
23/10/2014,4810
24/10/2014,4810
25/10/2014,4920
26/10/2014,4740
27/10/2014,4150
28/10/2014,3370
29/10/2014,2760
30/10/2014,2260
31/10/2014,1980
01/11/2014,2550
02/11/2014,3520
03/11/2014,3730
04/11/2014,4440
05/11/2014,4400
06/11/2014,3800
07/11/2014,3570
08/11/2014,3960
09/11/2014,5070
10/11/2014,6990
11/11/2014,7070
12/11/2014,6030
13/11/2014,4910
14/11/2014,3950
15/11/2014,3590
16/11/2014,3170
17/11/2014,3090
18/11/2014,2680
19/11/2014,2450
20/11/2014,2220
21/11/2014,1880
22/11/2014,2260
23/11/2014,2410
24/11/2014,2360
25/11/2014,2270
26/11/2014,2230
27/11/2014,2300
28/11/2014,1820
29/11/2014,2020
30/11/2014,2270
01/12/2014,2580
02/12/2014,2590
03/12/2014,2960
04/12/2014,3130
05/12/2014,4010
06/12/2014,3790
07/12/2014,3260
08/12/2014,2950
09/12/2014,2380
10/12/2014,1920
11/12/2014,1510
12/12/2014,1600
13/12/2014,1840
14/12/2014,1840
15/12/2014,2010
16/12/2014,1960
17/12/2014,1890
18/12/2014,1700
19/12/2014,1970
20/12/2014,2190
21/12/2014,2170
22/12/2014,2040
23/12/2014,2870
24/12/2014,3150
25/12/2014,2780
26/12/2014,2390
27/12/2014,1860
28/12/2014,1680
29/12/2014,1990
30/12/2014,3860
31/12/2014,4580
01/01/2015,4580
02/01/2015,4760
03/01/2015,6080
04/01/2015,13080
05/01/2015,17210
06/01/2015,19220
07/01/2015,17690
08/01/2015,13290
09/01/2015,9800
10/01/2015,7720
11/01/2015,6490
12/01/2015,5850
13/01/2015,5170
14/01/2015,5170
15/01/2015,4950
16/01/2015,4906
17/01/2015,4510
18/01/2015,3420
19/01/2015,4690
20/01/2015,4800
21/01/2015,4570
22/01/2015,5710
23/01/2015,6460
24/01/2015,6380
25/01/2015,5590
26/01/2015,4680
27/01/2015,3950
28/01/2015,3710
29/01/2015,3390
30/01/2015,3500
31/01/2015,3420
01/02/2015,3570
02/02/2015,3500
03/02/2015,3320
04/02/2015,3220
05/02/2015,2890
06/02/2015,2870
07/02/2015,2960
08/02/2015,2960
09/02/2015,3080
10/02/2015,3080
11/02/2015,2800
12/02/2015,2580
13/02/2015,2380
14/02/2015,2550
15/02/2015,2550
16/02/2015,2550
17/02/2015,2550
18/02/2015,2730
19/02/2015,2730
20/02/2015,2600
21/02/2015,2510
22/02/2015,2400
23/02/2015,2470
24/02/2015,2340
25/02/2015,3020
26/02/2015,4040
27/02/2015,4340
28/02/2015,4280
01/03/2015,3720
02/03/2015,3310
03/03/2015,3300
04/03/2015,3320
05/03/2015,3300
06/03/2015,3440
07/03/2015,3590
08/03/2015,3510
09/03/2015,3210
10/03/2015,3220
11/03/2015,2870
12/03/2015,2420
13/03/2015,2160
14/03/2015,2170
15/03/2015,2110
16/03/2015,2110
17/03/2015,2070
18/03/2015,1970
19/03/2015,1680
20/03/2015,1600
21/03/2015,1800
22/03/2015,1820
23/03/2015,1780
24/03/2015,1710
25/03/2015,1520
26/03/2015,1260
27/03/2015,1080
28/03/2015,1260
29/03/2015,1450
30/03/2015,1450
31/03/2015,1450
01/04/2015,1450
02/04/2015,1340
03/04/2015,1250
04/04/2015,1300
05/04/2015,1430
06/04/2015,1580
07/04/2015,1820
08/04/2015,1830
09/04/2015,1750
10/04/2015,1750
11/04/2015,1980
12/04/2015,1800
13/04/2015,1700
14/04/2015,1700
15/04/2015,1700
16/04/2015,1460
17/04/2015,1290
18/04/2015,1430
19/04/2015,1380
20/04/2015,1490
21/04/2015,1650
22/04/2015,1950
23/04/2015,2500
24/04/2015,3070
25/04/2015,3210
26/04/2015,2970
27/04/2015,2560
28/04/2015,2230
29/04/2015,1950
30/04/2015,1640
01/05/2015,1400
02/05/2015,1520
03/05/2015,1610
04/05/2015,1680
05/05/2015,2100
06/05/2015,2530
07/05/2015,3480
08/05/2015,3130
09/05/2015,2960
10/05/2015,2610
11/05/2015,2240
12/05/2015,2310
13/05/2015,2440
14/05/2015,1990
15/05/2015,1730
16/05/2015,1900
17/05/2015,1800
18/05/2015,1630
19/05/2015,1510
20/05/2015,1430
21/05/2015,1360
22/05/2015,1290
23/05/2015,1290
24/05/2015,1290
25/05/2015,1340
26/05/2015,1640
27/05/2015,2160
28/05/2015,3140
29/05/2015,5320
30/05/2015,6960
31/05/2015,8040
01/06/2015,6650
02/06/2015,5170
03/06/2015,3690
04/06/2015,2870
05/06/2015,2440
06/06/2015,2300
07/06/2015,2070
08/06/2015,1970
09/06/2015,1670
10/06/2015,1570
11/06/2015,1530
12/06/2015,1460
13/06/2015,1810
14/06/2015,2380
15/06/2015,2550
16/06/2015,2550
17/06/2015,3110
18/06/2015,6710
19/06/2015,7020
20/06/2015,6780
21/06/2015,6530
22/06/2015,7040
23/06/2015,6550
24/06/2015,5580
25/06/2015,4750
26/06/2015,4450
27/06/2015,4260
28/06/2015,3990
29/06/2015,3990
30/06/2015,3990
01/07/2015,4110
02/07/2015,5890
03/07/2015,7310
04/07/2015,7440
05/07/2015,7030
06/07/2015,6090
07/07/2015,5150
08/07/2015,4020
09/07/2015,3410
10/07/2015,3790
11/07/2015,7060
12/07/2015,9700
13/07/2015,10000
14/07/2015,9700
15/07/2015,9000
16/07/2015,9340
17/07/2015,11500
18/07/2015,16600
19/07/2015,20370
20/07/2015,22270
21/07/2015,20730
22/07/2015,17080
23/07/2015,15160
24/07/2015,13530
25/07/2015,13240
26/07/2015,11330
27/07/2015,10220
28/07/2015,10220
29/07/2015,9940
30/07/2015,8800
31/07/2015,6530
01/08/2015,5500
02/08/2015,4590
03/08/2015,4260
04/08/2015,3730
05/08/2015,3500
06/08/2015,3120
07/08/2015,3020
08/08/2015,3160
09/08/2015,2900
10/08/2015,2870
11/08/2015,2770
12/08/2015,2740
13/08/2015,2460
14/08/2015,2420
15/08/2015,2600
16/08/2015,2650
17/08/2015,2520
18/08/2015,2520
19/08/2015,2600
20/08/2015,2450
21/08/2015,2530
22/08/2015,2450
23/08/2015,2470
24/08/2015,2510
25/08/2015,2410
26/08/2015,2170
27/08/2015,1980
28/08/2015,1920
29/08/2015,2380
30/08/2015,2600
31/08/2015,2490
01/09/2015,2370
02/09/2015,2140
03/09/2015,1920
04/09/2015,1810
05/09/2015,1860
06/09/2015,1890
07/09/2015,2010
08/09/2015,2010
09/09/2015,2140
10/09/2015,1860
11/09/2015,1600
12/09/2015,1780
13/09/2015,2150
14/09/2015,2310
15/09/2015,2430
16/09/2015,2530
17/09/2015,2220
18/09/2015,1950
19/09/2015,2170
20/09/2015,2020
21/09/2015,2100
22/09/2015,2580
23/09/2015,3220
24/09/2015,3410
25/09/2015,3410
26/09/2015,3070
27/09/2015,2660
28/09/2015,2450
29/09/2015,2410
30/09/2015,4190
01/10/2015,8150
02/10/2015,9720
03/10/2015,7990
04/10/2015,5370
05/10/2015,4690
06/10/2015,3930
07/10/2015,4390
08/10/2015,4110
09/10/2015,3790
10/10/2015,3710
11/10/2015,4810
12/10/2015,9580
13/10/2015,13080
14/10/2015,15700
15/10/2015,14550
16/10/2015,12480
17/10/2015,10620
18/10/2015,9900
19/10/2015,9280
20/10/2015,8760
21/10/2015,7720
22/10/2015,7160
23/10/2015,6230
24/10/2015,5180
25/10/2015,7580
26/10/2015,12080
27/10/2015,12370
28/10/2015,10440
29/10/2015,9120
30/10/2015,7500
31/10/2015,6320
01/11/2015,5650
02/11/2015,4640
03/11/2015,3680
04/11/2015,3120
05/11/2015,3200
06/11/2015,3590
07/11/2015,4190
08/11/2015,3860
09/11/2015,4380
10/11/2015,4030
11/11/2015,3720
12/11/2015,7580
13/11/2015,12270
14/11/2015,14940
15/11/2015,16280
16/11/2015,16910
17/11/2015,15700
18/11/2015,13620
19/11/2015,10970
20/11/2015,8580
21/11/2015,7690
22/11/2015,7500
23/11/2015,7040
24/11/2015,6050
25/11/2015,5120
26/11/2015,4580
27/11/2015,3940
28/11/2015,3870
29/11/2015,3870
30/11/2015,4150
01/12/2015,5440
02/12/2015,5830
03/12/2015,5500
04/12/2015,4710
05/12/2015,5630
06/12/2015,7200
07/12/2015,9720
08/12/2015,11700
09/12/2015,11200
10/12/2015,8670
11/12/2015,6650
12/12/2015,5980
13/12/2015,7100
14/12/2015,8730
15/12/2015,8670
16/12/2015,10620
17/12/2015,13880
18/12/2015,18100
19/12/2015,20260
20/12/2015,19660
21/12/2015,16380
22/12/2015,15220
23/12/2015,14100
24/12/2015,13000
25/12/2015,13100
26/12/2015,14940
27/12/2015,15740
28/12/2015,16090
29/12/2015,14740
30/12/2015,13320
31/12/2015,11650
01/01/2016,10360
02/01/2016,9700
03/01/2016,8980
04/01/2016,8510
05/01/2016,7580
06/01/2016,6720
07/01/2016,6610
08/01/2016,5880
09/01/2016,5170
10/01/2016,4820
11/01/2016,4580
12/01/2016,4500
13/01/2016,4000
14/01/2016,3470
15/01/2016,3390
16/01/2016,3300
17/01/2016,3130
18/01/2016,2950
19/01/2016,2720
20/01/2016,2420
21/01/2016,2130
22/01/2016,1710
23/01/2016,2070
24/01/2016,2050
25/01/2016,2050
26/01/2016,1930
27/01/2016,1700
28/01/2016,1800
29/01/2016,1710
30/01/2016,1880
31/01/2016,1950
01/02/2016,1900
02/02/2016,1730
03/02/2016,1730
04/02/2016,3150
05/02/2016,5790
06/02/2016,6080
07/02/2016,4880
08/02/2016,4450
09/02/2016,4020
10/02/2016,3980
11/02/2016,4450
12/02/2016,4560
13/02/2016,3920
14/02/2016,3440
15/02/2016,3230
16/02/2016,2990
17/02/2016,2870
18/02/2016,3400
19/02/2016,3600
20/02/2016,3590
21/02/2016,3390
22/02/2016,3570
23/02/2016,3640
24/02/2016,3480
25/02/2016,3280
26/02/2016,3120
27/02/2016,3120
28/02/2016,3240
29/02/2016,2870
01/03/2016,2610
02/03/2016,2790
03/03/2016,2660
04/03/2016,2760
05/03/2016,3100
06/03/2016,3100
07/03/2016,2590
08/03/2016,3390
09/03/2016,2860
10/03/2016,2370
11/03/2016,2310
12/03/2016,3650
13/03/2016,3760
14/03/2016,3490
15/03/2016,3200
16/03/2016,3130
17/03/2016,3110
18/03/2016,3010
19/03/2016,2660
20/03/2016,2390
21/03/2016,2160
22/03/2016,2140
23/03/2016,2190
24/03/2016,2330
25/03/2016,
26/03/2016,
27/03/2016,
28/03/2016,
29/03/2016,
30/03/2016,
31/03/2016,
01/04/2016,
02/04/2016,
03/04/2016,3560
04/04/2016,3190
05/04/2016,
06/04/2016,
07/04/2016,
08/04/2016,
09/04/2016,
10/04/2016,
11/04/2016,
12/04/2016,
13/04/2016,
14/04/2016,
15/04/2016,
16/04/2016,
17/04/2016,
18/04/2016,
19/04/2016,3250
20/04/2016,2840
21/04/2016,2140
22/04/2016,2140
23/04/2016,2610
24/04/2016,2870
25/04/2016,2870
26/04/2016,2530
27/04/2016,3920
28/04/2016,5950
29/04/2016,6240
30/04/2016,6290
01/05/2016,5830
02/05/2016,4690
03/05/2016,3790
04/05/2016,3050
05/05/2016,2490
06/05/2016,
07/05/2016,
08/05/2016,2490
09/05/2016,2540
10/05/2016,2570
11/05/2016,2650
12/05/2016,2580
13/05/2016,3170
14/05/2016,3770
15/05/2016,3720
16/05/2016,3240
17/05/2016,3140
18/05/2016,3100
19/05/2016,3140
20/05/2016,2750
21/05/2016,2750
22/05/2016,2900
23/05/2016,2900
24/05/2016,3060
25/05/2016,4270
26/05/2016,4438
27/05/2016,4000
28/05/2016,3600
29/05/2016,3330
30/05/2016,2950
31/05/2016,2920
01/06/2016,2600
02/06/2016,2680
03/06/2016,2470
04/06/2016,2530
05/06/2016,2530
06/06/2016,2270
07/06/2016,2160
08/06/2016,2100
09/06/2016,1920
10/06/2016,1610
11/06/2016,1630
12/06/2016,1630
13/06/2016,1830
14/06/2016,1780
15/06/2016,1660
16/06/2016,1660
17/06/2016,1450
18/06/2016,1450
19/06/2016,1770
20/06/2016,1780
21/06/2016,1780
22/06/2016,1870
23/06/2016,1700
24/06/2016,1730
25/06/2016,1840
26/06/2016,1920
27/06/2016,1920
28/06/2016,1860
29/06/2016,1740
30/06/2016,1540
01/07/2016,1460
02/07/2016,1550
03/07/2016,1680
04/07/2016,1800
05/07/2016,1850
06/07/2016,1630
07/07/2016,1460
08/07/2016,1280
09/07/2016,1340
10/07/2016,1480
11/07/2016,1700
12/07/2016,1730
13/07/2016,1900
14/07/2016,1600
15/07/2016,1420
16/07/2016,1540
17/07/2016,2110
18/07/2016,2860
19/07/2016,3570
20/07/2016,3930
21/07/2016,3200
22/07/2016,3040
23/07/2016,2660
24/07/2016,2660
25/07/2016,2290
26/07/2016,2300
27/07/2016,2040
28/07/2016,1860
29/07/2016,1710
30/07/2016,1830
31/07/2016,1940
01/08/2016,1890
02/08/2016,1770
03/08/2016,1700
04/08/2016,1510
05/08/2016,1460
06/08/2016,1530
07/08/2016,1700
08/08/2016,1700
09/08/2016,1780
10/08/2016,1710
11/08/2016,1340
12/08/2016,1210
13/08/2016,1540
14/08/2016,1730
15/08/2016,1730
16/08/2016,1700
17/08/2016,1630
18/08/2016,1610
19/08/2016,1410
20/08/2016,1610
21/08/2016,1830
22/08/2016,2340
23/08/2016,3040
24/08/2016,3950
25/08/2016,4740
26/08/2016,4570
27/08/2016,3950
28/08/2016,3280
29/08/2016,2950
30/08/2016,2600
31/08/2016,2650
01/09/2016,3570
02/09/2016,4610
03/09/2016,4760
04/09/2016,4190
05/09/2016,3430
06/09/2016,3100
07/09/2016,2800
08/09/2016,2620
09/09/2016,2260
10/09/2016,2670
11/09/2016,2740
12/09/2016,2490
13/09/2016,2680
14/09/2016,2460
15/09/2016,1920
16/09/2016,1650
17/09/2016,1870
18/09/2016,2040
19/09/2016,1890
20/09/2016,1960
21/09/2016,2070
22/09/2016,2150
23/09/2016,1900
24/09/2016,2060
25/09/2016,2060
26/09/2016,2060
27/09/2016,1990
28/09/2016,1860
29/09/2016,1770
30/09/2016,1530
01/10/2016,1600
02/10/2016,1600
03/10/2016,1600
04/10/2016,1480
05/10/2016,1590
06/10/2016,1400
07/10/2016,1240
08/10/2016,1400
09/10/2016,1520
10/10/2016,1510
11/10/2016,1600
12/10/2016,1600
13/10/2016,1300
14/10/2016,1190
15/10/2016,1420
16/10/2016,2090
17/10/2016,2920
18/10/2016,3470
19/10/2016,3140
20/10/2016,4400
21/10/2016,6760
22/10/2016,8260
23/10/2016,8440
24/10/2016,8170
25/10/2016,8170
26/10/2016,7800
27/10/2016,6580
28/10/2016,5270
29/10/2016,5930
30/10/2016,6530
31/10/2016,5670
01/11/2016,4770
02/11/2016,3880
03/11/2016,3420
04/11/2016,3950
05/11/2016,5740
06/11/2016,6380
07/11/2016,6240
08/11/2016,5540
09/11/2016,4130
10/11/2016,3300
11/11/2016,2960
12/11/2016,3150
13/11/2016,3150
14/11/2016,2880
15/11/2016,2820
16/11/2016,2980
17/11/2016,1910
18/11/2016,1510
19/11/2016,2040
20/11/2016,2410
21/11/2016,2300
22/11/2016,2230
23/11/2016,2100
24/11/2016,2160
25/11/2016,2160
26/11/2016,1540
27/11/2016,2160
28/11/2016,2140
29/11/2016,2140
30/11/2016,2140
01/12/2016,1600
02/12/2016,1300
03/12/2016,1610
04/12/2016,1820
05/12/2016,1920
06/12/2016,1920
07/12/2016,1920
08/12/2016,1600
09/12/2016,1390
10/12/2016,1310
11/12/2016,1630
12/12/2016,2040
13/12/2016,1920
14/12/2016,1890
15/12/2016,1590
16/12/2016,1380
17/12/2016,1380
18/12/2016,1630
19/12/2016,1630
20/12/2016,1630
21/12/2016,1630
22/12/2016,1920
23/12/2016,2170
24/12/2016,2770
25/12/2016,2790
26/12/2016,2680
27/12/2016,2100
28/12/2016,2000
29/12/2016,1610
30/12/2016,1550
31/12/2016,1490
01/01/2017,1630
02/01/2017,1630
03/01/2017,2100
04/01/2017,2810
05/01/2017,3070
06/01/2017,3100
07/01/2017,2740
08/01/2017,2930
09/01/2017,3850
10/01/2017,4140
11/01/2017,4070
12/01/2017,4440
13/01/2017,5220
14/01/2017,5500
15/01/2017,5290
16/01/2017,4710
17/01/2017,4020
18/01/2017,2950
19/01/2017,2710
20/01/2017,3210
21/01/2017,3340
22/01/2017,3200
23/01/2017,2780
24/01/2017,2430
25/01/2017,2030
26/01/2017,1630
27/01/2017,1630
28/01/2017,1890
29/01/2017,1880
30/01/2017,1860
31/01/2017,1800
01/02/2017,1700
02/02/2017,1570
03/02/2017,1490
04/02/2017,1640
05/02/2017,1680
06/02/2017,1780
07/02/2017,1800
08/02/2017,1820
09/02/2017,1630
10/02/2017,1630
11/02/2017,1800
12/02/2017,1810
13/02/2017,1750
14/02/2017,1870
15/02/2017,3100
16/02/2017,3210
17/02/2017,2620
18/02/2017,2620
19/02/2017,2680
20/02/2017,2740
21/02/2017,2740
22/02/2017,2300
23/02/2017,2100
24/02/2017,1650
25/02/2017,2100
26/02/2017,
27/02/2017,
28/02/2017,1990
01/03/2017,1860
02/03/2017,1600
03/03/2017,1410
04/03/2017,1240
05/03/2017,1320
06/03/2017,2330
07/03/2017,3810
08/03/2017,4160
09/03/2017,3200
10/03/2017,2640
11/03/2017,2360
12/03/2017,3800
13/03/2017,4830
14/03/2017,5450
15/03/2017,4630
16/03/2017,3750
17/03/2017,3400
18/03/2017,3430
19/03/2017,3450
20/03/2017,3210
21/03/2017,2910
22/03/2017,2590
23/03/2017,1920
24/03/2017,1710
25/03/2017,
26/03/2017,
27/03/2017,1630
28/03/2017,1630
29/03/2017,1600
30/03/2017,1370
31/03/2017,1240
01/04/2017,1170
02/04/2017,1170
03/04/2017,1170
04/04/2017,1170
05/04/2017,1050
06/04/2017,1050
07/04/2017,1050
08/04/2017,2020
09/04/2017,2760
10/04/2017,3280
11/04/2017,5030
12/04/2017,10440
13/04/2017,10600
14/04/2017,
15/04/2017,
16/04/2017,6080
17/04/2017,5220
18/04/2017,4330
19/04/2017,3260
20/04/2017,2590
21/04/2017,1890
22/04/2017,
23/04/2017,
24/04/2017,
25/04/2017,2640
26/04/2017,2380
27/04/2017,5760
28/04/2017,11170
29/04/2017,
30/04/2017,
01/05/2017,
02/05/2017,9160
03/05/2017,7340
04/05/2017,6150
05/05/2017,4230
06/05/2017,3100
07/05/2017,2750
08/05/2017,2750
09/05/2017,2750
10/05/2017,2930
11/05/2017,2840
12/05/2017,2710
13/05/2017,
14/05/2017,2190
15/05/2017,3690
16/05/2017,5290
17/05/2017,6320
18/05/2017,5780
19/05/2017,5450
20/05/2017,4980
21/05/2017,7130
22/05/2017,10320
23/05/2017,11250
24/05/2017,9800
25/05/2017,8750
26/05/2017,11050
27/05/2017,11170
28/05/2017,12210
29/05/2017,13400
30/05/2017,12700
31/05/2017,11400
01/06/2017,15190
02/06/2017,18980
03/06/2017,23450
04/06/2017,26910
05/06/2017,18470
06/06/2017,27610
07/06/2017,24910
08/06/2017,23410
09/06/2017,24180
10/06/2017,25880
11/06/2017,26790
12/06/2017,26940
13/06/2017,26030
14/06/2017,22860
15/06/2017,19660
16/06/2017,16740
17/06/2017,13750
18/06/2017,11330
19/06/2017,9580
20/06/2017,7640
21/06/2017,6410
22/06/2017,5430
23/06/2017,4710
24/06/2017,4030
25/06/2017,3770
26/06/2017,3540
27/06/2017,3480
28/06/2017,3170
29/06/2017,2870
30/06/2017,2700
01/07/2017,2700
02/07/2017,2730
03/07/2017,2600
04/07/2017,2600
05/07/2017,2380
06/07/2017,2300
07/07/2017,2080
08/07/2017,2010
09/07/2017,2070
10/07/2017,2070
11/07/2017,2090
12/07/2017,2090
13/07/2017,1700
14/07/2017,1600
15/07/2017,1780
16/07/2017,1750
17/07/2017,1580
18/07/2017,1740
19/07/2017,1830
20/07/2017,1570
21/07/2017,1360
22/07/2017,1390
23/07/2017,1650
24/07/2017,1650
25/07/2017,1650
26/07/2017,1650
27/07/2017,1520
28/07/2017,1260
29/07/2017,1260
30/07/2017,1410
31/07/2017,1490
01/08/2017,1580
02/08/2017,1390
03/08/2017,1260
04/08/2017,1160
05/08/2017,1300
06/08/2017,1430
07/08/2017,1430
08/08/2017,1530
09/08/2017,1570
10/08/2017,1360
11/08/2017,1310
12/08/2017,1260
13/08/2017,1390
14/08/2017,1650
15/08/2017,2450
16/08/2017,2770
17/08/2017,4030
18/08/2017,4570
19/08/2017,3680
20/08/2017,2600
21/08/2017,2270
22/08/2017,2260
23/08/2017,2070
24/08/2017,2490
25/08/2017,2770
26/08/2017,2690
27/08/2017,2290
28/08/2017,2130
29/08/2017,2550
30/08/2017,2830
31/08/2017,2790
01/09/2017,2690
02/09/2017,2640
03/09/2017,2170
04/09/2017,2040
05/09/2017,1920
06/09/2017,1750
07/09/2017,1600
08/09/2017,1600
09/09/2017,1600
10/09/2017,1650
11/09/2017,1610
12/09/2017,1550
13/09/2017,1430
14/09/2017,1430
15/09/2017,1210
16/09/2017,1340
17/09/2017,1710
18/09/2017,1710
19/09/2017,1830
20/09/2017,1860
21/09/2017,1750
22/09/2017,1630
23/09/2017,1630
24/09/2017,1630
25/09/2017,1540
26/09/2017,1480
27/09/2017,1480
28/09/2017,1280
29/09/2017,1280
30/09/2017,1070
01/10/2017,1050
02/10/2017,1050
03/10/2017,1170
04/10/2017,1340
05/10/2017,
06/10/2017,
07/10/2017,
08/10/2017,
09/10/2017,
10/10/2017,
11/10/2017,
12/10/2017,
13/10/2017,
14/10/2017,
15/10/2017,
16/10/2017,
17/10/2017,
18/10/2017,
19/10/2017,
20/10/2017,
21/10/2017,3240
22/10/2017,3540
23/10/2017,4310
24/10/2017,7800
25/10/2017,10440
26/10/2017,10680
27/10/2017,7970
28/10/2017,6760
29/10/2017,6350
30/10/2017,5900
31/10/2017,5170
01/11/2017,4590
02/11/2017,4860
03/11/2017,5230
04/11/2017,4630
05/11/2017,4230
06/11/2017,3980
07/11/2017,5540
08/11/2017,7020
09/11/2017,7040
10/11/2017,5470
11/11/2017,4430
12/11/2017,3750
13/11/2017,3750
14/11/2017,3480
15/11/2017,3240
16/11/2017,2620
17/11/2017,2500
18/11/2017,2480
19/11/2017,2390
20/11/2017,2780
21/11/2017,2890
22/11/2017,3280
23/11/2017,3300
24/11/2017,2940
25/11/2017,2830
26/11/2017,2680
27/11/2017,2670
28/11/2017,2740
29/11/2017,2720
30/11/2017,2680
01/12/2017,2650
02/12/2017,2750
03/12/2017,2560
04/12/2017,2380
05/12/2017,2100
06/12/2017,1930
07/12/2017,1750
08/12/2017,1610
09/12/2017,1610
10/12/2017,1610
11/12/2017,1610
12/12/2017,1550
13/12/2017,1550
14/12/2017,1430
15/12/2017,1350
16/12/2017,1240
17/12/2017,1200
18/12/2017,1200
19/12/2017,1250
20/12/2017,1280
21/12/2017,1230
22/12/2017,1170
23/12/2017,1190
24/12/2017,1250
25/12/2017,1190
26/12/2017,1340
27/12/2017,1430
28/12/2017,1430
29/12/2017,
30/12/2017,
31/12/2017,1380
01/01/2018,1380
02/01/2018,1380
03/01/2018,1530
04/01/2018,1860
05/01/2018,1740
06/01/2018,2110
07/01/2018,2450
08/01/2018,2450
09/01/2018,1730
10/01/2018,1700
11/01/2018,1520
12/01/2018,1320
13/01/2018,1320
14/01/2018,1340
15/01/2018,1350
16/01/2018,1480
17/01/2018,1510
18/01/2018,1510
19/01/2018,1610
20/01/2018,1770
21/01/2018,2210
22/01/2018,2610
23/01/2018,3050
24/01/2018,3050
25/01/2018,2870
26/01/2018,4630
27/01/2018,5950
28/01/2018,6290
29/01/2018,6740
30/01/2018,7130
31/01/2018,6320
01/02/2018,4750
02/02/2018,4210
03/02/2018,4210
04/02/2018,3160
05/02/2018,2480
06/02/2018,2220
07/02/2018,1960
08/02/2018,1520
09/02/2018,1270
10/02/2018,1500
11/02/2018,1680
12/02/2018,1780
13/02/2018,2010
14/02/2018,1830
15/02/2018,1320
16/02/2018,1380
17/02/2018,1230
18/02/2018,1200
19/02/2018,1200
20/02/2018,1310
21/02/2018,1450
22/02/2018,1360
23/02/2018,1310
24/02/2018,1230
25/02/2018,1540
26/02/2018,1610
27/02/2018,1610
28/02/2018,1610
01/03/2018,1340
02/03/2018,1250
03/03/2018,1270
04/03/2018,1270
05/03/2018,1500
06/03/2018,1500
07/03/2018,1500
08/03/2018,1360
09/03/2018,1200
10/03/2018,1210
11/03/2018,1430
12/03/2018,1340
13/03/2018,1200
14/03/2018,1130
15/03/2018,1110
16/03/2018,1110
17/03/2018,1170
18/03/2018,2070
19/03/2018,2340
20/03/2018,2220
21/03/2018,1900
22/03/2018,1630
23/03/2018,1350
24/03/2018,1400
25/03/2018,1590
26/03/2018,2150
27/03/2018,2200
28/03/2018,2200
29/03/2018,2380
30/03/2018,3240
31/03/2018,2880
01/04/2018,2750
02/04/2018,2620
03/04/2018,2770
04/04/2018,3100
05/04/2018,3120
06/04/2018,2510
07/04/2018,3050
08/04/2018,2600
09/04/2018,2200
10/04/2018,2080
11/04/2018,1770
12/04/2018,1480
13/04/2018,1420
14/04/2018,1630
15/04/2018,1630
16/04/2018,1630
17/04/2018,1630
18/04/2018,1580
19/04/2018,1310
20/04/2018,1310
21/04/2018,1450
22/04/2018,1460
23/04/2018,1460
24/04/2018,1460
25/04/2018,1510
26/04/2018,1330
27/04/2018,1170
28/04/2018,1170
29/04/2018,1200
30/04/2018,1270
01/05/2018,1270
02/05/2018,1270
03/05/2018,1060
04/05/2018,950
05/05/2018,890
06/05/2018,
07/05/2018,
08/05/2018,850
09/05/2018,850
10/05/2018,910
11/05/2018,860
12/05/2018,860
13/05/2018,860
14/05/2018,860
15/05/2018,860
16/05/2018,860
17/05/2018,860
18/05/2018,860
19/05/2018,1060
20/05/2018,1210
21/05/2018,1800
22/05/2018,1990
23/05/2018,2240
24/05/2018,1410
25/05/2018,1870
26/05/2018,1630
27/05/2018,1490
28/05/2018,1400
29/05/2018,1260
30/05/2018,1260
31/05/2018,1130
01/06/2018,1060
02/06/2018,1060
03/06/2018,1270
04/06/2018,1380
05/06/2018,1380
06/06/2018,1270
07/06/2018,1210
08/06/2018,1340
09/06/2018,1230
10/06/2018,1230
11/06/2018,1230
12/06/2018,1230
13/06/2018,1230
14/06/2018,1340
15/06/2018,1390
16/06/2018,1480
17/06/2018,1830
18/06/2018,2010
19/06/2018,1830
20/06/2018,1600
21/06/2018,1450
22/06/2018,1310
23/06/2018,1310
24/06/2018,1450
25/06/2018,1450
26/06/2018,1350
27/06/2018,1350
28/06/2018,1570
29/06/2018,1470
30/06/2018,1540
01/07/2018,1730
02/07/2018,2110
03/07/2018,2300
04/07/2018,2500
05/07/2018,2400
06/07/2018,2210
07/07/2018,2000
08/07/2018,1820
09/07/2018,1820
10/07/2018,1920
11/07/2018,1850
12/07/2018,1580
13/07/2018,1470
14/07/2018,1460
15/07/2018,
16/07/2018,
17/07/2018,
18/07/2018,1481
19/07/2018,1443
20/07/2018,1272
21/07/2018,1260
22/07/2018,1620
23/07/2018,1630
24/07/2018,1630
25/07/2018,1600
26/07/2018,1480
27/07/2018,1420
28/07/2018,1580
29/07/2018,1630
30/07/2018,1690
31/07/2018,1830
01/08/2018,1640
02/08/2018,1630
03/08/2018,1520
04/08/2018,1540
05/08/2018,1700
06/08/2018,1670
07/08/2018,1480
08/08/2018,1410
09/08/2018,1280
10/08/2018,1200
11/08/2018,1250
12/08/2018,1520
13/08/2018,1530
14/08/2018,1480
15/08/2018,1480
16/08/2018,1310
17/08/2018,1180
18/08/2018,1230
19/08/2018,1460
20/08/2018,1630
21/08/2018,1530
22/08/2018,1630
23/08/2018,1420
24/08/2018,1350
25/08/2018,1350
26/08/2018,1630
27/08/2018,1730
28/08/2018,1770
29/08/2018,1810
30/08/2018,1630
31/08/2018,1630
01/09/2018,1670
02/09/2018,1700
03/09/2018,1920
04/09/2018,2200
05/09/2018,2800
06/09/2018,4570
07/09/2018,6610
08/09/2018,7020
09/09/2018,6200
10/09/2018,4930
11/09/2018,3750
12/09/2018,3110
13/09/2018,2840
14/09/2018,2550
15/09/2018,2340
16/09/2018,2280
17/09/2018,2140
18/09/2018,2040
19/09/2018,1990
20/09/2018,2080
21/09/2018,2190
22/09/2018,2440
23/09/2018,2600
24/09/2018,2300
25/09/2018,2180
26/09/2018,2070
27/09/2018,2250
28/09/2018,2450
29/09/2018,2980
30/09/2018,4080
01/10/2018,4220
02/10/2018,3940
03/10/2018,3750
04/10/2018,3660
05/10/2018,3550
06/10/2018,4440
07/10/2018,5670
08/10/2018,5940
09/10/2018,4750
10/10/2018,3750
11/10/2018,2940
12/10/2018,2980
13/10/2018,3770
14/10/2018,3950
15/10/2018,4230
16/10/2018,4640
17/10/2018,6050
18/10/2018,6000
19/10/2018,5880
20/10/2018,9640
21/10/2018,9640
22/10/2018,9640
23/10/2018,9260
24/10/2018,6930
25/10/2018,4930
26/10/2018,3950
27/10/2018,3410
28/10/2018,2860
29/10/2018,2890
30/10/2018,3050
31/10/2018,3130
01/11/2018,2920
02/11/2018,3060
03/11/2018,5580
04/11/2018,9160
05/11/2018,10120
06/11/2018,10400
07/11/2018,10400
08/11/2018,9340
09/11/2018,7130
10/11/2018,5850
11/11/2018,4330
12/11/2018,3520
13/11/2018,3120
14/11/2018,2780
15/11/2018,2838
16/11/2018,3367
17/11/2018,3557
18/11/2018,3317
19/11/2018,3419
20/11/2018,3842
21/11/2018,4381
22/11/2018,4215
23/11/2018,4359
24/11/2018,3472
25/11/2018,3440
26/11/2018,5375
27/11/2018,5665
28/11/2018,5423
29/11/2018,5242
30/11/2018,4968
01/12/2018,3799
02/12/2018,4575
03/12/2018,4038
04/12/2018,3799
05/12/2018,3799
06/12/2018,3177
07/12/2018,2838
08/12/2018,2744
09/12/2018,2744
10/12/2018,2532
11/12/2018,2431
12/12/2018,2306
13/12/2018,1763
14/12/2018,1654
15/12/2018,1935
16/12/2018,1935
17/12/2018,2094
18/12/2018,1942
19/12/2018,1801
20/12/2018,1724
21/12/2018,1795
22/12/2018,2067
23/12/2018,
24/12/2018,4016
25/12/2018,4326
26/12/2018,4082
27/12/2018,3388
28/12/2018,2956
29/12/2018,
30/12/2018,
31/12/2018,
01/01/2019,
02/01/2019,2032
03/01/2019,1923
04/01/2019,1827
05/01/2019,1948
06/01/2019,1795
07/01/2019,2253
08/01/2019,2350
09/01/2019,2244
10/01/2019,2111
11/01/2019,2956
12/01/2019,4005
13/01/2019,4404
14/01/2019,4586
15/01/2019,4713
16/01/2019,4471
17/01/2019,4182
18/01/2019,4695
19/01/2019,5081
20/01/2019,5796
21/01/2019,5935
22/01/2019,5699
23/01/2019,5382
24/01/2019,4820
25/01/2019,4524
26/01/2019,4219
27/01/2019,4101
28/01/2019,4101
29/01/2019,3806
30/01/2019,3411
31/01/2019,3075
01/02/2019,2832
02/02/2019,2530
03/02/2019,2497
04/02/2019,2497
05/02/2019,2378
06/02/2019,2277
07/02/2019,1984
08/02/2019,1748
09/02/2019,1857
10/02/2019,1755
11/02/2019,1728
12/02/2019,1833
13/02/2019,1810
14/02/2019,1693
15/02/2019,1693
16/02/2019,1810
17/02/2019,1889
18/02/2019,1680
19/02/2019,1778
20/02/2019,2929
21/02/2019,2967
22/02/2019,2736
23/02/2019,2823
24/02/2019,2412
25/02/2019,2227
26/02/2019,2227
27/02/2019,2294
28/02/2019,2530
01/03/2019,2600
02/03/2019,3590
03/03/2019,3443
04/03/2019,2813
05/03/2019,2497
06/03/2019,2095
07/03/2019,1721
08/03/2019,1556
09/03/2019,1577
10/03/2019,2454
11/03/2019,5699
12/03/2019,5504
13/03/2019,2336
14/03/2019,3453
15/03/2019,4622
16/03/2019,5741
17/03/2019,5588
18/03/2019,4964
19/03/2019,4463
20/03/2019,4573
21/03/2019,4158
22/03/2019,2774
23/03/2019,6840
24/03/2019,6074
25/03/2019,4646
26/03/2019,3863
27/03/2019,3243
28/03/2019,2539
29/03/2019,2286
30/03/2019,2362
31/03/2019,
01/04/2019,2412
02/04/2019,2345
03/04/2019,2252
04/04/2019,2000
05/04/2019,1762
06/04/2019,1992
07/04/2019,2277
08/04/2019,2412
09/04/2019,1625
10/04/2019,2345
11/04/2019,2345
12/04/2019,2421
13/04/2019,1937
14/04/2019,2080
15/04/2019,2016
16/04/2019,1905
17/04/2019,1794
18/04/2019,
19/04/2019,1625
20/04/2019,1407
21/04/2019,1536
22/04/2019,1591
23/04/2019,1905
24/04/2019,2064
25/04/2019,2559
26/04/2019,2277
27/04/2019,2736
28/04/2019,2564
29/04/2019,2610
30/04/2019,3045
01/05/2019,3635
02/05/2019,3908
03/05/2019,4022
04/05/2019,3359
05/05/2019,2871
06/05/2019,2581
07/05/2019,2736
08/05/2019,2996
09/05/2019,3016
10/05/2019,2958
11/05/2019,3942
12/05/2019,6146
13/05/2019,9266
14/05/2019,10159
15/05/2019,12504
16/05/2019,12835
17/05/2019,10065
18/05/2019,7636
19/05/2019,5824
20/05/2019,4646
21/05/2019,3965
22/05/2019,3359
23/05/2019,3613
24/05/2019,4451
25/05/2019,4451
26/05/2019,5755
27/05/2019,7464
28/05/2019,7887
29/05/2019,7261
30/05/2019,6175
31/05/2019,6338
01/06/2019,6871
02/06/2019,9089
03/06/2019,11260
04/06/2019,11908
05/06/2019,10844
06/06/2019,8542
07/06/2019,6886
08/06/2019,5616
09/06/2019,5003
10/06/2019,4113
11/06/2019,3516
12/06/2019,3738
13/06/2019,3127
14/06/2019,2530
15/06/2019,2497
16/06/2019,2429
17/06/2019,2463
18/06/2019,2294
19/06/2019,2269
20/06/2019,2000
21/06/2019,1833
22/06/2019,2016
23/06/2019,2530
24/06/2019,2143
25/06/2019,1889
26/06/2019,1849
27/06/2019,1728
28/06/2019,1728
29/06/2019,1826
30/06/2019,2024
01/07/2019,2277
02/07/2019,2446
03/07/2019,2260
04/07/2019,2064
05/07/2019,1762
06/07/2019,2159
07/07/2019,3025
08/07/2019,4899
09/07/2019,3401
10/07/2019,2497
11/07/2019,2193
12/07/2019,2103
13/07/2019,1968
14/07/2019,2016
15/07/2019,1984
16/07/2019,1786
17/07/2019,1937
18/07/2019,1841
19/07/2019,1841
20/07/2019,2159
21/07/2019,2243
22/07/2019,2243
23/07/2019,2547
24/07/2019,1921
25/07/2019,1680
26/07/2019,2938
27/07/2019,4158
28/07/2019,4609
29/07/2019,4500
30/07/2019,3954
31/07/2019,3443
01/08/2019,3085
02/08/2019,2421
03/08/2019,1460
04/08/2019,2530
05/08/2019,5000
06/08/2019,4500
07/08/2019,2127
08/08/2019,1778
09/08/2019,1762
10/08/2019,1794
11/08/2019,1921
12/08/2019,2103
13/08/2019,2260
14/08/2019,1889
15/08/2019,1762
16/08/2019,1680
17/08/2019,1735
18/08/2019,1748
19/08/2019,1652
20/08/2019,1584
21/08/2019,1378
22/08/2019,1577
23/08/2019,1577
24/08/2019,1384
25/08/2019,1501
26/08/2019,1313
27/08/2019,1536
28/08/2019,1501
29/08/2019,1446
30/08/2019,1131
31/08/2019,1075
01/09/2019,1075
02/09/2019,1154
03/09/2019,1501
04/09/2019,1625
05/09/2019,1467
06/09/2019,1301
07/09/2019,1301
08/09/2019,1254
09/09/2019,1254
10/09/2019,1254
11/09/2019,1184
12/09/2019,1105
13/09/2019,1100
14/09/2019,1219
15/09/2019,1331
16/09/2019,1384
17/09/2019,1290
18/09/2019,1184
19/09/2019,1137
20/09/2019,1125
21/09/2019,1125
22/09/2019,1125
23/09/2019,1225
24/09/2019,1366
25/09/2019,1467
26/09/2019,1301
27/09/2019,1196
28/09/2019,1100
29/09/2019,1100
30/09/2019,1100
01/10/2019,1100
02/10/2019,1100
03/10/2019,1050
04/10/2019,1025
05/10/2019,1219
06/10/2019,1460
07/10/2019,1770
08/10/2019,2513
09/10/2019,2851
10/10/2019,3045
11/10/2019,2678
12/10/2019,2201
13/10/2019,1841
14/10/2019,1556
15/10/2019,1556
16/10/2019,1488
17/10/2019,1481
18/10/2019,1372
19/10/2019,1231
20/10/2019,1160
21/10/2019,1115
22/10/2019,1115
23/10/2019,1184
24/10/2019,1248
25/10/2019,1248
26/10/2019,1248
27/10/2019,1248
28/10/2019,1307
29/10/2019,1419
30/10/2019,2159
31/10/2019,2755
01/11/2019,1611
02/11/2019,3127
03/11/2019,3527
04/11/2019,3658
05/11/2019,4067
06/11/2019,4500
07/11/2019,5343
08/11/2019,6796
09/11/2019,6678
10/11/2019,6678
11/11/2019,6323
12/11/2019,5782
13/11/2019,5225
14/11/2019,4044
15/11/2019,3760
16/11/2019,3537
17/11/2019,3897
18/11/2019,3897
19/11/2019,3432
20/11/2019,3159
21/11/2019,2851
22/11/2019,2480
23/11/2019,2600
24/11/2019,2629
25/11/2019,2412
26/11/2019,2412
27/11/2019,2345
28/11/2019,2556
29/11/2019,2610
30/11/2019,3045
01/12/2019,3422
02/12/2019,3316
03/12/2019,3569
04/12/2019,3035
05/12/2019,2446
06/12/2019,2243
07/12/2019,2505
08/12/2019,3045
09/12/2019,3222
10/12/2019,3045
11/12/2019,2547
12/12/2019,1762
13/12/2019,1604
14/12/2019,1968
15/12/2019,1968
16/12/2019,2088
17/12/2019,2095
18/12/2019,1905
19/12/2019,1611
20/12/2019,1331
21/12/2019,1419
22/12/2019,1639
23/12/2019,1693
24/12/2019,1597
25/12/2019,1536
26/12/2019,1419
27/12/2019,1337
28/12/2019,1184
29/12/2019,1125
30/12/2019,1125
31/12/2019,1065
01/01/2020,1172
02/01/2020,1207
03/01/2020,1125
04/01/2020,1125
05/01/2020,1075
06/01/2020,1030
07/01/2020,995
08/01/2020,816
09/01/2020,741
10/01/2020,775
11/01/2020,720
12/01/2020,775
13/01/2020,950
14/01/2020,1090
15/01/2020,1100
16/01/2020,1050
17/01/2020,1050
18/01/2020,1254
19/01/2020,1927.7
20/01/2020,1995.69
21/01/2020,1694.25
22/01/2020,1489.54
23/01/2020,1301
24/01/2020,1219
25/01/2020,1090
26/01/2020,1207
27/01/2020,1137
28/01/2020,1005
29/01/2020,925
30/01/2020,925
31/01/2020,842
01/02/2020,800
02/02/2020,970
03/02/2020,1213
04/02/2020,1929
05/02/2020,1889
06/02/2020,1440
07/02/2020,1201
08/02/2020,1149
09/02/2020,1278
10/02/2020,1219
11/02/2020,1080
12/02/2020,1060
13/02/2020,1005
14/02/2020,915
15/02/2020,846
16/02/2020,980
17/02/2020,935
18/02/2020,935
19/02/2020,935
20/02/2020,1172
21/02/2020,1348
22/02/2020,1243
23/02/2020,1243
24/02/2020,985
25/02/2020,975
26/02/2020,875
27/02/2020,875
28/02/2020,808
29/02/2020,741
01/03/2020,691
02/03/2020,1050
03/03/2020,1337
04/03/2020,1243
05/03/2020,995
06/03/2020,858
07/03/2020,833
08/03/2020,975
09/03/2020,975
10/03/2020,975
11/03/2020,975
12/03/2020,955
13/03/2020,842
14/03/2020,605.15
15/03/2020,652
16/03/2020,618.82
17/03/2020,632.48
18/03/2020,719.3
19/03/2020,804
20/03/2020,708.86
21/03/2020,513.94
22/03/2020,
23/03/2020,
24/03/2020,488.73
25/03/2020,
26/03/2020,
27/03/2020,
28/03/2020,
29/03/2020,
30/03/2020,
31/03/2020,
01/04/2020,
02/04/2020,477.61
03/04/2020,477.61
04/04/2020,614.36
05/04/2020,516.72
06/04/2020,539.37
07/04/2020,556.45
08/04/2020,613.36
09/04/2020,632.48
10/04/2020,585.33
11/04/2020,636.03
12/04/2020,738.95
13/04/2020,837.54
14/04/2020,818.56
15/04/2020,683.17
16/04/2020,607.55
17/04/2020,704
18/04/2020,700
19/04/2020,680
20/04/2020,611.82
21/04/2020,663.21
22/04/2020,674.65
23/04/2020,601.58
24/04/2020,591.58
25/04/2020,670
26/04/2020,620
27/04/2020,590
28/04/2020,560
29/04/2020,530
30/04/2020,500
01/05/2020,470
02/05/2020,450
03/05/2020,430
04/05/2020,430
05/05/2020,430
06/05/2020,420
07/05/2020,541.09
08/05/2020,1186.33
09/05/2020,1241.53
10/05/2020,1100.74
11/05/2020,1000.2
12/05/2020,888.57
13/05/2020,759.84
14/05/2020,870.08
15/05/2020,1160.5
16/05/2020,1398.18
17/05/2020,1173.93
18/05/2020,962.79
19/05/2020,811.54
20/05/2020,731.01
21/05/2020,706.86
22/05/2020,681.73
23/05/2020,712.66
24/05/2020,797.52
25/05/2020,1153.12
26/05/2020,1668.67
27/05/2020,2152.86
28/05/2020,2279.88
29/05/2020,2001.86
30/05/2020,1641.61
31/05/2020,1460.1
01/06/2020,1268.35
02/06/2020,1126.06
03/06/2020,916.61
04/06/2020,888.14
05/06/2020,791.54
06/06/2020,781.54
07/06/2020,882.36
08/06/2020,1138.63
09/06/2020,2176.01
10/06/2020,2987.39
11/06/2020,3041.02
12/06/2020,2466.54
13/06/2020,2920.17
14/06/2020,7525.69
15/06/2020,8980.75
16/06/2020,7609.25
17/06/2020,5272.46
18/06/2020,3875.38
19/06/2020,3204.47
20/06/2020,2852.6
21/06/2020,2287.86
22/06/2020,2191.92
23/06/2020,2176.92
24/06/2020,2028.74
25/06/2020,1685.08
26/06/2020,1411.72
27/06/2020,1355.88
28/06/2020,1541.81
29/06/2020,1455.1
30/06/2020,1430.1
01/07/2020,1638.79
02/07/2020,3082.27
03/07/2020,5392.35
04/07/2020,5857.85
05/07/2020,6241.58
06/07/2020,5774.6
07/07/2020,4821.35
08/07/2020,3583.39
09/07/2020,3985.31
10/07/2020,8431.88
11/07/2020,10512.1
12/07/2020,11327.2
13/07/2020,10626.5
14/07/2020,9146.8
15/07/2020,7640.14
16/07/2020,6473.41
17/07/2020,5475.45
18/07/2020,4939.19
19/07/2020,4775.02
20/07/2020,4813.04
21/07/2020,5018.32
22/07/2020,4845.31
23/07/2020,3985.48
24/07/2020,3242.72
25/07/2020,3131.71
26/07/2020,3064.43
27/07/2020,3069.43
28/07/2020,3012.88
29/07/2020,2925.8
30/07/2020,2817.96
31/07/2020,2880.02
01/08/2020,3091.71
02/08/2020,2585.73
03/08/2020,2934.51
04/08/2020,2803.74
05/08/2020,2705.14
06/08/2020,2291.57
07/08/2020,1911.58
08/08/2020,2082.31
09/08/2020,2079.44
10/08/2020,2099.44
11/08/2020,2120.21
12/08/2020,1999.89
13/08/2020,1736.12
14/08/2020,1709.99
15/08/2020,2481.85
16/08/2020,2728.53
17/08/2020,3333.63
18/08/2020,4695.74
19/08/2020,5291.29
20/08/2020,5415.1
21/08/2020,3775.41
22/08/2020,3751.53
23/08/2020,3467.97
24/08/2020,3383.39
25/08/2020,3352.38
26/08/2020,3091.07
27/08/2020,2606.79
28/08/2020,2666.57
29/08/2020,2756.92
30/08/2020,2567.94
31/08/2020,2409.35
01/09/2020,2370.86
02/09/2020,2179.39
03/09/2020,1988.03
04/09/2020,1979.36
05/09/2020,2049.56
06/09/2020,2030.24
07/09/2020,2044.19
08/09/2020,2057.44
09/09/2020,2088.97
10/09/2020,1801.89
11/09/2020,1604.07
12/09/2020,1583.75
13/09/2020,1947.36
14/09/2020,2121.07
15/09/2020,2201.61
16/09/2020,2164.58
17/09/2020,1886.88
18/09/2020,1860.69
19/09/2020,2286.37
20/09/2020,2313.94
21/09/2020,2399.19
22/09/2020,2488.91
23/09/2020,2152.82
24/09/2020,1863.61
25/09/2020,1587.69
26/09/2020,1517.98
27/09/2020,1496.67
28/09/2020,1461.93
29/09/2020,1461.93
30/09/2020,1560.08
01/10/2020,1632
02/10/2020,1406.13
03/10/2020,1340.88
04/10/2020,1554.25
05/10/2020,1713.59
06/10/2020,1739.22
07/10/2020,1716.99
08/10/2020,1474.63
09/10/2020,1106.69
10/10/2020,1088.93
11/10/2020,1266.23
12/10/2020,1296.23
13/10/2020,1372.33
14/10/2020,1357.73
15/10/2020,1308.89
16/10/2020,1239.94
17/10/2020,848.68
18/10/2020,830.68
19/10/2020,1171.77
20/10/2020,1236.03
21/10/2020,1295
22/10/2020,1134.86
23/10/2020,815.02
24/10/2020,677.22
25/10/2020,813.52
26/10/2020,1007.04
27/10/2020,1000.54
28/10/2020,981.81
29/10/2020,932
30/10/2020,839.26
31/10/2020,654.06
01/11/2020,725.74
02/11/2020,962.66
03/11/2020,1002.66
04/11/2020,873.57
05/11/2020,680.51
06/11/2020,290.93
07/11/2020,514.76
08/11/2020,238.5
09/11/2020,201.5
10/11/2020,470.08
11/11/2020,556.82
12/11/2020,556.82
13/11/2020,556.82
14/11/2020,520.3
15/11/2020,488.45
16/11/2020,781.54
17/11/2020,778.52
18/11/2020,839.18
19/11/2020,742.61
20/11/2020,585.01
21/11/2020,480
22/11/2020,546.73
23/11/2020,736.56
24/11/2020,651.47
25/11/2020,591.73
26/11/2020,485
27/11/2020,469
28/11/2020,477
29/11/2020,360
30/11/2020,472.87
01/12/2020,820.9
02/12/2020,1038.36
03/12/2020,1134.36
04/12/2020,1109.86
05/12/2020,2064.65
06/12/2020,2691.99
07/12/2020,2570.92
08/12/2020,2302.57
09/12/2020,1886.71
10/12/2020,1521.32
11/12/2020,1211.84
12/12/2020,899.53
13/12/2020,1014.05
14/12/2020,1215.85
15/12/2020,1146.2
16/12/2020,1000.54
17/12/2020,969
18/12/2020,820
19/12/2020,784
20/12/2020,949.31
21/12/2020,1050.7
22/12/2020,987.79
23/12/2020,1006.6
24/12/2020,1050.7
25/12/2020,1232.18
26/12/2020,1777.85
27/12/2020,1755.5
28/12/2020,1382.13
29/12/2020,1172.64
30/12/2020,944.39
31/12/2020,937.89
01/01/2021,1057.2
02/01/2021,925.52
03/01/2021,802.57
04/01/2021,876.08
05/01/2021,873.01
06/01/2021,857.76
07/01/2021,736.67
08/01/2021,665.65
09/01/2021,748.52
10/01/2021,805.52
11/01/2021,988.52
12/01/2021,1076.86
13/01/2021,1057.89
14/01/2021,1038.39
15/01/2021,1013.29
16/01/2021,937.81
17/01/2021,1157.2
18/01/2021,1131.24
19/01/2021,1088.86
20/01/2021,1305.63
21/01/2021,1645.75
22/01/2021,1527.74
23/01/2021,1475.38
24/01/2021,1434.43
25/01/2021,1623.77
26/01/2021,1792.58
27/01/2021,1901.08
28/01/2021,2346.26
29/01/2021,4435.14
30/01/2021,5632.56
31/01/2021,5571.1
01/02/2021,5176.12
02/02/2021,5371.22
03/02/2021,5598.06
04/02/2021,6262.99
05/02/2021,5998.71
06/02/2021,4820.01
07/02/2021,3889.13
08/02/2021,3337.11
09/02/2021,3066.54
10/02/2021,2776.76
11/02/2021,2274.31
12/02/2021,1847.61
13/02/2021,2002.74
14/02/2021,1778.16
15/02/2021,1693.93
16/02/2021,1479.54
17/02/2021,1385.15
18/02/2021,1364.65
19/02/2021,1364.65
20/02/2021,1638.08
21/02/2021,1521.32
22/02/2021,1378.63
23/02/2021,1178.34
24/02/2021,1110.06
25/02/2021,1103.06
26/02/2021,1101.2
27/02/2021,1013.04
28/02/2021,1000.54
01/03/2021,1006.81
02/03/2021,969.09
03/03/2021,876.08
04/03/2021,839.26
05/03/2021,839.26
06/03/2021,870.08
07/03/2021,906.21
08/03/2021,973.31
09/03/2021,962.81
10/03/2021,1057.02
11/03/2021,1063.52
12/03/2021,1016.24
13/03/2021,848.68
14/03/2021,826.68
15/03/2021,826.68
16/03/2021,778.52
17/03/2021,724.74
18/03/2021,706.74
19/03/2021,665.88
20/03/2021,590.96
21/03/2021,639.68
22/03/2021,919.11
23/03/2021,870.01
24/03/2021,919.29
25/03/2021,882.14
26/03/2021,766.53
27/03/2021,718.67
28/03/2021,1000.31
29/03/2021,1063.52
30/03/2021,1329.7
31/03/2021,1753.34
01/04/2021,1622.83
02/04/2021,1343.7
03/04/2021,1574.31
04/04/2021,1478.88
05/04/2021,1167.64
06/04/2021,1063.52
07/04/2021,981.7
08/04/2021,827.09
09/04/2021,724.67
10/04/2021,631.26
11/04/2021,579.23
12/04/2021,671.89
13/04/2021,772.52
14/04/2021,724.63
15/04/2021,709.84
16/04/2021,648.38
17/04/2021,556.65
18/04/2021,746.12
19/04/2021,900.86
20/04/2021,839.26
21/04/2021,863.95
22/04/2021,867.45
23/04/2021,736.67
24/04/2021,630.97
25/04/2021,613.97
26/04/2021,694.84
27/04/2021,694.84
28/04/2021,660.22
29/04/2021,633.97
30/04/2021,556.98
01/05/2021,501.8
02/05/2021,236
03/05/2021,579.83
04/05/2021,654.3
05/05/2021,654.3
06/05/2021,654.3
07/05/2021,654.3
08/05/2021,671.89
09/05/2021,754.52
10/05/2021,876.08
11/05/2021,907.02
12/05/2021,845.68
13/05/2021,742.56
14/05/2021,742.56
15/05/2021,662.72
16/05/2021,597
17/05/2021,654.58
18/05/2021,671.58
19/05/2021,671.58
20/05/2021,648.38
21/05/2021,610.96
22/05/2021,523.45
23/05/2021,523.99
24/05/2021,780.08
25/05/2021,1260.15
26/05/2021,1560.08
27/05/2021,1409.66
28/05/2021,1281.53
29/05/2021,1084.52
30/05/2021,987.04
31/05/2021,1000.54
01/06/2021,919.52
02/06/2021,830.12
03/06/2021,909.89
04/06/2021,1019.45
05/06/2021,1019.45
06/06/2021,1054.02
07/06/2021,1063.52
08/06/2021,907.21
09/06/2021,944.31
10/06/2021,1057.86
11/06/2021,1502.31
12/06/2021,2434.1
13/06/2021,3194.38
14/06/2021,3615.16
15/06/2021,3341.88
16/06/2021,2674.69
17/06/2021,2139.58
18/06/2021,1679.57
19/06/2021,1503.6
20/06/2021,1323.06
21/06/2021,1205.17
22/06/2021,1308.77
23/06/2021,1441.33
24/06/2021,1574.31
25/06/2021,1880.02
26/06/2021,2242.44
27/06/2021,2632.71
28/06/2021,3072.81
29/06/2021,3509.72
30/06/2021,3798.46
01/07/2021,4114.25
02/07/2021,4914.55
03/07/2021,4723.06
04/07/2021,4022
05/07/2021,3122.57
06/07/2021,2715.81
07/07/2021,2327.54
08/07/2021,1980.03
09/07/2021,1739.5
10/07/2021,1847.15
11/07/2021,1916.71
12/07/2021,1967.2
13/07/2021,1932.96
14/07/2021,1840.09
15/07/2021,1437.15
16/07/2021,1274.2
17/07/2021,1667.49
18/07/2021,1724.16
19/07/2021,1831.61
20/07/2021,1893.86
21/07/2021,1852.84
22/07/2021,1517.74
23/07/2021,1257.03
24/07/2021,1497.57
25/07/2021,1694.49
26/07/2021,1594.81
27/07/2021,1644.74
28/07/2021,1552.76
29/07/2021,1288.44
30/07/2021,1103.06
31/07/2021,1590.57
01/08/2021,1932.36
02/08/2021,2003.19
03/08/2021,1759.58
04/08/2021,1524.32
05/08/2021,1191.99
06/08/2021,1070.52
07/08/2021,1063.52
08/08/2021,1308.68
09/08/2021,1291.77
10/08/2021,1343.65
11/08/2021,1461.26
12/08/2021,1164.97
13/08/2021,944.2
14/08/2021,1169.94
15/08/2021,1549
16/08/2021,1638.08
17/08/2021,1638.08
18/08/2021,1594.47
19/08/2021,1178.64
20/08/2021,900.78
21/08/2021,894.78
22/08/2021,1093.06
23/08/2021,1110.24
24/08/2021,1044.55
25/08/2021,1246.35
26/08/2021,944.53
27/08/2021,1051.02
28/08/2021,1522.25
29/08/2021,2201.61
30/08/2021,2490.85
31/08/2021,2046.1
01/09/2021,1675.74
02/09/2021,1309.06
03/09/2021,1144.62
04/09/2021,956.7
05/09/2021,910.21
06/09/2021,888.21
07/09/2021,888.21
08/09/2021,863.95
09/09/2021,863.95
10/09/2021,1070
11/09/2021,1370
12/09/2021,1581.44
13/09/2021,1162.59
14/09/2021,1329.77
15/09/2021,1333.23
16/09/2021,1353.85
17/09/2021,1140.81
18/09/2021,1839.96
19/09/2021,2542.29
20/09/2021,3127.7
21/09/2021,3447.74
22/09/2021,3732.65
23/09/2021,3637.81
24/09/2021,3323.41
25/09/2021,3175.95
26/09/2021,2970.04
27/09/2021,2626.69
28/09/2021,2448.69
29/09/2021,2333.35
30/09/2021,2062.24
01/10/2021,1815.43
02/10/2021,2064.97
03/10/2021,2242.47
04/10/2021,2448.69
05/10/2021,2374.9
06/10/2021,2584.21
07/10/2021,2412.4
08/10/2021,2639.99
09/10/2021,2823
10/10/2021,3016
11/10/2021,3264.2
12/10/2021,4721.07
13/10/2021,5611.56
14/10/2021,6315.38
15/10/2021,5626.71
16/10/2021,4901.55
17/10/2021,5792.25
18/10/2021,7727.9
19/10/2021,9177.33
20/10/2021,8086.9
21/10/2021,6442.34
22/10/2021,4902.46
23/10/2021,4086.48
24/10/2021,3465.7
25/10/2021,3308.56
26/10/2021,3363.3
27/10/2021,3502.01
28/10/2021,3421.3
29/10/2021,3351.22
30/10/2021,3231.89
31/10/2021,2886.03
01/11/2021,2601.79
02/11/2021,2536.92
03/11/2021,2230.57
04/11/2021,1940.21
05/11/2021,1893.86
06/11/2021,1871.98
07/11/2021,1677.58
08/11/2021,1965.51
09/11/2021,2097.45
10/11/2021,2035.18
11/11/2021,1722.56
12/11/2021,1347.89
13/11/2021,1466.12
14/11/2021,1265.21
15/11/2021,1126.73
16/11/2021,1012.94
17/11/2021,975.36
18/11/2021,934.92
19/11/2021,907.05
20/11/2021,1079.29
21/11/2021,
22/11/2021,1282.46
23/11/2021,1489.54
24/11/2021,1274.27
25/11/2021,1025.95
26/11/2021,907.14
27/11/2021,882.14
28/11/2021,1000.68
29/11/2021,1081.49
30/11/2021,1164.49
01/12/2021,1171.2
02/12/2021,935.86
03/12/2021,1108.36
04/12/2021,1013.31
05/12/2021,1109.31
06/12/2021,1378.65
07/12/2021,1461.88
08/12/2021,1350.68
09/12/2021,1132.2
10/12/2021,969.49
11/12/2021,888.44
12/12/2021,1010.04
13/12/2021,928.78
14/12/2021,766.54
15/12/2021,739.61
16/12/2021,654.22
17/12/2021,814.65
18/12/2021,736.58
19/12/2021,808.65
20/12/2021,906.94
21/12/2021,876.08
22/12/2021,900.86
23/12/2021,851.35
24/12/2021,683.15
25/12/2021,574.09
26/12/2021,695.2
27/12/2021,854.45
28/12/2021,796.52
29/12/2021,689.08
30/12/2021,660.22
31/12/2021,602.46
01/01/2022,700.74
02/01/2022,700.84
03/01/2022,593.83
04/01/2022,534.99
05/01/2022,469
06/01/2022,469
07/01/2022,469
08/01/2022,469
09/01/2022,507.86
10/01/2022,694.84
11/01/2022,694.84
12/01/2022,671.58
13/01/2022,671.58
14/01/2022,556.67
15/01/2022,469
16/01/2022,452.54
17/01/2022,365.46
18/01/2022,539.09
19/01/2022,894.78
20/01/2022,845.26
21/01/2022,694.95
22/01/2022,596.82
23/01/2022,775.59
24/01/2022,863.8
25/01/2022,736.58
26/01/2022,736.58
27/01/2022,736.58
28/01/2022,680.22
29/01/2022,701.53
30/01/2022,820
31/01/2022,694.84
01/02/2022,694.84
02/02/2022,700
03/02/2022,602.09
04/02/2022,545.67
05/02/2022,518.55
06/02/2022,471.5
07/02/2022,546.51
08/02/2022,602.21
09/02/2022,660.22
10/02/2022,637.06
11/02/2022,562.15
12/02/2022,608.26
13/02/2022,667.22
14/02/2022,619.59
15/02/2022,608.09
16/02/2022,540.17
17/02/2022,486.58
18/02/2022,491.08
19/02/2022,417.18
20/02/2022,376.92
21/02/2022,557.73
22/02/2022,648.38
23/02/2022,715.79
24/02/2022,613.83
25/02/2022,501.8
26/02/2022,442.77
27/02/2022,515.59
28/02/2022,894.78
01/03/2022,888.64
02/03/2022,814.59
03/03/2022,790.52
04/03/2022,657.16
05/03/2022,542.86
06/03/2022,501.58
07/03/2022,491.08
08/03/2022,469
09/03/2022,491.25
10/03/2022,688.95
11/03/2022,660.22
12/03/2022,760.52
13/03/2022,984.74
14/03/2022,1051.24
15/03/2022,956.7
16/03/2022,803.32
17/03/2022,725.25
18/03/2022,695.58
19/03/2022,591
20/03/2022,643
21/03/2022,677.51
22/03/2022,631.23
23/03/2022,678.41
24/03/2022,913.22
25/03/2022,950
26/03/2022,1253.67
27/03/2022,3883.41
28/03/2022,7591.24
29/03/2022,6711.08
30/03/2022,4342.28
31/03/2022,2983.24
01/04/2022,2962.01
02/04/2022,3097.66
03/04/2022,2938.12
04/04/2022,2846.72
05/04/2022,2807.42
06/04/2022,3638.88
07/04/2022,5118.77
08/04/2022,6045.06
09/04/2022,6094.71
10/04/2022,5419.96
11/04/2022,6291.44
12/04/2022,6805.84
13/04/2022,6979.22
14/04/2022,7713.41
15/04/2022,8838.92
16/04/2022,8964.71
17/04/2022,7042.18
18/04/2022,5507.94
19/04/2022,3748.22
20/04/2022,2814.73
21/04/2022,2356.38
22/04/2022,2018.19
23/04/2022,2057.69
24/04/2022,2018.46
25/04/2022,2145.3
26/04/2022,3159.38
27/04/2022,5151.1
28/04/2022,4583.35
29/04/2022,4132.65
30/04/2022,4345.89
01/05/2022,3982.18
02/05/2022,4207
03/05/2022,3757.5
04/05/2022,3729
05/05/2022,4426.8
06/05/2022,6971.64
07/05/2022,11564.9
08/05/2022,14221
09/05/2022,15260.9
10/05/2022,12850.3
11/05/2022,10474.3
12/05/2022,7973.79
13/05/2022,6803.5
14/05/2022,5164.6
15/05/2022,4722.62
16/05/2022,3729.03
17/05/2022,3889.64
18/05/2022,3237.5
19/05/2022,3145.6
20/05/2022,3015.02
21/05/2022,3064
22/05/2022,2880
23/05/2022,2631.44
24/05/2022,2631.44
25/05/2022,2455.41
26/05/2022,2170.07
27/05/2022,2266.88
28/05/2022,2407.52
29/05/2022,2736
30/05/2022,3627.68
31/05/2022,6298.22
01/06/2022,11346.9
02/06/2022,15123.2
03/06/2022,15909.7
04/06/2022,15651.3
05/06/2022,12602.8
06/06/2022,10049.9
07/06/2022,7842.14
08/06/2022,6958.22
09/06/2022,7209.83
10/06/2022,8739.08
11/06/2022,9061.24
12/06/2022,7849.74
13/06/2022,6953.66
14/06/2022,5578.1
15/06/2022,4589.53
16/06/2022,3808.5
17/06/2022,3647
18/06/2022,3117
19/06/2022,3390
20/06/2022,3872.99
21/06/2022,5738.92
22/06/2022,7255.82
23/06/2022,7365.49
24/06/2022,7257.16
25/06/2022,9043.32
26/06/2022,13078
27/06/2022,15956.9
28/06/2022,16541.2
29/06/2022,15088.4
30/06/2022,11616.1
01/07/2022,9142.42
02/07/2022,7273.84
03/07/2022,5901.56
04/07/2022,4902.55
05/07/2022,4188.16
06/07/2022,3643.47
07/07/2022,3404.67
08/07/2022,3348.04
09/07/2022,3177.1
10/07/2022,3126.52
11/07/2022,3021.52
12/07/2022,2875.72
13/07/2022,2685.21
14/07/2022,2588.6
15/07/2022,2786.53
16/07/2022,3138
17/07/2022,3116.5
18/07/2022,3479.48
19/07/2022,3866.46
20/07/2022,3814.26
21/07/2022,3465.7
22/07/2022,3421.3
23/07/2022,3213.43
24/07/2022,3185.7
25/07/2022,3078.61
26/07/2022,2902.83
27/07/2022,2597.18
28/07/2022,2179.98
29/07/2022,2167
30/07/2022,2308.35
31/07/2022,2358.85
01/08/2022,2250.97
02/08/2022,2284.42
03/08/2022,2240.87
04/08/2022,2003.36
05/08/2022,1753.58
06/08/2022,2057.58
07/08/2022,2227.81
08/08/2022,2267.97
09/08/2022,2300.88
10/08/2022,2180.39
11/08/2022,2029.94
12/08/2022,2678
13/08/2022,3085
14/08/2022,3316
15/08/2022,3225.12
16/08/2022,3059.57
17/08/2022,2970.04
18/08/2022,2644.39
19/08/2022,2493.42
20/08/2022,2832
21/08/2022,4446.54
22/08/2022,8213.07
23/08/2022,7354.84
24/08/2022,5450.26
25/08/2022,3954.31
26/08/2022,3357.47
27/08/2022,3112.07
28/08/2022,2776.76
29/08/2022,2586.39
30/08/2022,2465.29
31/08/2022,2465.29
01/09/2022,2341.85
02/09/2022,2276.47
03/09/2022,2362
04/09/2022,2216
05/09/2022,2221.47
06/09/2022,2316.86
07/09/2022,2407.1
08/09/2022,2318.47
09/09/2022,2250.97
10/09/2022,2311
11/09/2022,2207.44
12/09/2022,2185.94
13/09/2022,2275.38
14/09/2022,2198.94
15/09/2022,2219.26
16/09/2022,1987.69
17/09/2022,1955.86
18/09/2022,2081.08
19/09/2022,2141.39
20/09/2022,1995.52
21/09/2022,1752.18
22/09/2022,1378.16
23/09/2022,1378.93
24/09/2022,1869.86
25/09/2022,2135
26/09/2022,2159
27/09/2022,2235
28/09/2022,2000
29/09/2022,1556.26
30/09/2022,1539.26
01/10/2022,1582.92
02/10/2022,1905
03/10/2022,1503.6
04/10/2022,1437.83
05/10/2022,1592.47
06/10/2022,1527.74
07/10/2022,1494
08/10/2022,1563
09/10/2022,1645
10/10/2022,3889.57
11/10/2022,4200.88
12/10/2022,3432.8
13/10/2022,2746.49
14/10/2022,4831.46
15/10/2022,12447.3
16/10/2022,13503.3
17/10/2022,12880
18/10/2022,10960.8
19/10/2022,9424.69
20/10/2022,7713.99
21/10/2022,6019.71
22/10/2022,5238
23/10/2022,5150.93
24/10/2022,5805.81
25/10/2022,5298.32
26/10/2022,4230.21
27/10/2022,3206
28/10/2022,3380
29/10/2022,3211
30/10/2022,3211
31/10/2022,2640.06
01/11/2022,2510.84
02/11/2022,2732.92
03/11/2022,2597.36
04/11/2022,3253.54
05/11/2022,3451.98
06/11/2022,3285
07/11/2022,2739.1
08/11/2022,2739.1
09/11/2022,2475.4
10/11/2022,1988.08
11/11/2022,1539.26
12/11/2022,1728
13/11/2022,2057.47
14/11/2022,2104.76
15/11/2022,2136.07
16/11/2022,2317.38
17/11/2022,2248.16
18/11/2022,1784.86
19/11/2022,1940.96
20/11/2022,1881
21/11/2022,1809.89
22/11/2022,1596.48
23/11/2022,1560.05
24/11/2022,1317.5
25/11/2022,1251
26/11/2022,1370
27/11/2022,1453
28/11/2022,1639
29/11/2022,1570
30/11/2022,1488
01/12/2022,1460
02/12/2022,1251
03/12/2022,1070
04/12/2022,1398
05/12/2022,1398
06/12/2022,1272
07/12/2022,1217
08/12/2022,1133
09/12/2022,1091
10/12/2022,1013
11/12/2022,1057
12/12/2022,1168
13/12/2022,1140
14/12/2022,1210
15/12/2022,1147
16/12/2022,1051
17/12/2022,1140
18/12/2022,1175
19/12/2022,1077
20/12/2022,1051
21/12/2022,1026
22/12/2022,913
23/12/2022,863
24/12/2022,814
25/12/2022,814
26/12/2022,814
27/12/2022,814
28/12/2022,907.05
29/12/2022,882.42
30/12/2022,820
31/12/2022,718
01/01/2023,694
02/01/2023,703.67
03/01/2023,742.56
04/01/2023,712.74
05/01/2023,607.96
06/01/2023,480
07/01/2023,477
08/01/2023,515
09/01/2023,654.39
10/01/2023,845.22
11/01/2023,743.23
12/01/2023,616.68
13/01/2023,531
14/01/2023,531
15/01/2023,631.16
16/01/2023,642.47
17/01/2023,585.09
18/01/2023,608.11
19/01/2023,648.38
20/01/2023,620
21/01/2023,488
22/01/2023,616.88
23/01/2023,919.39
24/01/2023,1032
25/01/2023,925.29
26/01/2023,1000.54
27/01/2023,975.59
28/01/2023,863.95
29/01/2023,900.86
30/01/2023,962.81
31/01/2023,833.12
01/02/2023,742.58
02/02/2023,694.84
03/02/2023,665.72
04/02/2023,602
05/02/2023,518.55
06/02/2023,518.55
07/02/2023,579.46
08/02/2023,665.72
09/02/2023,754.53
10/02/2023,766.52
11/02/2023,724
12/02/2023,913
13/02/2023,988.18
14/02/2023,1089.46
15/02/2023,1038.39
16/02/2023,962.93
17/02/2023,760.56
18/02/2023,700
19/02/2023,950
20/02/2023,1051
21/02/2023,1006.68
22/02/2023,1006.68
23/02/2023,857.76
24/02/2023,659.97
25/02/2023,608.09
26/02/2023,637.06
27/02/2023,713.06
28/02/2023,1420.26
01/03/2023,1469.17
02/03/2023,1629.97
03/03/2023,1461.79
04/03/2023,1300
05/03/2023,1371.64
06/03/2023,1295
07/03/2023,1427.33
08/03/2023,1517.82
09/03/2023,1230.06
10/03/2023,1116.93
11/03/2023,1126
12/03/2023,2291.86
13/03/2023,1980.27
14/03/2023,1538.17
15/03/2023,1354.2
16/03/2023,1430.76
17/03/2023,1267.35
18/03/2023,1185.2
19/03/2023,1203
20/03/2023,1170.92
21/03/2023,1137.14
22/03/2023,1107.87
23/03/2023,1110.24
24/03/2023,1119
25/03/2023,1007
26/03/2023,1000.54
27/03/2023,932.02
28/03/2023,796.54
29/03/2023,969
30/03/2023,925.71
31/03/2023,820.65
01/04/2023,882
02/04/2023,888.36
03/04/2023,919.11
04/04/2023,919.11
05/04/2023,913.22
06/04/2023,919.11
07/04/2023,894
08/04/2023,766
09/04/2023,882.11
10/04/2023,931.49
11/04/2023,1011.09
12/04/2023,1050.7
13/04/2023,1295
14/04/2023,1117.06
15/04/2023,1293
16/04/2023,1171.34
17/04/2023,1057.89
18/04/2023,994.29
19/04/2023,894.71
20/04/2023,784.52
21/04/2023,724.63
22/04/2023,778
23/04/2023,1025.52
24/04/2023,1350.64
25/04/2023,1343.94
26/04/2023,1158.14
27/04/2023,1050.75
28/04/2023,1028.95
29/04/2023,907
30/04/2023,863
01/05/2023,1031.89
02/05/2023,1122.97
03/05/2023,1150.97
04/05/2023,1110.56
05/05/2023,997.43
06/05/2023,944
07/05/2023,1070.06
08/05/2023,1976.86
09/05/2023,4152.84
10/05/2023,5006.01
11/05/2023,4419.35
12/05/2023,4444.13
13/05/2023,4744
14/05/2023,3319.62
15/05/2023,2484.1
16/05/2023,2027.19
17/05/2023,1679.58
18/05/2023,1433.65
19/05/2023,1184.99
20/05/2023,1119
21/05/2023,1067.02
22/05/2023,1063.52
23/05/2023,1069.76
24/05/2023,1031.79
25/05/2023,1045
26/05/2023,888
27/05/2023,742
28/05/2023,772.55
29/05/2023,950.59
30/05/2023,1076.43
31/05/2023,1526.56
01/06/2023,1947.69
02/06/2023,1909.57
03/06/2023,1762.0
04/06/2023,1566.16
05/06/2023,1493.17
06/06/2023,1371.64
07/06/2023,1230.06
08/06/2023,1019.54
09/06/2023,894.58
10/06/2023,790.52
11/06/2023,894.52
12/06/2023,962.81
13/06/2023,962.81
14/06/2023,845.68
15/06/2023,797.14
16/06/2023,802.57
17/06/2023,863.0
18/06/2023,1026.0
19/06/2023,1398.0
20/06/2023,1776.15
21/06/2023,1980.7
22/06/2023,1871.15
23/06/2023,1679.57
24/06/2023,1625.0
25/06/2023,1630.92
26/06/2023,1891.3
27/06/2023,7086.34
28/06/2023,7261.0
29/06/2023,5368.18
30/06/2023,4309.65
01/07/2023,3306.0
02/07/2023,2677.31
03/07/2023,2721.64
04/07/2023,2355.88
05/07/2023,2187.89
06/07/2023,1813.62
07/07/2023,1532.16
08/07/2023,1666.0
09/07/2023,1378.15
10/07/2023,1498.81
11/07/2023,2397.11
12/07/2023,2754.93
13/07/2023,2847.26
14/07/2023,5842.05
15/07/2023,11201.0
16/07/2023,14244.0
17/07/2023,16187.5
18/07/2023,14882.7
19/07/2023,12216.7
20/07/2023,9415.31
21/07/2023,6967.89
22/07/2023,5427.7
23/07/2023,4402.0
24/07/2023,3282.54
25/07/2023,2977.07
26/07/2023,2582.68
27/07/2023,2522.0
28/07/2023,2668.0
29/07/2023,2573.0
30/07/2023,2573.0
31/07/2023,2507.11
01/08/2023,2416.44
02/08/2023,2121.87
03/08/2023,1940.96
04/08/2023,1641.08
05/08/2023,1873.0
06/08/2023,1963.69
07/08/2023,1940.77
08/08/2023,1863.38
09/08/2023,1839.38
10/08/2023,1839.38
11/08/2023,1660.49
12/08/2023,2522.0
13/08/2023,3006.0
14/08/2023,3190.0
15/08/2023,3558.19
16/08/2023,5084.82
17/08/2023,4838.08
18/08/2023,3671.39
19/08/2023,3380.0
20/08/2023,3045.0
21/08/2023,2721.64
22/08/2023,2888.57
23/08/2023,2787.94
24/08/2023,2367.86
25/08/2023,2218.71
26/08/2023,2277.0
27/08/2023,2088.97
28/08/2023,2088.97
29/08/2023,2088.97
30/08/2023,2073.44
31/08/2023,1917.36
01/09/2023,1861.86
02/09/2023,2111.0
03/09/2023,1951.52
04/09/2023,2729.33
05/09/2023,4337.14
06/09/2023,7473.42
07/09/2023,9011.04
08/09/2023,10572.3
09/09/2023,12076.0
10/09/2023,12598.3
11/09/2023,13446.9
12/09/2023,14237.6
13/09/2023,13862.9
14/09/2023,12534.4
15/09/2023,10629.6
16/09/2023,9710.0
17/09/2023,8392.9
18/09/2023,7550.41
19/09/2023,6739.49
20/09/2023,5611.85
21/09/2023,5757.23
22/09/2023,6031.96
23/09/2023,5875.31
24/09/2023,5203.53
25/09/2023,4504.85
26/09/2023,4006.87
27/09/2023,3416.93
28/09/2023,3167.31
29/09/2023,3114.81
30/09/2023,3590.0
01/10/2023,4176.18
02/10/2023,3357.47
03/10/2023,2949.67
04/10/2023,2873.83
05/10/2023,3172.12
06/10/2023,3791.66
07/10/2023,6382.0
08/10/2023,11471.3
09/10/2023,13153.8
10/10/2023,14738.5
11/10/2023,17258.7
12/10/2023,19622.3
13/10/2023,20118.7
14/10/2023,17864.1
15/10/2023,16556.0
16/10/2023,16658.0
17/10/2023,16631.0
18/10/2023,14692.3
19/10/2023,13749.3
20/10/2023,17390.3
21/10/2023,21177.0
22/10/2023,24021.0
23/10/2023,26032.0
24/10/2023,25766.0
25/10/2023,23648.3
26/10/2023,20517.0
27/10/2023,16602.8
28/10/2023,13617.0
29/10/2023,11117.2
30/10/2023,10284.5
31/10/2023,11777.4
01/11/2023,15602.6
02/11/2023,18039.0
03/11/2023,19109.9
04/11/2023,19628.2
05/11/2023,18690.0
06/11/2023,19701.0
07/11/2023,23645.7
08/11/2023,24645.4
09/11/2023,21594.7
10/11/2023,17666.5
11/11/2023,14500.0
12/11/2023,12945.0
13/11/2023,12933.9
14/11/2023,12197.0
15/11/2023,11402.1
16/11/2023,11469.2
17/11/2023,12589.1
18/11/2023,14454.0
19/11/2023,17043.0
20/11/2023,20369.0
21/11/2023,25101.0
22/11/2023,30716.0
23/11/2023,32451.6
24/11/2023,27399.6
25/11/2023,26026.1
26/11/2023,20575.0
27/11/2023,18201.9
28/11/2023,16015.0
29/11/2023,13011.4
30/11/2023,11689.2
01/12/2023,11035.6
02/12/2023,10983.0
03/12/2023,10851.2
04/12/2023,10203.3
05/12/2023,9085.21
06/12/2023,7316.51
07/12/2023,6322.57
08/12/2023,6964.0
09/12/2023,8683.0
10/12/2023,9647.56
11/12/2023,10754.6
12/12/2023,10702.1
13/12/2023,9424.69
14/12/2023,8597.58
15/12/2023,7587.36
16/12/2023,6515.0
17/12/2023,5117.03
18/12/2023,4480.17
19/12/2023,4339.63
20/12/2023,4772.2
21/12/2023,3819.75
22/12/2023,3752.0
23/12/2023,3700.6
24/12/2023,3817.0
25/12/2023,3954.0
26/12/2023,4047.65
27/12/2023,4849.81
28/12/2023,4358.18
29/12/2023,4744.0
30/12/2023,4500.0
31/12/2023,4158.0
01/01/2024,3982.18
02/01/2024,3780.0
03/01/2024,3547.98
04/01/2024,3156.81
05/01/2024,2925.46
06/01/2024,3075.0
07/01/2024,3200.0
08/01/2024,2991.8
09/01/2024,2820.46
10/01/2024,2726.0
11/01/2024,2507.11
12/01/2024,2780.03
13/01/2024,3006.0
14/01/2024,2740.64
15/01/2024,2534.68
16/01/2024,2416.88
17/01/2024,2349.86
18/01/2024,2489.1
19/01/2024,3365.28
20/01/2024,7824.98
21/01/2024,8491.23
22/01/2024,9338.53
23/01/2024,10389.0
24/01/2024,9107.0
25/01/2024,7167.0
26/01/2024,5477.0
27/01/2024,4597.0
28/01/2024,4207.0
29/01/2024,3591.89
30/01/2024,3227.0
31/01/2024,2857.03
01/02/2024,2728.21
02/02/2024,2666.94
03/02/2024,2666.94
04/02/2024,2587.29
05/02/2024,2541.92
06/02/2024,2465.74
07/02/2024,2269.21
08/02/2024,2042.54
09/02/2024,2041.47
10/02/2024,2404.0
11/02/2024,2412.0
12/02/2024,2404.0
13/02/2024,2305.97
14/02/2024,2050.54
15/02/2024,2151.81
16/02/2024,2373.96
17/02/2024,2474.19
18/02/2024,2399.02
19/02/2024,2541.92
20/02/2024,2515.18
21/02/2024,2343.42
22/02/2024,1811.0
23/02/2024,1633.18
24/02/2024,2584.21
25/02/2024,2619.42
26/02/2024,2481.91
27/02/2024,2515.18
28/02/2024,2502.97
29/02/2024,2096.39
01/03/2024,1622.19
02/03/2024,2429.0
03/03/2024,3180.06
04/03/2024,3196.2
05/03/2024,3065.07
06/03/2024,2796.6
07/03/2024,2503.91
08/03/2024,2498.18
09/03/2024,2481.91
10/03/2024,2481.91
11/03/2024,2515.18
12/03/2024,2785.74
13/03/2024,3914.18
14/03/2024,4223.9
15/03/2024,3946.86
16/03/2024,3590.0
17/03/2024,3056.27
18/03/2024,2873.83
19/03/2024,2922.84
20/03/2024,3165.87
21/03/2024,6305.37
22/03/2024,8071.12
23/03/2024,8612.0
24/03/2024,7449.33
25/03/2024,6381.78
26/03/2024,5677.7
27/03/2024,4592.48
28/03/2024,3527.0
29/03/2024,3148.0
30/03/2024,3148.0
31/03/2024,2851.0
01/04/2024,2564.0
02/04/2024,2277.71
03/04/2024,1809.35
04/04/2024,1894.07
05/04/2024,1977.97
06/04/2024,2547.0
07/04/2024,2508.41
08/04/2024,2375.36
09/04/2024,2315.41
10/04/2024,2532.84
11/04/2024,2637.57
12/04/2024,3011.02
13/04/2024,3201.0
14/04/2024,3211.56
15/04/2024,3223.93
16/04/2024,3050.01
17/04/2024,3556.81
18/04/2024,6394.16
19/04/2024,7927.82
20/04/2024,8337.0
21/04/2024,8021.08
22/04/2024,6969.16
23/04/2024,5771.42
24/04/2024,4973.53
25/04/2024,4849.88
26/04/2024,4797.02
27/04/2024,5977.0
28/04/2024,6099.81
29/04/2024,5286.62
30/04/2024,4580.12
01/05/2024,4511.13
02/05/2024,4582.35
03/05/2024,6968.94
04/05/2024,9916.0
05/05/2024,12989.0
06/05/2024,18819.8
07/05/2024,23633.4
08/05/2024,26769.5
09/05/2024,26681.4
10/05/2024,23488.9
11/05/2024,20260.8
12/05/2024,16918.2
13/05/2024,14824.4
14/05/2024,12377.6
15/05/2024,10385.3
16/05/2024,9753.61
17/05/2024,9554.03
18/05/2024,9597.0
19/05/2024,7990.16
20/05/2024,7273.16
21/05/2024,6948.22
22/05/2024,8038.95
23/05/2024,8900.42
24/05/2024,8404.62
25/05/2024,7787.08
26/05/2024,8131.88
27/05/2024,8310.53
28/05/2024,9298.37
29/05/2024,9212.04
30/05/2024,8436.49
31/05/2024,7491.68
01/06/2024,5937.26
02/06/2024,5189.22
03/06/2024,4550.35
04/06/2024,3923.64
05/06/2024,3566.72
06/06/2024,3256.62
07/06/2024,3249.41
08/06/2024,3500.2
09/06/2024,3212.9
10/06/2024,2823.26
11/06/2024,2676.07
12/06/2024,2731.14
13/06/2024,2461.64
14/06/2024,2308.86
15/06/2024,2552.1
16/06/2024,2639.0
17/06/2024,2473.79
18/06/2024,2757.96
19/06/2024,3015.61
20/06/2024,4044.89
21/06/2024,6412.0
22/06/2024,10215.0
23/06/2024,11217.7
24/06/2024,11377.3
25/06/2024,10461.1
26/06/2024,9616.87
27/06/2024,8473.32
28/06/2024,8830.61
29/06/2024,9107.0
30/06/2024,9157.12
01/07/2024,8473.32
02/07/2024,7035.17
03/07/2024,6217.85
04/07/2024,4895.88
05/07/2024,3924.68
06/07/2024,3692.0
07/07/2024,3238.7
08/07/2024,3395.09
09/07/2024,3999.0
10/07/2024,4564.21
11/07/2024,8482.11
12/07/2024,10401.1
13/07/2024,9841.0
14/07/2024,7812.01
15/07/2024,7095.39
16/07/2024,8136.08
17/07/2024,8762.87
18/07/2024,9085.08
19/07/2024,8718.0
20/07/2024,6949.0
21/07/2024,5662.02
22/07/2024,4468.35
23/07/2024,4145.16
24/07/2024,3646.22
25/07/2024,3135.81
26/07/2024,3135.81
27/07/2024,3117.0
28/07/2024,2747.76
29/07/2024,2693.85
30/07/2024,2881.17
31/07/2024,2709.26
01/08/2024,2608.71
02/08/2024,3116.5
03/08/2024,3537.0
04/08/2024,3149.45
05/08/2024,2940.46
06/08/2024,2749.79
07/08/2024,2570.92
08/08/2024,2638.93
09/08/2024,3453.87
10/08/2024,4256.0
11/08/2024,4768.0
12/08/2024,4772.58
13/08/2024,4224.17
14/08/2024,3612.67
15/08/2024,2992.96
16/08/2024,2517.47
17/08/2024,2556.0
18/08/2024,2465.29
19/08/2024,2382.91
20/08/2024,2277.07
21/08/2024,2259.5
22/08/2024,2179.3
23/08/2024,2155.81
24/08/2024,2573.0
25/08/2024,2524.26
26/08/2024,2718.76
27/08/2024,4004.25
28/08/2024,4249.18
29/08/2024,3492.55
30/08/2024,2977.07
31/08/2024,2736.0
01/09/2024,2524.68
02/09/2024,2481.91
03/09/2024,2481.91
04/09/2024,2213.39
05/09/2024,1917.16
06/09/2024,1731.5
07/09/2024,1873.0
08/09/2024,1916.77
09/09/2024,1932.77
10/09/2024,1890.21
11/09/2024,1750.93
12/09/2024,1626.2
13/09/2024,1581.44
14/09/2024,1833.0
15/09/2024,1913.99
16/09/2024,1847.85
17/09/2024,1777.85
18/09/2024,1840.84
19/09/2024,1679.92
20/09/2024,1427.22
21/09/2024,1659.0
22/09/2024,1860.52
23/09/2024,3109.38
24/09/2024,3146.81
25/09/2024,3414.05
26/09/2024,3220.81
27/09/2024,3020.78
28/09/2024,3516.0
29/09/2024,3809.38
30/09/2024,3878.3
01/10/2024,3493.67
02/10/2024,2779.68
03/10/2024,2198.94
04/10/2024,2104.76
05/10/2024,2328.0
06/10/2024,2264.57
07/10/2024,2010.89
08/10/2024,2002.89
09/10/2024,1983.36
10/10/2024,2018.46
11/10/2024,2103.0
12/10/2024,2649.0
13/10/2024,3527.0
14/10/2024,7521.32
15/10/2024,8817.34
16/10/2024,7661.26
17/10/2024,6108.23
18/10/2024,5150.03
19/10/2024,4859.0
20/10/2024,4407.03
21/10/2024,3814.5
22/10/2024,3405.3
23/10/2024,3100.84
24/10/2024,2571.41
25/10/2024,2316.85
26/10/2024,2890.0
27/10/2024,2918.62
28/10/2024,3334.69
29/10/2024,3289.38
30/10/2024,3141.61
31/10/2024,2707.18
01/11/2024,2416.44
02/11/2024,2404.0
03/11/2024,2252.16
04/11/2024,2045.96
05/11/2024,1932.39
06/11/2024,1926.21
07/11/2024,1739.22
08/11/2024,2163.44
09/11/2024,2421.0
10/11/2024,2490.11
11/11/2024,2754.12
12/11/2024,3337.11
13/11/2024,2758.07
14/11/2024,2368.94
15/11/2024,2270.86
16/11/2024,2480.0
17/11/2024,2421.0
18/11/2024,1910.21
19/11/2024,1821.35
20/11/2024,1644.12
21/11/2024,1475.43
22/11/2024,1406.76
23/11/2024,1728.0
24/11/2024,1785.89
25/11/2024,1994.19
26/11/2024,2361.91
27/11/2024,2269.11
28/11/2024,1980.27
29/11/2024,1658.74
30/11/2024,2048.0
01/12/2024,3615.0
02/12/2024,3567.17
03/12/2024,3570.01
04/12/2024,3476.72
05/12/2024,4527.71
06/12/2024,4883.99
07/12/2024,4524.0
08/12/2024,4101.0
09/12/2024,4067.0
10/12/2024,5667.21
11/12/2024,8791.94
12/12/2024,8703.25
13/12/2024,6488.5
14/12/2024,5657.0
15/12/2024,4475.91
16/12/2024,3581.37
17/12/2024,2960.17
18/12/2024,2645.94
19/12/2024,2428.96
20/12/2024,2162.98
21/12/2024,2167.0
22/12/2024,2077.69
23/12/2024,1995.04
24/12/2024,2016.0
25/12/2024,1820.09
26/12/2024,1709.3
27/12/2024,1545.86
28/12/2024,1503.82
29/12/2024,1460.0
30/12/2024,1307.0
31/12/2024,1140.0
01/01/2025,1076.86
02/01/2025,1070.52
03/01/2025,987.79
04/01/2025,1020.0
05/01/2025,1070.0
06/01/2025,1019.31
07/01/2025,944.2
08/01/2025,894.52
09/01/2025,1000.54
10/01/2025,1007.0
11/01/2025,1133.0
12/01/2025,1518.26
13/01/2025,1552.97
14/01/2025,1517.98
15/01/2025,1336.73
16/01/2025,1154.99
17/01/2025,938.11
18/01/2025,988.0
19/01/2025,1092.76
20/01/2025,1129.49
21/01/2025,1218.94
22/01/2025,1231.0
23/01/2025,1091.19
24/01/2025,1025.68
25/01/2025,1130.31
26/01/2025,1287.89
27/01/2025,1455.54
28/01/2025,1549.47
29/01/2025,1602.2
30/01/2025,1482.48
31/01/2025,1405.0
01/02/2025,1857.0
02/02/2025,1802.0
03/02/2025,1597.0
04/02/2025,1329.89
05/02/2025,1198.29
06/02/2025,1104.86
07/02/2025,901.08
08/02/2025,950.0
09/02/2025,1229.03
10/02/2025,1329.77
11/02/2025,1301.94
12/02/2025,1233.05
13/02/2025,1078.89
14/02/2025,913.02
15/02/2025,1057.0
16/02/2025,1267.2
17/02/2025,1188.05
18/02/2025,1157.97
19/02/2025,1123.93
20/02/2025,1074.02
21/02/2025,1051.0
22/02/2025,1026.0
23/02/2025,1143.49
24/02/2025,1201.83
25/02/2025,1225.83
26/02/2025,1343.65
27/02/2025,1233.29
28/02/2025,1118.53
01/03/2025,1300.0
02/03/2025,1597.0
03/03/2025,1748.0
04/03/2025,1716.08
05/03/2025,1558.98
06/03/2025,1165.14
07/03/2025,1019.68
08/03/2025,1000.45
09/03/2025,1057.36
10/03/2025,1129.64
11/03/2025,1137.93
12/03/2025,1057.2
13/03/2025,1006.81
14/03/2025,833.12
15/03/2025,712.0
16/03/2025,754.53
17/03/2025,724.74
18/03/2025,637.06
19/03/2025,701.11
20/03/2025,784.52
21/03/2025,648.16
22/03/2025,591.0
23/03/2025,536.0
24/03/2025,683.0
25/03/2025,648.16
26/03/2025,562.67
27/03/2025,718.61
28/03/2025,668.65
29/03/2025,706.0
30/03/2025,975.41
31/03/2025,1088.86
01/04/2025,1164.2
02/04/2025,1322.77
03/04/2025,1274.2
04/04/2025,1144.67
05/04/2025,1064.0
06/04/2025,1188.05
07/04/2025,1274.0
08/04/2025,1240.05
09/04/2025,1107.7
10/04/2025,1035.1
11/04/2025,1019.31
12/04/2025,1039.0
13/04/2025,1409.66
14/04/2025,1454.88
15/04/2025,1500.98
16/04/2025,1531.4
17/04/2025,1391.0
18/04/2025,1770.0
19/04/2025,2072.0
20/04/2025,1932.39
21/04/2025,1773.89
22/04/2025,1580.47
23/04/2025,1224.14
24/04/2025,994.43
25/04/2025,891.71
26/04/2025,870.0
27/04/2025,1253.44
28/04/2025,1161.14
29/04/2025,1211.83
30/04/2025,1130.31
01/05/2025,1064.0
02/05/2025,894.0
03/05/2025,796.0
04/05/2025,906.94
05/05/2025,906.94
06/05/2025,888.51
07/05/2025,730.7
08/05/2025,567.98
09/05/2025,488.3
10/05/2025,493.0
11/05/2025,1646.43
12/05/2025,2601.56
13/05/2025,2490.79
14/05/2025,2349.86
15/05/2025,2248.16
16/05/2025,1849.12
17/05/2025,1488.0
18/05/2025,1130.86
19/05/2025,1025.6
20/05/2025,1032.24
21/05/2025,1032.24
22/05/2025,969.49
23/05/2025,950.0
24/05/2025,814.0
25/05/2025,787.68
26/05/2025,950.29
27/05/2025,1455.98
28/05/2025,1777.49
29/05/2025,2672.33
30/05/2025,4622.0
31/05/2025,6352.0
01/06/2025,6631.5
02/06/2025,6106.4
03/06/2025,5516.96
04/06/2025,4200.18
05/06/2025,3246.9
06/06/2025,2861.0
07/06/2025,3885.0
08/06/2025,4484.83
09/06/2025,4791.31
10/06/2025,4646.04
11/06/2025,3086.04
12/06/2025,2674.69
13/06/2025,2310.52
14/06/2025,2547.0
15/06/2025,2547.0
16/06/2025,2431.79
17/06/2025,2799.03
18/06/2025,3259.2
19/06/2025,4586.41
20/06/2025,6559.0
21/06/2025,9916.0
22/06/2025,12201.0
23/06/2025,14462.9
24/06/2025,15609.2
25/06/2025,14482.5
26/06/2025,14581.2
27/06/2025,14671.3
28/06/2025,13122.0
29/06/2025,10341.5
30/06/2025,9182.3
01/07/2025,10448.0
02/07/2025,14944.2
03/07/2025,17343.4
04/07/2025,18056.8
05/07/2025,15319.4
06/07/2025,11851.0
07/07/2025,9568.68
08/07/2025,7524.33
09/07/2025,5835.67
10/07/2025,4734.14
11/07/2025,4175.66
12/07/2025,3591.89
13/07/2025,3253.56
14/07/2025,2991.67
15/07/2025,2740.64
16/07/2025,2508.41
17/07/2025,2408.41
18/07/2025,2452.47
19/07/2025,2577.79
20/07/2025,2573.0
21/07/2025,2333.86
22/07/2025,2316.86
23/07/2025,2281.07
24/07/2025,2162.3
25/07/2025,2096.87
26/07/2025,2193.0
27/07/2025,2277.0
28/07/2025,2277.0
29/07/2025,2639.0
30/07/2025,3817.0
31/07/2025,4168.84
01/08/2025,4609.0
02/08/2025,4231.0
03/08/2025,3573.17
04/08/2025,2977.07
05/08/2025,2846.42
06/08/2025,3275.67
07/08/2025,5654.17
08/08/2025,6767.55
09/08/2025,5949.0
10/08/2025,4517.23
11/08/2025,4138.71
12/08/2025,4493.07
13/08/2025,4296.97
14/08/2025,3531.48
15/08/2025,3401.0
16/08/2025,3096.0
17/08/2025,2812.93
18/08/2025,2507.97
19/08/2025,2424.06
20/08/2025,2333.35
21/08/2025,2315.88
22/08/2025,2465.29
23/08/2025,2575.99
24/08/2025,2295.0
25/08/2025,2505.0
26/08/2025,2823.0
27/08/2025,2861.0
28/08/2025,2675.21
29/08/2025,3718.49
30/08/2025,4292.0
31/08/2025,3738.0
01/09/2025,3338.0
02/09/2025,2989.0
03/09/2025,2871.0
04/09/2025,2765.59
05/09/2025,2907.23
06/09/2025,3772.0
07/09/2025,4280.0
08/09/2025,4548.0
09/09/2025,4451.0
10/09/2025,4634.0
11/09/2025,4604.91
12/09/2025,4604.91
13/09/2025,5977.0
14/09/2025,6633.0
15/09/2025,5588.0
16/09/2025,4292.0
17/09/2025,3772.0
18/09/2025,3241.21
19/09/2025,3019.27
20/09/2025,3180.0
21/09/2025,2996.0
22/09/2025,2803.0
23/09/2025,3919.0
24/09/2025,5095.0
25/09/2025,6512.44
26/09/2025,8670.92
27/09/2025,9616.0
28/09/2025,7970.0
29/09/2025,6146.0
30/09/2025,4886.0
01/10/2025,4941.01
02/10/2025,5250.27
03/10/2025,5769.0
04/10/2025,5504.0
05/10/2025,5894.0
06/10/2025,5796.0
07/10/2025,5722.85
08/10/2025,5243.82
09/10/2025,5147.0
10/10/2025,5491.0
11/10/2025,5643.0
12/10/2025,4564.17
13/10/2025,3831.88
14/10/2025,4794.0
15/10/2025,4872.0
16/10/2025,4475.0
17/10/2025,5277.0
18/10/2025,4426.0
19/10/2025,5055.0
20/10/2025,7292.0
21/10/2025,8727.87
22/10/2025,8183.32
23/10/2025,6619.0
24/10/2025,5395.0
25/10/2025,4067.0
26/10/2025,3485.0
27/10/2025,3369.0
28/10/2025,3222.0
29/10/2025,3064.0
30/10/2025,3116.73
31/10/2025,3632.76
01/11/2025,5029.0
02/11/2025,5029.0
03/11/2025,4500.0
04/11/2025,3531.48
05/11/2025,3158.02
06/11/2025,3117.0
07/11/2025,3295.0
08/11/2025,2898.33
09/11/2025,3590.0
10/11/2025,4744.0
11/11/2025,4899.0
12/11/2025,4846.0
13/11/2025,3868.69
14/11/2025,3101.54
15/11/2025,2463.0
16/11/2025,2243.0
17/11/2025,2243.0
18/11/2025,2294.0
19/11/2025,2336.88
20/11/2025,2458.82
21/11/2025,2697.0
22/11/2025,2678.0
23/11/2025,2547.0
24/11/2025,2300.92
25/11/2025,2267.97
26/11/2025,2176.0
27/11/2025,1968.0
28/11/2025,1700.0
29/11/2025,1591.0
30/11/2025,1673.0
01/12/2025,1673.0
02/12/2025,1881.0
03/12/2025,1881.0
04/12/2025,1710.66
05/12/2025,1986.74
06/12/2025,2080.0
07/12/2025,2000.0
08/12/2025,1841.0
09/12/2025,1687.0
10/12/2025,1716.38
11/12/2025,1638.08
12/12/2025,1638.08
13/12/2025,1604.0
14/12/2025,1728.0
15/12/2025,1849.0
16/12/2025,1857.0
17/12/2025,2072.0
18/12/2025,1948.77
19/12/2025,1793.89
20/12/2025,1762.0
21/12/2025,1889.0
22/12/2025,1707.0
23/12/2025,1818.0
24/12/2025,2362.0
25/12/2025,4695.0
26/12/2025,4886.0
27/12/2025,5769.0
28/12/2025,6338.0
29/12/2025,6005.0
30/12/2025,5643.0
31/12/2025,5317.0
01/01/2026,5840.75
02/01/2026,5654.01
03/01/2026,5351.06
04/01/2026,6116.0
05/01/2026,8020.0
06/01/2026,7636.0
07/01/2026,5338.27
08/01/2026,4045.46
09/01/2026,3506.0
10/01/2026,3338.0
11/01/2026,2919.0
12/01/2026,2813.0
13/01/2026,2564.0
14/01/2026,2716.0
15/01/2026,2375.36
16/01/2026,2259.5
17/01/2026,2200.0
18/01/2026,2277.0
19/01/2026,2127.0
20/01/2026,2210.0
21/01/2026,2193.0
22/01/2026,2080.0
23/01/2026,2080.0
24/01/2026,1937.0
25/01/2026,1802.0
26/01/2026,1707.0
27/01/2026,1584.0
28/01/2026,1391.0
29/01/2026,1265.0
30/01/2026,1084.0
31/01/2026,1342.0
01/02/2026,1639.0
02/02/2026,1841.0
03/02/2026,1786.0
04/02/2026,1639.0
05/02/2026,1392.13
06/02/2026,1267.27
07/02/2026,1405.0
08/02/2026,1673.0
09/02/2026,1721.0
10/02/2026,1786.0
11/02/2026,1755.0
12/02/2026,1515.27
13/02/2026,1301.89
14/02/2026,1488.0
15/02/2026,1501.0
16/02/2026,1549.0
17/02/2026,1707.0
18/02/2026,1996.08
19/02/2026,1423.14
20/02/2026,1239.83
21/02/2026,1315.85
22/02/2026,1406.72
23/02/2026,1605.3
24/02/2026,1995.04
25/02/2026,1910.43
26/02/2026,1509.93
27/02/2026,1219.29
28/02/2026,1321.0
01/03/2026,1515.0
02/03/2026,1563.0
03/03/2026,1542.0
04/03/2026,1515.0
05/03/2026,1288.44
06/03/2026,1085.89
07/03/2026,932.0
08/03/2026,932.0
09/03/2026,982.0
10/03/2026,1051.0
11/03/2026,1084.0
12/03/2026,1013.1
13/03/2026,1010.29
14/03/2026,901.0
15/03/2026,839.0
16/03/2026,907.0
17/03/2026,1007.0
18/03/2026,778.56
19/03/2026,579.23
20/03/2026,553.0
21/03/2026,563.0
22/03/2026,932.0
23/03/2026,870.0
24/03/2026,888.21
25/03/2026,872.9
26/03/2026,894.0
27/03/2026,826.0
28/03/2026,957.0
29/03/2026,1251.0
30/03/2026,1300.0
31/03/2026,1274.06
01/04/2026,1239.94
02/04/2026,1147.0
03/04/2026,913.0
04/04/2026,876.0
05/04/2026,925.0
06/04/2026,857.0
07/04/2026,839.0
08/04/2026,833.22
09/04/2026,906.94
10/04/2026,976.0
11/04/2026,1161.0
12/04/2026,1453.0
13/04/2026,1536.0
14/04/2026,1724.16
15/04/2026,2018.46
16/04/2026,2080.0
17/04/2026,1865.0
18/04/2026,1515.0
19/04/2026,1231.0
20/04/2026,1307.0
21/04/2026,1265.0
22/04/2026,1178.34
23/04/2026,1122.03
24/04/2026,1013.0
25/04/2026,1016.52
26/04/2026,1492.7
27/04/2026,2353.0
28/04/2026,2639.0
29/04/2026,2921.53
30/04/2026,2507.97
01/05/2026,2345.0
02/05/2026,1968.0
03/05/2026,1873.0
04/05/2026,2639.0
05/05/2026,3752.49
06/05/2026,4102.66
07/05/2026,3954.0
08/05/2026,3338.0
09/05/2026,3127.0
10/05/2026,3211.0
11/05/2026,3127.0
12/05/2026,2727.94
13/05/2026,2355.38
14/05/2026,2032.0
15/05/2026,1748.0
16/05/2026,1693.0
17/05/2026,1597.0
18/05/2026,1489.67
19/05/2026,1441.54
20/05/2026,1570.0
21/05/2026,1467.0
22/05/2026,1258.0
23/05/2026,1119.0
24/05/2026,1224.0
25/05/2026,1196.0
26/05/2026,1140.0
27/05/2026,1070.0
28/05/2026,1181.42
29/05/2026,1225.83
30/05/2026,1491.36
31/05/2026,1889.0
01/06/2026,2024.0
02/06/2026,2002.89
03/06/2026,1858.93
04/06/2026,1721.0
05/06/2026,1467.0
06/06/2026,1563.0
07/06/2026,1556.0
08/06/2026,1597.0
09/06/2026,1377.0
10/06/2026,1281.2
11/06/2026,1233.05
12/06/2026,1210.0
13/06/2026,1224.0
14/06/2026,1391.0
15/06/2026,1632.0
16/06/2026,1639.0
17/06/2026,1461.79
18/06/2026,1326.35
19/06/2026,1370.0
20/06/2026,1529.0
21/06/2026,1666.0
22/06/2026,1556.0
23/06/2026,1467.0
24/06/2026,1421.04
25/06/2026,1914.69
26/06/2026,2529.64
27/06/2026,3359.0
28/06/2026,3274.0
29/06/2026,2699.71
30/06/2026,3945.28
01/07/2026,7701.12
02/07/2026,9820.12
03/07/2026,10864.0
04/07/2026,9732.49
05/07/2026,10508.0
06/07/2026,11973.7
07/07/2026,10983.2
08/07/2026,8657.82
09/07/2026,6005.0
10/07/2026,4463.0
11/07/2026,3615.98
12/07/2026,3295.0
13/07/2026,3064.0
14/07/2026,4126.65
15/07/2026,4624.01
16/07/2026,5016.0
17/07/2026,5369.0
18/07/2026,5134.0
19/07/2026,4561.0
20/07/2026,3908.0
21/07/2026,3965.0
22/07/2026,4256.0
23/07/2026,5081.0
24/07/2026,8304.0
25/07/2026,11482.3
26/07/2026,10384.0
27/07/2026,16530.0
28/07/2026,15764.0
29/07/2026,13210.0
30/07/2026,10508.0
31/07/2026,8648.0
01/08/2026,7736.0
02/08/2026,10065.0
03/08/2026,11322.0
04/08/2026,10765.0
05/08/2026,8913.0
06/08/2026,6633.0
07/08/2026,5134.0
08/08/2026,5029.0
09/08/2026,5504.0
10/08/2026,5616.0
11/08/2026,5921.0
12/08/2026,6033.0
13/08/2026,5852.0
14/08/2026,5852.0
15/08/2026,7121.0
16/08/2026,6781.0
17/08/2026,7417.0
18/08/2026,8070.0
19/08/2026,7542.0
20/08/2026,6692.0
21/08/2026,5796.0
22/08/2026,4341.0
23/08/2026,3495.0
24/08/2026,3411.0
25/08/2026,3327.0
26/08/2026,3016.0
27/08/2026,2929.0
28/08/2026,2823.0
29/08/2026,2591.0
30/08/2026,3075.0
31/08/2026,3897.0